0.40 0.49 0.49 0.49 0.49 0.49 4.14 4.87 4.98 5.54 5.32 4.94 4.40 0.49 0.49 0.49 0.49 0.49 0.49 0.49 0.39 0.37 0.32 0.19 0.33 0.33 0.36 0.49 0.49 0.49 0.49 0.49 0.49 0.49 0.49 0.33 0.49 0.49 0.49 0.46 0.46 0.49 0.45 0.36 0.30 0.00 1.03 0.25
0.45 0.49 0.49 0.49 0.49 0.49 4.58 5.09 5.63 12.88 6.02 5.33 4.91 0.49 0.49 0.49 0.49 0.49 0.49 0.49 0.40 0.45 0.40 0.27 0.31 0.46 0.49 0.49 0.49 0.49 0.49 0.49 0.49 0.49 0.49 0.49 0.49 0.49 0.49 0.49 0.49 0.49 0.49 0.43 0.43 0.00 0.00 1.52
0.46 0.49 0.49 0.49 0.49 0.49 4.65 6.01 10.69 9.74 12.43 5.97 4.92 3.65 0.00 0.00 0.49 0.49 0.49 0.49 0.49 0.49 0.35 0.22 0.39 0.49 0.49 0.49 0.49 0.49 0.49 0.49 0.49 0.49 0.49 0.49 0.49 0.49 0.49 0.49 0.49 0.49 0.49 0.45 0.49 0.94 0.96 0.97
0.49 0.49 0.49 0.49 0.49 0.25 4.46 4.59 5.54 10.03 5.57 5.49 4.34 4.26 0.00 0.00 0.13 0.49 0.49 0.49 0.49 0.49 0.39 0.44 0.49 0.49 0.49 0.49 0.49 3.75 3.51 3.75 3.25 3.39 2.60 2.56 0.49 0.22 0.49 0.49 0.49 0.49 0.32 1.39 0.49 0.49 0.31 0.42
0.49 0.49 0.49 0.49 0.49 0.00 0.00 0.00 5.18 5.99 5.30 4.98 4.07 4.72 4.53 5.27 4.97 3.96 3.92 0.49 0.49 0.49 0.49 0.49 0.49 0.49 0.18 0.49 3.53 4.26 5.22 5.49 4.61 3.90 4.13 3.06 3.54 4.10 4.58 3.47 0.49 0.49 0.49 0.49 0.49 0.49 0.34 0.31
0.49 0.49 0.49 0.49 0.49 0.00 0.00 0.00 4.64 5.28 4.17 4.80 3.96 4.90 5.13 6.19 5.26 4.55 3.98 3.71 0.49 0.49 0.49 0.49 0.49 0.49 0.49 0.49 3.96 4.59 4.79 6.03 5.95 4.42 4.40 3.26 4.12 4.89 4.77 5.11 4.28 0.49 0.49 0.49 0.49 0.49 0.49 0.29
0.49 0.49 0.49 4.62 0.49 0.00 0.00 0.00 3.75 3.64 4.02 3.76 4.65 5.54 5.84 8.61 5.44 5.02 4.90 4.22 0.49 0.49 0.49 0.49 0.49 0.49 0.49 4.13 4.92 5.32 5.64 10.76 5.76 5.51 4.81 4.37 4.67 5.59 5.65 5.77 4.85 4.56 0.49 0.49 0.49 0.49 0.45 0.35
0.49 4.12 5.37 4.50 5.16 4.38 0.49 2.50 3.78 3.60 3.39 4.13 4.75 5.81 14.70 8.20 10.35 5.36 4.53 4.01 3.13 0.49 0.49 0.49 0.49 0.49 3.76 4.73 5.20 5.20 10.56 10.58 12.70 5.96 5.62 4.51 5.36 5.58 12.11 5.36 5.63 4.45 0.49 0.49 0.49 0.49 0.49 0.46
4.58 5.00 5.12 6.28 5.41 4.69 4.16 3.77 3.35 2.11 2.97 4.13 4.52 5.41 5.80 15.07 5.82 5.43 5.14 3.96 2.97 0.49 0.49 0.49 0.49 0.49 4.27 4.84 5.92 4.21 5.36 11.48 5.68 5.35 4.46 4.66 5.31 9.00 13.60 8.20 5.39 5.32 0.49 0.49 0.49 0.49 0.49 0.42
4.50 5.42 5.57 12.28 5.45 5.09 4.33 0.15 2.96 1.64 2.97 4.19 3.95 0.00 0.00 0.00 0.00 4.91 4.24 3.55 2.55 1.82 0.49 0.49 0.49 0.49 4.32 5.31 5.84 0.00 0.00 0.00 5.45 5.23 4.13 4.76 5.54 5.28 9.34 5.82 5.15 5.00 3.71 0.49 0.49 0.49 0.49 0.39
4.61 5.67 10.55 11.35 12.66 5.97 5.12 0.00 0.00 3.10 2.08 3.04 3.33 0.00 0.00 0.00 0.00 4.29 3.46 3.04 2.16 0.49 0.49 0.22 0.49 0.49 0.49 4.06 4.60 0.00 0.00 0.00 4.71 4.21 4.43 4.99 4.90 5.65 5.25 5.23 5.29 4.63 3.73 0.49 0.49 0.49 0.49 0.38
4.55 4.90 5.02 11.21 5.61 5.28 4.78 0.00 0.00 3.05 3.51 2.73 3.61 0.35 4.25 3.34 4.25 3.44 3.48 3.15 2.25 0.49 0.49 0.49 2.07 2.30 0.49 0.49 3.92 0.00 0.00 0.00 4.09 5.09 5.42 5.16 5.68 4.88 4.82 4.82 4.62 3.21 3.38 0.49 0.49 0.49 0.49 0.49
3.81 4.81 0.31 5.66 5.21 4.56 4.26 3.35 3.47 3.85 4.19 4.18 3.72 3.19 2.98 3.24 3.28 3.77 3.00 2.62 2.52 2.57 0.49 0.49 0.49 2.11 2.28 2.46 3.18 2.93 3.37 4.01 4.08 5.43 5.42 10.28 5.39 5.37 4.62 4.14 3.02 3.54 1.67 2.48 2.39 0.49 0.49 0.49
0.49 4.15 4.88 5.27 5.03 3.96 3.71 3.28 3.80 4.91 5.11 4.95 4.24 3.83 2.89 3.35 3.92 4.06 4.13 3.56 2.85 2.36 1.93 2.20 0.49 0.49 2.07 3.05 3.30 3.39 4.29 4.18 4.36 5.46 10.35 8.20 8.20 5.10 5.30 3.60 0.16 2.42 2.68 0.49 3.03 0.49 0.49 0.49
0.49 0.49 3.88 4.25 3.51 3.79 2.74 4.15 4.92 5.16 5.73 5.33 4.53 3.76 3.71 4.52 5.05 5.45 4.89 4.42 3.57 2.60 2.64 0.49 2.18 2.72 3.44 3.51 4.21 4.12 4.97 4.29 4.96 5.76 6.06 9.05 5.86 6.04 5.14 3.95 0.00 0.00 3.69 3.53 3.94 3.89 0.49 0.49
0.49 0.49 0.49 0.49 2.94 3.11 3.92 4.57 4.67 5.15 11.14 5.85 5.48 5.44 4.26 4.73 5.51 6.20 5.29 5.04 4.03 3.32 2.76 2.14 2.00 3.30 3.51 4.32 5.00 5.34 5.72 5.26 4.91 5.10 5.15 5.96 5.44 4.87 4.18 3.50 0.00 0.00 4.40 4.92 4.86 5.09 4.48 3.69
0.49 0.49 0.49 0.49 3.09 2.96 4.16 5.14 5.57 11.02 10.60 8.20 5.65 5.00 4.83 5.83 5.75 8.20 5.81 5.33 4.65 4.04 3.15 2.54 2.30 3.22 4.35 4.59 5.31 5.81 10.07 5.11 5.22 4.71 4.78 4.86 5.07 3.98 3.25 3.07 3.78 4.47 4.84 5.31 5.33 5.77 4.52 4.30
0.49 0.49 0.49 0.49 0.49 2.99 4.18 4.45 5.70 5.67 11.65 6.02 5.43 4.76 4.72 5.57 9.14 10.90 15.07 5.43 5.20 4.01 3.68 2.41 2.31 3.42 3.85 4.84 6.03 10.85 9.92 10.19 5.46 4.67 3.77 0.00 0.00 3.17 2.35 2.97 3.85 4.56 5.46 5.36 11.42 5.72 5.23 5.29
0.35 0.45 0.46 0.49 0.49 3.39 3.74 4.12 4.76 5.40 5.19 5.48 4.62 4.03 4.60 5.49 5.34 12.28 5.43 5.08 4.51 0.12 3.39 2.80 2.75 3.48 4.08 5.71 5.86 5.65 8.41 5.59 5.40 4.83 3.70 0.00 0.00 2.60 2.56 3.50 3.65 4.94 5.36 10.11 12.43 9.68 5.89 4.99
0.41 0.37 0.49 0.49 0.49 0.49 3.54 3.98 4.19 4.50 4.96 4.60 4.28 3.56 4.20 4.18 4.99 5.80 5.63 4.65 4.35 3.33 2.93 2.01 2.55 3.15 3.55 4.46 4.43 5.57 5.76 5.19 4.52 4.13 3.44 0.00 0.00 1.74 2.31 2.71 4.13 4.71 5.51 5.10 10.03 5.35 5.20 4.49
0.40 0.38 0.47 0.45 0.49 0.49 0.49 2.81 3.45 4.20 3.67 4.01 4.14 3.84 0.35 4.15 4.37 4.75 4.68 4.51 3.55 3.11 2.41 1.59 2.11 2.41 2.90 3.33 4.19 4.78 4.90 5.03 4.52 3.79 3.04 0.00 0.00 1.90 2.57 2.92 3.69 4.07 4.58 5.22 5.76 5.84 4.59 3.85
0.35 0.45 0.49 0.49 0.49 0.49 0.32 2.45 0.49 3.29 3.36 3.02 2.84 2.73 2.76 3.45 4.11 4.20 4.13 3.31 3.35 2.98 2.34 1.94 1.67 2.46 2.33 2.76 3.77 3.45 4.47 4.22 4.06 3.08 2.48 0.29 1.68 1.33 0.49 2.08 2.96 3.91 4.53 4.97 4.96 4.33 4.36 3.96
0.45 0.49 0.49 0.49 0.49 0.49 0.49 1.94 2.44 2.35 2.51 2.52 2.41 1.83 2.38 2.62 3.02 3.37 4.17 4.18 4.05 3.33 3.05 2.32 2.40 2.24 0.49 2.21 2.25 2.83 3.49 2.93 3.08 2.49 2.40 1.56 1.70 1.73 0.49 2.00 2.66 3.33 3.37 3.91 3.98 4.22 3.65 0.49
0.49 0.49 0.49 0.49 2.96 3.29 3.17 2.33 2.50 1.64 2.34 2.26 2.13 1.69 2.41 3.29 3.19 4.52 4.62 5.15 4.74 3.79 0.25 2.66 2.37 0.49 2.22 0.49 1.98 2.59 2.51 2.22 0.49 2.24 0.49 0.49 0.46 0.40 0.49 0.49 0.49 0.49 3.00 2.43 2.81 0.49 3.65 0.49
0.49 0.49 0.49 4.02 4.56 3.55 3.66 3.17 3.09 2.37 2.16 2.28 2.43 2.59 2.71 3.63 4.48 4.53 5.56 5.87 5.45 4.97 4.25 3.35 3.31 2.54 0.49 0.49 0.49 0.49 0.49 0.49 0.49 1.86 0.49 0.49 1.61 0.49 1.63 1.78 0.49 0.49 2.91 2.37 0.35 2.64 0.49 0.49
0.49 0.49 3.43 3.77 4.90 5.34 4.36 4.32 3.64 2.65 2.66 3.36 3.44 3.31 2.90 3.85 4.65 5.43 6.09 8.20 5.45 5.61 5.02 3.26 2.98 2.88 0.49 0.49 0.44 0.49 0.49 0.49 0.47 1.75 0.49 1.93 1.85 1.87 1.56 1.85 0.49 1.52 2.45 2.77 0.49 3.31 2.60 0.49
0.49 0.49 4.59 4.94 5.86 5.23 5.54 5.17 4.52 3.79 4.20 4.04 4.37 3.60 3.12 3.92 5.29 5.49 10.29 9.00 12.21 5.30 4.66 4.07 3.01 0.49 0.49 0.49 0.36 0.46 0.40 0.45 0.49 2.28 0.49 2.77 1.90 2.09 1.91 0.49 2.06 1.99 2.63 3.15 4.25 3.96 4.60 3.40
0.49 4.21 5.13 5.49 5.66 11.43 5.31 5.82 4.35 4.31 5.13 4.98 4.10 3.87 3.38 4.23 4.78 5.59 5.71 13.27 5.51 5.45 4.94 3.95 3.60 2.21 1.80 0.49 0.36 0.40 0.49 0.49 0.49 2.74 2.94 2.99 2.93 2.75 3.13 2.13 2.53 3.06 3.77 4.00 4.65 5.04 4.98 4.23
0.49 4.24 4.84 5.72 12.16 10.38 12.05 5.73 4.91 4.57 5.28 5.94 4.58 4.97 0.34 0.00 0.00 0.00 5.14 5.66 5.93 4.72 4.43 3.56 0.49 2.14 1.68 0.49 0.24 0.49 1.81 2.38 2.27 3.11 3.86 3.78 4.05 4.15 3.69 2.88 2.66 3.31 4.69 4.86 5.23 5.69 5.80 4.43
0.49 3.65 4.87 5.48 5.51 10.62 5.28 5.26 4.44 5.67 5.39 10.40 5.68 5.45 5.00 0.00 0.00 0.00 4.69 4.78 5.06 3.54 4.34 3.06 2.55 0.49 0.49 0.49 0.46 0.49 1.52 2.38 3.00 3.74 4.29 4.65 4.72 4.87 4.43 3.89 3.05 4.41 4.42 5.26 6.21 8.63 5.85 5.56
0.49 3.43 4.53 4.63 5.41 5.93 5.46 4.64 5.08 5.83 15.08 13.81 11.08 6.31 4.89 0.00 0.00 0.00 3.46 4.15 3.87 3.45 2.91 2.71 2.16 0.49 0.49 0.49 0.49 0.49 2.46 2.73 3.92 4.27 4.32 5.14 5.42 0.21 4.67 3.90 3.59 4.07 5.31 5.74 9.19 9.62 10.19 5.94
0.49 0.49 3.77 0.24 5.31 5.23 4.42 3.78 4.59 5.17 5.55 13.91 5.57 5.65 4.41 3.13 2.59 0.49 3.25 3.10 2.92 2.95 2.56 0.49 0.49 0.44 0.49 0.49 2.29 2.20 2.91 2.71 3.75 4.38 5.92 5.85 9.76 6.24 5.28 5.03 4.18 3.78 4.70 5.23 0.25 11.87 5.45 5.50
0.49 0.49 2.55 3.51 4.23 4.66 3.61 3.39 4.47 4.59 5.32 5.71 5.24 4.58 4.11 3.27 2.61 2.65 2.87 1.92 2.56 0.49 0.49 0.49 0.49 0.45 0.49 0.49 2.62 3.40 3.97 4.15 3.91 4.98 5.83 10.53 10.46 10.17 5.39 5.13 4.06 3.86 4.63 5.13 5.29 5.19 5.09 4.95
0.49 0.49 0.49 2.62 3.35 4.16 3.72 3.59 4.13 0.00 0.00 0.00 4.99 3.63 4.39 4.00 3.15 3.03 2.73 2.08 0.49 0.49 0.49 0.49 0.46 0.49 0.49 2.61 3.09 3.48 4.08 4.84 4.30 4.31 4.96 5.75 13.16 5.51 5.31 4.68 4.06 3.39 3.51 4.40 4.79 5.12 4.95 4.27
0.49 0.49 3.08 3.58 4.43 4.37 5.14 4.64 4.28 0.00 0.00 0.00 3.58 5.22 4.82 5.05 4.19 3.08 3.15 2.95 0.49 0.49 0.46 0.40 0.48 0.49 2.20 2.89 3.40 3.83 4.81 5.38 5.40 5.40 4.31 5.33 5.18 5.51 4.55 4.46 3.96 4.18 4.07 3.68 3.54 4.35 3.82 3.46
0.49 0.49 3.66 4.33 4.85 5.37 5.64 5.62 4.75 0.00 0.00 0.00 5.03 5.47 5.79 5.61 5.09 0.00 0.00 0.34 2.58 0.49 0.38 0.29 0.49 0.49 0.49 3.21 3.75 4.67 5.23 5.57 12.97 5.27 5.54 5.04 4.86 4.95 4.12 4.04 4.48 4.96 4.87 4.18 3.56 3.21 3.11 0.49
0.49 0.49 3.72 5.02 5.75 5.86 13.16 5.43 5.59 0.22 3.52 0.49 5.08 5.27 8.20 6.15 5.62 0.00 0.00 2.71 0.49 0.49 0.49 0.46 0.49 0.49 0.49 3.85 3.71 5.04 5.76 10.45 8.20 11.18 5.64 4.70 3.83 4.15 4.43 4.69 5.27 6.21 5.55 4.87 3.83 0.13 0.49 0.49
0.49 0.49 3.62 4.82 5.70 10.66 13.24 12.53 5.40 4.36 3.92 5.20 6.02 8.20 9.70 8.20 5.35 0.00 0.00 3.03 0.49 0.49 0.49 0.47 0.49 0.49 0.49 0.49 3.95 4.83 5.47 5.51 8.41 5.33 5.33 4.14 3.98 3.92 4.42 5.46 5.28 11.52 0.00 0.00 0.00 0.00 0.49 0.49
0.49 0.49 0.49 5.14 5.45 5.86 9.50 5.87 5.03 4.73 3.88 4.85 0.00 0.00 10.34 5.64 4.98 0.00 0.00 3.00 0.49 0.49 0.49 0.46 0.47 0.49 0.49 0.49 0.49 4.02 4.91 0.00 0.00 0.00 4.64 5.12 5.34 4.52 5.28 5.27 9.69 8.42 0.00 0.00 0.00 0.00 0.49 0.49
0.49 0.49 0.49 4.11 4.63 5.53 5.84 5.42 4.82 4.03 0.49 0.49 0.00 0.00 5.52 5.60 4.52 4.52 0.49 0.49 0.49 0.49 0.45 0.32 0.38 0.49 0.49 0.49 0.49 3.29 4.37 0.00 0.00 0.00 5.05 5.70 5.93 5.37 4.72 5.31 5.29 12.84 5.61 5.16 4.23 3.33 0.49 0.49
0.49 0.49 0.49 0.49 4.14 4.97 4.82 5.38 4.43 0.49 0.49 0.49 0.49 0.27 4.55 4.85 3.90 0.49 0.49 0.49 0.49 0.49 0.44 0.44 0.42 0.49 0.49 0.49 0.49 0.49 0.49 0.00 0.00 0.00 5.48 5.80 11.15 5.21 0.00 0.00 5.24 5.54 5.37 4.76 3.82 0.49 0.49 0.49
0.49 0.49 0.49 0.49 0.49 0.49 0.49 0.49 0.49 0.49 0.49 0.49 0.49 0.49 4.16 3.72 0.49 0.49 0.49 0.49 0.49 0.49 0.26 0.21 0.35 0.36 0.45 0.49 0.49 0.49 0.49 0.20 4.15 4.63 5.74 8.20 11.70 8.20 0.00 0.00 4.84 5.21 4.53 4.58 0.49 0.49 0.49 0.49
0.49 0.49 0.49 0.49 0.17 0.49 0.49 0.49 0.49 0.49 0.49 0.49 0.49 0.49 0.49 0.49 0.49 0.49 0.49 0.49 0.49 0.49 0.34 0.24 0.32 0.41 0.46 0.40 0.49 0.49 0.49 0.49 4.33 4.86 5.38 5.36 8.91 5.53 5.13 0.16 3.82 4.01 0.49 0.49 0.49 0.49 0.49 0.49
0.33 0.45 0.49 0.49 0.49 0.49 0.49 0.49 0.49 0.49 0.49 0.49 0.49 0.49 0.49 0.49 0.49 0.49 0.49 0.49 0.49 0.39 0.29 0.17 0.29 0.22 0.39 0.45 0.49 0.49 0.49 0.49 3.42 4.29 4.65 5.81 5.78 5.10 5.10 4.25 3.45 0.49 0.49 0.49 0.49 0.49 0.49 0.44
0.28 0.45 0.49 0.49 0.49 0.49 0.49 0.49 0.49 0.49 0.49 0.49 0.49 0.49 0.49 0.49 0.49 0.49 0.49 0.41 0.41 0.27 0.35 0.34 0.30 0.33 0.38 0.38 0.45 0.49 0.49 0.49 0.49 3.49 4.58 4.54 4.82 4.16 4.24 3.79 0.49 0.49 0.49 0.49 0.49 0.49 0.49 0.49
0.29 0.40 0.45 0.42 0.49 0.49 0.49 0.49 0.46 0.48 0.43 0.44 0.46 0.38 0.49 0.32 0.49 0.41 0.43 0.31 0.31 0.21 0.36 0.28 0.22 0.22 0.21 0.30 0.47 0.49 0.49 0.49 0.49 0.49 0.49 0.49 0.49 0.49 0.49 0.49 0.49 0.49 0.49 0.49 0.49 0.49 0.13 0.38
0.32 0.23 0.22 0.35 0.47 0.42 0.46 0.49 0.40 0.29 0.39 0.30 0.32 0.49 0.47 0.43 0.42 0.42 0.39 0.31 0.23 0.36 0.27 0.30 0.35 0.21 0.29 0.28 0.35 0.42 0.49 0.49 0.49 0.49 0.49 0.49 0.49 0.49 0.49 0.49 0.49 0.49 0.49 0.48 0.49 0.47 0.33 0.22
0.43 0.27 0.36 0.27 0.29 0.40 0.27 0.29 0.31 0.29 0.37 0.27 0.27 0.36 0.21 0.37 0.34 0.26 0.23 0.26 0.29 0.28 0.16 0.28 0.31 0.30 0.28 0.23 0.29 0.33 0.33 0.49 0.49 0.49 0.49 0.49 0.49 0.49 0.49 0.49 0.49 0.49 0.49 0.41 0.29 0.38 0.21 0.33