0.00000000 60.79898987 45.97056275 28.97056275 16.07106781 12.48528137 33.72792206 60.38477631 18.89949494 18.24264069 47.38477631 29.62741700 35.79898987 25.65685425 69.94112550 29.89949494 42.52691193 40.52691193 57.18376618 34.14213562 65.66904756 58.42640687 49.89949494 43.07106781 47.69848481 60.49747468 51.04163056 55.94112550 78.81118318 51.97056275 67.32590181 53.72792206 68.28427125 62.45584412 80.81118318 69.42640687 67.28427125 63.55634919 71.11269837 70.14213562 89.66904756 93.05382387 75.28427125 84.66904756 73.31370850 85.35533906 79.14213562 85.94112550 101.56854249 92.52691193 92.21320344 95.69848481 93.38477631 110.46803743 107.98275606 94.14213562 104.18376618 103.94112550 120.95331881 109.08326112
60.79898987 0.00000000 14.82842712 33.24264069 72.97056275 48.31370850 89.55634919 10.41421356 68.14213562 54.55634919 21.55634919 81.79898987 34.21320344 69.04163056 25.24264069 57.04163056 37.62741700 90.94112550 30.72792206 77.52691193 45.79898987 47.62741700 79.52691193 74.94112550 91.08326112 42.38477631 94.42640687 99.32590181 58.94112550 81.59797975 49.21320344 85.01219331 77.28427125 84.87005769 62.11269837 112.81118318 110.66904756 94.84062043 78.21320344 101.42640687 70.62741700 74.35533906 109.98275606 71.62741700 97.52691193 81.52691193 110.42640687 121.46803743 85.21320344 127.46803743 104.66904756 95.42640687 122.91168825 94.11269837 92.45584412 115.32590181 98.45584412 139.56854249 104.59797975 144.61017306
45.97056275 14.82842712 0.00000000 18.41421356 58.14213562 33.48528137 74.72792206 16.89949494 53.31370850 39.72792206 13.41421356 66.97056275 20.55634919 54.21320344 29.62741700 42.21320344 26.31370850 76.11269837 28.24264069 62.69848481 41.89949494 38.07106781 64.69848481 60.11269837 76.25483400 40.14213562 79.59797975 84.49747468 55.04163056 66.76955262 46.97056275 70.18376618 74.21320344 77.25483400 58.21320344 97.98275606 95.84062043 80.01219331 75.14213562 86.59797975 68.38477631 70.45584412 95.15432893 68.55634919 88.11269837 78.45584412 95.59797975 106.63961031 82.97056275 112.63961031 101.59797975 92.35533906 109.84062043 91.87005769 89.38477631 112.25483400 95.38477631 121.81118318 102.35533906 129.78174593
28.97056275 33.24264069 18.41421356 0.00000000 41.14213562 16.48528137 57.72792206 34.48528137 36.31370850 22.72792206 22.89949494 49.97056275 15.65685425 37.21320344 45.45584412 27.55634919 25.31370850 59.11269837 34.45584412 45.69848481 48.45584412 41.21320344 50.04163056 45.45584412 59.25483400 43.28427125 62.59797975 67.49747468 61.59797975 52.11269837 50.11269837 55.52691193 68.42640687 62.59797975 63.59797975 80.98275606 78.84062043 65.35533906 71.25483400 71.94112550 71.52691193 75.84062043 80.49747468 71.69848481 73.45584412 81.59797975 80.94112550 91.98275606 86.11269837 97.98275606 93.18376618 95.49747468 95.18376618 95.01219331 92.52691193 95.11269837 98.52691193 107.15432893 105.49747468 115.12489168
16.07106781 72.97056275 58.14213562 41.14213562 0.00000000 25.48528137 19.65685425 72.55634919 11.07106781 23.14213562 59.55634919 16.48528137 46.79898987 21.72792206 81.28427125 32.45584412 53.87005769 28.55634919 68.52691193 23.82842712 77.01219331 69.76955262 51.28427125 43.62741700 35.72792206 71.84062043 39.07106781 43.97056275 90.15432893 53.35533906 78.66904756 52.72792206 69.66904756 63.84062043 92.15432893 57.45584412 55.31370850 55.14213562 72.49747468 63.97056275 91.05382387 100.29646456 63.31370850 86.05382387 74.69848481 86.74011537 72.97056275 73.97056275 102.95331881 80.55634919 89.35533906 97.08326112 84.72792206 111.85281374 109.36753237 90.45584412 105.56854249 91.97056275 122.33809512 97.11269837
12.48528137 48.31370850 33.48528137 16.48528137 25.48528137 0.00000000 43.14213562 47.89949494 21.48528137 9.65685425 34.89949494 35.14213562 23.31370850 22.38477631 57.45584412 18.00000000 30.04163056 44.28427125 44.69848481 30.87005769 53.18376618 45.94112550 40.48528137 35.31370850 44.42640687 48.01219331 47.76955262 52.66904756 66.32590181 42.55634919 54.84062043 45.97056275 58.87005769 53.04163056 68.32590181 66.15432893 64.01219331 55.79898987 61.69848481 62.38477631 76.25483400 80.56854249 72.01219331 75.25483400 63.89949494 75.94112550 71.38477631 82.66904756 92.15432893 89.25483400 83.62741700 86.28427125 85.62741700 101.05382387 98.56854249 85.55634919 94.76955262 97.59797975 111.53910524 105.81118318
33.72792206 89.55634919 74.72792206 57.72792206 19.65685425 43.14213562 0.00000000 89.14213562 24.48528137 38.89949494 75.31370850 15.65685425 62.55634919 32.21320344 97.04163056 47.04163056 69.62741700 22.65685425 84.28427125 31.38477631 92.76955262 85.52691193 61.18376618 52.94112550 37.38477631 87.59797975 41.55634919 45.62741700 105.91168825 63.25483400 94.42640687 57.69848481 79.56854249 73.74011537 106.78174593 58.52691193 57.79898987 60.11269837 82.39696962 68.94112550 100.95331881 110.19595949 65.79898987 95.95331881 85.66904756 96.63961031 77.94112550 76.45584412 112.85281374 83.04163056 94.32590181 106.74011537 89.69848481 121.75230868 119.26702730 95.42640687 115.46803743 94.45584412 132.23759005 99.59797975
60.38477631 10.41421356 16.89949494 34.48528137 72.55634919 47.89949494 89.14213562 0.00000000 67.72792206 54.14213562 18.07106781 81.38477631 32.14213562 68.62741700 15.07106781 55.79898987 31.21320344 90.52691193 21.72792206 75.69848481 36.79898987 38.62741700 78.28427125 73.69848481 90.66904756 33.38477631 94.01219331 98.91168825 49.94112550 80.35533906 40.21320344 83.76955262 68.28427125 75.87005769 53.11269837 112.39696962 110.25483400 93.59797975 69.21320344 100.18376618 61.62741700 65.35533906 108.74011537 62.62741700 88.52691193 72.52691193 105.76955262 120.22539674 76.21320344 127.74011537 95.66904756 86.42640687 113.91168825 85.11269837 83.45584412 106.32590181 89.45584412 130.56854249 95.59797975 143.81118318
18.89949494 68.14213562 53.31370850 36.31370850 11.07106781 21.48528137 24.48528137 67.72792206 0.00000000 15.82842712 53.07106781 14.24264069 39.48528137 11.48528137 73.97056275 25.14213562 46.55634919 23.97056275 61.21320344 15.24264069 69.69848481 62.45584412 41.04163056 32.79898987 28.79898987 64.52691193 32.14213562 37.04163056 82.84062043 43.11269837 71.35533906 45.79898987 59.42640687 53.59797975 84.84062043 50.52691193 48.38477631 48.21320344 62.25483400 57.04163056 80.81118318 90.05382387 56.38477631 75.81118318 63.87005769 76.49747468 66.04163056 67.04163056 92.71067812 73.62741700 82.42640687 86.84062043 77.79898987 101.61017306 99.12489168 83.52691193 95.32590181 85.04163056 112.09545443 90.18376618
18.24264069 54.55634919 39.72792206 22.72792206 23.14213562 9.65685425 38.89949494 54.14213562 15.82842712 0.00000000 39.48528137 29.48528137 25.07106781 15.07106781 59.55634919 11.65685425 32.14213562 36.97056275 46.79898987 23.55634919 55.28427125 48.04163056 32.48528137 25.65685425 37.11269837 50.11269837 40.45584412 45.35533906 68.42640687 34.55634919 56.94112550 36.31370850 50.87005769 45.04163056 70.42640687 58.84062043 56.69848481 46.14213562 53.69848481 52.72792206 72.25483400 81.49747468 61.28427125 67.25483400 55.89949494 67.94112550 61.72792206 72.76955262 84.15432893 78.76955262 74.79898987 78.28427125 75.97056275 93.05382387 90.56854249 76.72792206 86.76955262 87.94112550 103.53910524 95.91168825
47.38477631 21.55634919 13.41421356 22.89949494 59.55634919 34.89949494 75.31370850 18.07106781 53.07106781 39.48528137 0.00000000 66.72792206 15.00000000 52.55634919 24.31370850 40.31370850 14.89949494 74.21320344 15.07106781 60.21320344 28.48528137 25.48528137 62.79898987 58.21320344 74.35533906 25.07106781 77.69848481 82.59797975 41.62741700 64.87005769 31.89949494 68.28427125 59.97056275 67.55634919 44.79898987 96.08326112 93.94112550 78.11269837 60.89949494 84.69848481 53.31370850 57.04163056 93.25483400 54.31370850 80.21320344 64.21320344 93.69848481 104.74011537 67.89949494 110.74011537 87.35533906 78.11269837 105.59797975 76.79898987 75.14213562 98.01219331 81.14213562 122.25483400 87.28427125 127.88225099
29.62741700 81.79898987 66.97056275 49.97056275 16.48528137 35.14213562 15.65685425 81.38477631 14.24264069 29.48528137 66.72792206 0.00000000 53.14213562 19.48528137 87.62741700 34.31370850 60.21320344 12.07106781 74.87005769 15.72792206 83.35533906 76.11269837 48.45584412 40.21320344 22.89949494 78.18376618 27.07106781 31.14213562 96.49747468 50.52691193 85.01219331 43.21320344 66.84062043 61.01219331 94.05382387 44.04163056 43.31370850 45.62741700 69.66904756 54.45584412 88.22539674 97.46803743 51.31370850 83.22539674 71.18376618 83.91168825 63.45584412 61.97056275 100.12489168 68.55634919 79.84062043 92.25483400 75.21320344 109.02438662 106.53910524 80.94112550 103.91168825 79.97056275 119.50966799 85.11269837
35.79898987 34.21320344 20.55634919 15.65685425 46.79898987 23.31370850 62.55634919 32.14213562 39.48528137 25.07106781 15.00000000 53.14213562 0.00000000 38.14213562 35.89949494 25.89949494 9.65685425 59.79898987 23.14213562 45.79898987 32.79898987 25.55634919 48.38477631 43.79898987 59.94112550 27.62741700 63.28427125 68.18376618 45.94112550 50.45584412 34.45584412 53.87005769 61.69848481 60.94112550 47.94112550 81.66904756 79.52691193 63.69848481 62.62741700 70.28427125 55.87005769 60.18376618 78.84062043 56.04163056 71.79898987 65.94112550 79.28427125 90.32590181 70.45584412 96.32590181 89.08326112 79.84062043 93.52691193 79.35533906 76.87005769 99.74011537 82.87005769 105.49747468 89.84062043 113.46803743
25.65685425 69.04163056 54.21320344 37.21320344 21.72792206 22.38477631 32.21320344 68.62741700 11.48528137 15.07106781 52.55634919 19.48528137 38.14213562 0.00000000 72.62741700 15.41421356 45.21320344 23.65685425 59.87005769 9.07106781 68.35533906 61.11269837 29.55634919 21.31370850 23.79898987 63.18376618 27.14213562 32.04163056 81.49747468 31.62741700 70.01219331 31.97056275 47.94112550 42.11269837 75.15432893 45.52691193 43.38477631 43.21320344 50.76955262 52.04163056 69.32590181 78.56854249 51.38477631 64.32590181 52.38477631 65.01219331 61.04163056 62.04163056 81.22539674 68.62741700 70.45584412 75.35533906 72.79898987 90.12489168 87.63961031 72.38477631 83.84062043 80.04163056 100.61017306 85.18376618
69.94112550 25.24264069 29.62741700 45.45584412 81.28427125 57.45584412 97.04163056 15.07106781 73.97056275 59.55634919 24.31370850 87.62741700 35.89949494 72.62741700 0.00000000 60.38477631 31.89949494 94.28427125 15.24264069 80.28427125 32.89949494 34.72792206 86.28427125 78.28427125 94.42640687 29.48528137 97.76955262 102.66904756 46.04163056 80.69848481 36.31370850 88.35533906 64.38477631 71.97056275 49.21320344 116.15432893 114.01219331 98.18376618 65.31370850 97.79898987 57.72792206 61.45584412 114.21320344 58.72792206 84.62741700 68.62741700 101.87005769 120.52691193 72.31370850 123.84062043 91.76955262 82.52691193 110.01219331 81.21320344 79.55634919 102.42640687 85.55634919 126.66904756 91.69848481 139.91168825
29.89949494 57.04163056 42.21320344 27.55634919 32.45584412 18.00000000 47.04163056 55.79898987 25.14213562 11.65685425 40.31370850 34.31370850 25.89949494 15.41421356 60.38477631 0.00000000 32.97056275 37.65685425 47.62741700 23.07106781 56.11269837 48.87005769 23.07106781 18.48528137 37.79898987 50.94112550 41.14213562 46.04163056 69.25483400 25.14213562 57.76955262 28.55634919 41.45584412 35.62741700 68.66904756 59.52691193 53.04163056 38.38477631 44.28427125 44.97056275 62.84062043 72.08326112 53.52691193 57.84062043 46.48528137 58.52691193 53.97056275 65.01219331 74.74011537 71.01219331 66.21320344 68.87005769 68.21320344 83.63961031 81.15432893 68.14213562 77.35533906 80.18376618 94.12489168 88.15432893
42.52691193 37.62741700 26.31370850 25.31370850 53.87005769 30.04163056 69.62741700 31.21320344 46.55634919 32.14213562 14.89949494 60.21320344 9.65685425 45.21320344 31.89949494 32.97056275 0.00000000 66.87005769 16.65685425 52.87005769 24.31370850 16.48528137 55.45584412 50.87005769 67.01219331 18.55634919 70.35533906 75.25483400 37.45584412 57.52691193 25.38477631 60.94112550 52.62741700 60.21320344 39.45584412 88.74011537 86.59797975 70.76955262 53.55634919 77.35533906 46.79898987 51.69848481 85.91168825 46.97056275 72.87005769 56.87005769 86.35533906 97.39696962 61.38477631 103.39696962 80.01219331 70.76955262 98.25483400 70.28427125 67.79898987 90.66904756 73.79898987 114.91168825 80.76955262 120.53910524
40.52691193 90.94112550 76.11269837 59.11269837 28.55634919 44.28427125 22.65685425 90.52691193 23.97056275 36.97056275 74.21320344 12.07106781 59.79898987 23.65685425 94.28427125 37.65685425 66.87005769 0.00000000 81.52691193 15.41421356 90.01219331 82.76955262 50.97056275 42.72792206 17.89949494 84.84062043 22.07106781 26.14213562 103.15432893 53.04163056 91.66904756 38.21320344 69.35533906 63.52691193 96.56854249 39.04163056 38.31370850 40.62741700 70.76955262 49.45584412 90.74011537 99.98275606 46.31370850 85.74011537 66.18376618 80.91168825 58.45584412 56.97056275 102.63961031 63.55634919 74.84062043 87.25483400 70.21320344 111.53910524 104.71067812 75.94112550 98.91168825 74.97056275 122.02438662 80.11269837
57.18376618 30.72792206 28.24264069 34.45584412 68.52691193 44.69848481 84.28427125 21.72792206 61.21320344 46.79898987 15.07106781 74.87005769 23.14213562 59.87005769 15.24264069 47.62741700 16.65685425 81.52691193 0.00000000 67.52691193 17.65685425 19.48528137 71.04163056 65.52691193 81.66904756 14.24264069 85.01219331 89.91168825 30.79898987 65.45584412 21.07106781 75.59797975 49.14213562 56.72792206 33.97056275 103.39696962 101.25483400 84.31370850 50.07106781 82.55634919 42.48528137 46.21320344 98.97056275 43.48528137 69.38477631 53.38477631 86.62741700 105.28427125 57.07106781 108.59797975 76.52691193 67.28427125 94.76955262 65.97056275 64.31370850 87.18376618 70.31370850 111.42640687 76.45584412 124.66904756
34.14213562 77.52691193 62.69848481 45.69848481 23.82842712 30.87005769 31.38477631 75.69848481 15.24264069 23.55634919 60.21320344 15.72792206 45.79898987 9.07106781 80.28427125 23.07106781 52.87005769 15.41421356 67.52691193 0.00000000 76.01219331 68.76955262 36.38477631 26.48528137 14.72792206 70.84062043 18.07106781 22.97056275 89.15432893 38.45584412 77.66904756 31.72792206 54.76955262 48.94112550 81.98275606 36.45584412 34.31370850 34.14213562 57.59797975 42.97056275 76.15432893 85.39696962 42.31370850 71.15432893 59.69848481 71.84062043 51.97056275 52.97056275 88.05382387 59.55634919 68.35533906 80.76955262 63.72792206 96.95331881 94.46803743 69.45584412 92.42640687 70.97056275 107.43860018 76.11269837
65.66904756 45.79898987 41.89949494 48.45584412 77.01219331 53.18376618 92.76955262 36.79898987 69.69848481 55.28427125 28.48528137 83.35533906 32.79898987 68.35533906 32.89949494 56.11269837 24.31370850 90.01219331 17.65685425 76.01219331 0.00000000 23.82842712 67.52691193 74.01219331 90.15432893 12.24264069 93.49747468 98.39696962 15.48528137 61.94112550 15.07106781 78.28427125 45.62741700 53.21320344 21.82842712 107.45584412 98.04163056 80.79898987 46.55634919 79.04163056 34.48528137 34.07106781 95.45584412 39.97056275 65.87005769 49.87005769 83.11269837 101.76955262 52.97056275 105.08326112 73.01219331 63.76955262 91.25483400 61.87005769 59.38477631 83.66904756 67.04163056 107.91168825 72.35533906 121.15432893
58.42640687 47.62741700 38.07106781 41.21320344 69.76955262 45.94112550 85.52691193 38.62741700 62.45584412 48.04163056 25.48528137 76.11269837 25.55634919 61.11269837 34.72792206 48.87005769 16.48528137 82.76955262 19.48528137 68.76955262 23.82842712 0.00000000 71.45584412 66.76955262 82.91168825 16.07106781 86.25483400 91.15432893 36.14213562 65.87005769 22.31370850 76.84062043 49.55634919 57.14213562 36.38477631 104.63961031 102.49747468 86.66904756 50.48528137 82.97056275 43.72792206 48.62741700 99.38477631 43.89949494 69.79898987 53.79898987 87.04163056 105.69848481 58.31370850 109.01219331 76.94112550 67.69848481 95.18376618 67.21320344 64.72792206 87.59797975 70.72792206 111.84062043 77.69848481 125.08326112
49.89949494 79.52691193 64.69848481 50.04163056 51.28427125 40.48528137 61.18376618 78.28427125 41.04163056 32.48528137 62.79898987 48.45584412 48.38477631 29.55634919 86.28427125 23.07106781 55.45584412 50.97056275 71.04163056 36.38477631 67.52691193 71.45584412 0.00000000 23.41421356 52.76955262 57.62741700 46.11269837 55.69848481 64.18376618 11.24264069 52.45584412 27.38477631 23.65685425 19.24264069 50.87005769 59.87005769 51.87005769 36.62741700 27.89949494 42.04163056 45.04163056 54.28427125 52.35533906 41.21320344 37.31370850 42.14213562 48.69848481 63.84062043 58.11269837 69.25483400 59.38477631 52.48528137 62.94112550 67.01219331 64.52691193 62.62741700 60.97056275 74.91168825 77.49747468 86.98275606
43.07106781 74.94112550 60.11269837 45.45584412 43.62741700 35.31370850 52.94112550 73.69848481 32.79898987 25.65685425 58.21320344 40.21320344 43.79898987 21.31370850 78.28427125 18.48528137 50.87005769 42.72792206 65.52691193 26.48528137 74.01219331 66.76955262 23.41421356 0.00000000 36.04163056 68.84062043 29.38477631 38.97056275 79.49747468 20.07106781 67.76955262 11.82842712 38.97056275 33.14213562 66.18376618 43.14213562 35.14213562 21.07106781 36.87005769 29.07106781 60.35533906 69.59797975 35.62741700 55.35533906 35.55634919 48.76955262 38.07106781 47.11269837 72.25483400 53.69848481 51.97056275 57.94112550 51.48528137 77.39696962 72.56854249 53.89949494 66.42640687 63.45584412 89.05382387 70.25483400
47.69848481 91.08326112 76.25483400 59.25483400 35.72792206 44.42640687 37.38477631 90.66904756 28.79898987 37.11269837 74.35533906 22.89949494 59.94112550 23.79898987 94.42640687 37.79898987 67.01219331 17.89949494 81.66904756 14.72792206 90.15432893 82.91168825 52.76955262 36.04163056 0.00000000 84.98275606 6.65685425 8.24264069 100.32590181 46.69848481 88.59797975 25.38477631 59.79898987 52.21320344 87.01219331 21.14213562 20.41421356 26.62741700 57.94112550 35.45584412 80.01219331 90.42640687 30.07106781 74.42640687 52.76955262 66.08326112 44.45584412 40.72792206 89.56854249 47.31370850 60.84062043 73.25483400 55.62741700 96.71067812 91.88225099 61.35533906 84.91168825 58.72792206 108.36753237 63.87005769
60.49747468 42.38477631 40.14213562 43.28427125 71.84062043 48.01219331 87.59797975 33.38477631 64.52691193 50.11269837 25.07106781 78.18376618 27.62741700 63.18376618 29.48528137 50.94112550 18.55634919 84.84062043 14.24264069 70.84062043 12.24264069 16.07106781 57.62741700 68.84062043 84.98275606 0.00000000 87.11269837 93.22539674 20.65685425 52.04163056 6.82842712 68.38477631 35.72792206 43.31370850 20.89949494 97.55634919 88.14213562 70.89949494 36.65685425 69.14213562 29.07106781 33.14213562 85.55634919 30.07106781 55.97056275 39.97056275 73.21320344 91.87005769 43.65685425 95.18376618 63.11269837 53.87005769 81.35533906 52.55634919 50.89949494 73.76955262 56.89949494 98.01219331 63.04163056 111.25483400
51.04163056 94.42640687 79.59797975 62.59797975 39.07106781 47.76955262 41.55634919 94.01219331 32.14213562 40.45584412 77.69848481 27.07106781 63.28427125 27.14213562 97.76955262 41.14213562 70.35533906 22.07106781 85.01219331 18.07106781 93.49747468 86.25483400 46.11269837 29.38477631 6.65685425 87.11269837 0.00000000 10.41421356 93.66904756 40.04163056 81.94112550 18.72792206 53.14213562 45.55634919 80.35533906 20.38477631 17.65685425 19.97056275 51.28427125 28.79898987 73.35533906 83.76955262 25.65685425 67.76955262 46.11269837 59.42640687 37.79898987 36.31370850 82.91168825 42.89949494 54.18376618 66.59797975 49.55634919 90.05382387 85.22539674 55.28427125 78.25483400 54.31370850 101.71067812 59.45584412
55.94112550 99.32590181 84.49747468 67.49747468 43.97056275 52.66904756 45.62741700 98.91168825 37.04163056 45.35533906 82.59797975 31.14213562 68.18376618 32.04163056 102.66904756 46.04163056 75.25483400 26.14213562 89.91168825 22.97056275 98.39696962 91.15432893 55.69848481 38.97056275 8.24264069 93.22539674 10.41421356 0.00000000 103.25483400 49.62741700 91.52691193 28.31370850 62.72792206 55.14213562 89.94112550 14.07106781 16.41421356 27.79898987 60.87005769 34.87005769 82.94112550 93.35533906 27.14213562 77.35533906 51.01219331 69.01219331 41.52691193 37.79898987 92.49747468 44.38477631 59.08326112 71.49747468 52.69848481 99.63961031 94.81118318 58.42640687 83.15432893 55.79898987 111.29646456 60.94112550
78.81118318 58.94112550 55.04163056 61.59797975 90.15432893 66.32590181 105.91168825 49.94112550 82.84062043 68.42640687 41.62741700 96.49747468 45.94112550 81.49747468 46.04163056 69.25483400 37.45584412 103.15432893 30.79898987 89.15432893 15.48528137 36.14213562 64.18376618 79.49747468 100.32590181 20.65685425 93.66904756 103.25483400 0.00000000 58.59797975 17.82842712 74.94112550 42.28427125 49.87005769 13.89949494 104.11269837 94.69848481 77.45584412 43.21320344 75.69848481 27.38477631 23.07106781 92.11269837 34.87005769 62.52691193 45.94112550 79.76955262 98.42640687 45.28427125 101.74011537 69.08326112 59.84062043 87.32590181 54.18376618 51.69848481 79.74011537 59.35533906 103.98275606 64.66904756 117.22539674
51.97056275 81.59797975 66.76955262 52.11269837 53.35533906 42.55634919 63.25483400 80.35533906 43.11269837 34.55634919 64.87005769 50.52691193 50.45584412 31.62741700 80.69848481 25.14213562 57.52691193 53.04163056 65.45584412 38.45584412 61.94112550 65.87005769 11.24264069 20.07106781 46.69848481 52.04163056 40.04163056 49.62741700 58.59797975 0.00000000 46.87005769 21.31370850 18.07106781 12.24264069 45.28427125 53.79898987 45.79898987 27.72792206 20.89949494 30.55634919 39.45584412 48.69848481 46.28427125 34.45584412 28.89949494 35.14213562 39.21320344 57.76955262 51.35533906 59.42640687 52.38477631 45.48528137 53.45584412 60.25483400 57.76955262 54.21320344 53.97056275 65.42640687 70.74011537 74.56854249
67.32590181 49.21320344 46.97056275 50.11269837 78.66904756 54.84062043 94.42640687 40.21320344 71.35533906 56.94112550 31.89949494 85.01219331 34.45584412 70.01219331 36.31370850 57.76955262 25.38477631 91.66904756 21.07106781 77.66904756 15.07106781 22.31370850 52.45584412 67.76955262 88.59797975 6.82842712 81.94112550 91.52691193 17.82842712 46.87005769 0.00000000 63.21320344 30.55634919 38.14213562 14.07106781 92.38477631 82.97056275 65.72792206 31.48528137 63.97056275 22.48528137 25.72792206 80.38477631 24.89949494 50.79898987 34.79898987 68.04163056 86.69848481 38.48528137 90.01219331 57.94112550 48.69848481 76.18376618 47.38477631 45.72792206 68.59797975 51.72792206 92.84062043 57.87005769 106.08326112
53.72792206 85.01219331 70.18376618 55.52691193 52.72792206 45.97056275 57.69848481 83.76955262 45.79898987 36.31370850 68.28427125 43.21320344 53.87005769 31.97056275 88.35533906 28.55634919 60.94112550 38.21320344 75.59797975 31.72792206 78.28427125 76.84062043 27.38477631 11.82842712 25.38477631 68.38477631 18.72792206 28.31370850 74.94112550 21.31370850 63.21320344 0.00000000 34.41421356 26.82842712 61.62741700 32.48528137 24.48528137 9.82842712 32.55634919 17.82842712 54.62741700 65.04163056 24.97056275 49.04163056 27.72792206 42.69848481 26.82842712 36.45584412 64.18376618 42.45584412 42.38477631 51.87005769 40.24264069 71.32590181 66.49747468 44.31370850 60.35533906 52.21320344 82.98275606 59.59797975
68.28427125 77.28427125 74.21320344 68.42640687 69.66904756 58.87005769 79.56854249 68.28427125 59.42640687 50.87005769 59.97056275 66.84062043 61.69848481 47.94112550 64.38477631 41.45584412 52.62741700 69.35533906 49.14213562 54.76955262 45.62741700 49.55634919 23.65685425 38.97056275 59.79898987 35.72792206 53.14213562 62.72792206 42.28427125 18.07106781 30.55634919 34.41421356 0.00000000 12.65685425 28.97056275 66.89949494 58.89949494 40.48528137 12.48528137 41.79898987 23.14213562 32.38477631 58.21320344 20.48528137 31.21320344 24.24264069 49.28427125 67.94112550 37.38477631 71.25483400 45.62741700 38.72792206 59.18376618 46.28427125 43.79898987 56.28427125 43.07106781 74.08326112 56.76955262 86.39696962
62.45584412 84.87005769 77.25483400 62.59797975 63.84062043 53.04163056 73.74011537 75.87005769 53.59797975 45.04163056 67.55634919 61.01219331 60.94112550 42.11269837 71.97056275 35.62741700 60.21320344 63.52691193 56.72792206 48.94112550 53.21320344 57.14213562 19.24264069 33.14213562 52.21320344 43.31370850 45.55634919 55.14213562 49.87005769 12.24264069 38.14213562 26.82842712 12.65685425 0.00000000 36.55634919 59.31370850 48.72792206 30.89949494 8.65685425 29.72792206 29.55634919 39.97056275 46.14213562 23.97056275 21.72792206 22.89949494 39.79898987 55.28427125 40.87005769 58.59797975 40.14213562 33.24264069 49.69848481 49.76955262 47.28427125 47.04163056 41.72792206 64.59797975 60.25483400 73.74011537
80.81118318 62.11269837 58.21320344 63.59797975 92.15432893 68.32590181 106.78174593 53.11269837 84.84062043 70.42640687 44.79898987 94.05382387 47.94112550 75.15432893 49.21320344 68.66904756 39.45584412 96.56854249 33.97056275 81.98275606 21.82842712 36.38477631 50.87005769 66.18376618 87.01219331 20.89949494 80.35533906 89.94112550 13.89949494 45.28427125 14.07106781 61.62741700 28.97056275 36.55634919 0.00000000 90.79898987 81.38477631 64.14213562 29.89949494 62.38477631 14.07106781 13.65685425 78.79898987 21.55634919 49.21320344 32.62741700 66.45584412 85.11269837 32.55634919 88.42640687 55.76955262 46.52691193 74.01219331 41.45584412 38.97056275 66.42640687 46.62741700 90.66904756 51.94112550 103.91168825
69.42640687 112.81118318 97.98275606 80.98275606 57.45584412 66.15432893 58.52691193 112.39696962 50.52691193 58.84062043 96.08326112 44.04163056 81.66904756 45.52691193 116.15432893 59.52691193 88.74011537 39.04163056 103.39696962 36.45584412 107.45584412 104.63961031 59.87005769 43.14213562 21.14213562 97.55634919 20.38477631 14.07106781 104.11269837 53.79898987 92.38477631 32.48528137 66.89949494 59.31370850 90.79898987 0.00000000 9.41421356 29.48528137 61.72792206 33.72792206 83.79898987 94.21320344 23.07106781 78.21320344 50.45584412 69.28427125 37.45584412 33.72792206 91.11269837 40.31370850 57.94112550 70.35533906 48.62741700 101.42640687 94.59797975 54.35533906 82.01219331 51.72792206 113.08326112 56.87005769
67.28427125 110.66904756 95.84062043 78.84062043 55.31370850 64.01219331 57.79898987 110.25483400 48.38477631 56.69848481 93.94112550 43.31370850 79.52691193 43.38477631 114.01219331 53.04163056 86.59797975 38.31370850 101.25483400 34.31370850 98.04163056 102.49747468 51.87005769 35.14213562 20.41421356 88.14213562 17.65685425 16.41421356 94.69848481 45.79898987 82.97056275 24.48528137 58.89949494 48.72792206 81.38477631 9.41421356 0.00000000 20.07106781 52.07106781 24.31370850 74.14213562 84.55634919 13.65685425 68.55634919 41.04163056 59.87005769 28.04163056 24.31370850 81.69848481 30.89949494 48.52691193 60.94112550 39.21320344 92.01219331 85.18376618 44.94112550 72.59797975 42.31370850 103.66904756 47.45584412
63.55634919 94.84062043 80.01219331 65.35533906 55.14213562 55.79898987 60.11269837 93.59797975 48.21320344 46.14213562 78.11269837 45.62741700 63.69848481 43.21320344 98.18376618 38.38477631 70.76955262 40.62741700 84.31370850 34.14213562 80.79898987 86.66904756 36.62741700 21.07106781 26.62741700 70.89949494 19.97056275 27.79898987 77.45584412 27.72792206 65.72792206 9.82842712 40.48528137 30.89949494 64.14213562 29.48528137 20.07106781 0.00000000 34.82842712 8.82842712 56.89949494 67.31370850 17.48528137 51.31370850 26.14213562 43.79898987 17.82842712 28.97056275 65.87005769 32.04163056 34.21320344 46.62741700 30.41421356 73.35533906 67.94112550 35.31370850 58.28427125 42.38477631 85.01219331 49.18376618
71.11269837 78.21320344 75.14213562 71.25483400 72.49747468 61.69848481 82.39696962 69.21320344 62.25483400 53.69848481 60.89949494 69.66904756 62.62741700 50.76955262 65.31370850 44.28427125 53.55634919 70.76955262 50.07106781 57.59797975 46.55634919 50.48528137 27.89949494 36.87005769 57.94112550 36.65685425 51.28427125 60.87005769 43.21320344 20.89949494 31.48528137 32.55634919 12.48528137 8.65685425 29.89949494 61.72792206 52.07106781 34.82842712 0.00000000 33.07106781 22.07106781 32.48528137 49.48528137 16.48528137 21.07106781 15.65685425 38.55634919 57.21320344 33.38477631 60.52691193 33.72792206 26.82842712 48.45584412 42.28427125 39.79898987 44.38477631 34.48528137 63.35533906 52.76955262 75.66904756
70.14213562 101.42640687 86.59797975 71.94112550 63.97056275 62.38477631 68.94112550 100.18376618 57.04163056 52.72792206 84.69848481 54.45584412 70.28427125 52.04163056 97.79898987 44.97056275 77.35533906 49.45584412 82.55634919 42.97056275 79.04163056 82.97056275 42.04163056 29.07106781 35.45584412 69.14213562 28.79898987 34.87005769 75.69848481 30.55634919 63.97056275 17.82842712 41.79898987 29.72792206 62.38477631 33.72792206 24.31370850 8.82842712 33.07106781 0.00000000 54.79898987 65.55634919 18.41421356 47.21320344 17.31370850 36.14213562 10.41421356 26.72792206 57.97056275 30.62741700 25.97056275 38.38477631 24.65685425 64.52691193 59.11269837 27.89949494 50.04163056 36.62741700 76.18376618 45.76955262
89.66904756 70.62741700 68.38477631 71.52691193 91.05382387 76.25483400 100.95331881 61.62741700 80.81118318 72.25483400 53.31370850 88.22539674 55.87005769 69.32590181 57.72792206 62.84062043 46.79898987 90.74011537 42.48528137 76.15432893 34.48528137 43.72792206 45.04163056 60.35533906 80.01219331 29.07106781 73.35533906 82.94112550 27.38477631 39.45584412 22.48528137 54.62741700 23.14213562 29.55634919 14.07106781 83.79898987 74.14213562 56.89949494 22.07106781 54.79898987 0.00000000 10.41421356 69.55634919 9.24264069 38.89949494 20.31370850 56.14213562 74.79898987 19.07106781 77.04163056 43.45584412 32.45584412 61.69848481 27.97056275 25.48528137 54.11269837 33.14213562 78.35533906 38.45584412 91.59797975
93.05382387 74.35533906 70.45584412 75.84062043 100.29646456 80.56854249 110.19595949 65.35533906 90.05382387 81.49747468 57.04163056 97.46803743 60.18376618 78.56854249 61.45584412 72.08326112 51.69848481 99.98275606 46.21320344 85.39696962 34.07106781 48.62741700 54.28427125 69.59797975 90.42640687 33.14213562 83.76955262 93.35533906 23.07106781 48.69848481 25.72792206 65.04163056 32.38477631 39.97056275 13.65685425 94.21320344 84.55634919 67.31370850 32.48528137 65.55634919 10.41421356 0.00000000 79.97056275 18.82842712 49.31370850 29.89949494 63.72792206 85.21320344 24.89949494 86.62741700 53.04163056 42.04163056 71.28427125 33.79898987 31.31370850 63.69848481 39.79898987 87.94112550 44.28427125 101.18376618
75.28427125 109.98275606 95.15432893 80.49747468 63.31370850 72.01219331 65.79898987 108.74011537 56.38477631 61.28427125 93.25483400 51.31370850 78.84062043 51.38477631 114.21320344 53.52691193 85.91168825 46.31370850 98.97056275 42.31370850 95.45584412 99.38477631 52.35533906 35.62741700 30.07106781 85.55634919 25.65685425 27.14213562 92.11269837 46.28427125 80.38477631 24.97056275 58.21320344 46.14213562 78.79898987 23.07106781 13.65685425 17.48528137 49.48528137 18.41421356 69.55634919 79.97056275 0.00000000 61.97056275 32.07106781 50.89949494 18.48528137 11.48528137 72.72792206 18.07106781 36.62741700 49.04163056 25.55634919 80.11269837 73.28427125 32.45584412 60.69848481 29.48528137 91.76955262 34.62741700
84.66904756 71.62741700 68.55634919 71.69848481 86.05382387 75.25483400 95.95331881 62.62741700 75.81118318 67.25483400 54.31370850 83.22539674 56.04163056 64.32590181 58.72792206 57.84062043 46.97056275 85.74011537 43.48528137 71.15432893 39.97056275 43.89949494 41.21320344 55.35533906 74.42640687 30.07106781 67.76955262 77.35533906 34.87005769 34.45584412 24.89949494 49.04163056 20.48528137 23.97056275 21.55634919 78.21320344 68.55634919 51.31370850 16.48528137 47.21320344 9.24264069 18.82842712 61.97056275 0.00000000 29.65685425 11.07106781 44.89949494 66.38477631 17.48528137 67.79898987 34.21320344 24.97056275 52.45584412 26.38477631 23.89949494 44.87005769 27.07106781 69.11269837 36.87005769 82.35533906
73.31370850 97.52691193 88.11269837 73.45584412 74.69848481 63.89949494 85.66904756 88.52691193 63.87005769 55.89949494 80.21320344 71.18376618 71.79898987 52.38477631 84.62741700 46.48528137 72.87005769 66.18376618 69.38477631 59.69848481 65.87005769 69.79898987 37.31370850 35.55634919 52.76955262 55.97056275 46.11269837 51.01219331 62.52691193 28.89949494 50.79898987 27.72792206 31.21320344 21.72792206 49.21320344 50.45584412 41.04163056 26.14213562 21.07106781 17.31370850 38.89949494 49.31370850 32.07106781 29.65685425 0.00000000 21.07106781 18.65685425 37.31370850 42.89949494 40.62741700 23.97056275 27.07106781 28.55634919 49.45584412 44.04163056 25.89949494 35.55634919 43.45584412 61.11269837 55.76955262
85.35533906 81.52691193 78.45584412 81.59797975 86.74011537 75.94112550 96.63961031 72.52691193 76.49747468 67.94112550 64.21320344 83.91168825 65.94112550 65.01219331 68.62741700 58.52691193 56.87005769 80.91168825 53.38477631 71.84062043 49.87005769 53.79898987 42.14213562 48.76955262 66.08326112 39.97056275 59.42640687 69.01219331 45.94112550 35.14213562 34.79898987 42.69848481 24.24264069 22.89949494 32.62741700 69.28427125 59.87005769 43.79898987 15.65685425 36.14213562 20.31370850 29.89949494 50.89949494 11.07106781 21.07106781 0.00000000 33.82842712 55.31370850 22.65685425 56.72792206 23.14213562 16.24264069 41.38477631 29.21320344 24.38477631 33.79898987 20.00000000 58.04163056 40.87005769 71.28427125
79.14213562 110.42640687 95.59797975 80.94112550 72.97056275 71.38477631 77.94112550 105.76955262 66.04163056 61.72792206 93.69848481 63.45584412 79.28427125 61.04163056 101.87005769 53.97056275 86.35533906 58.45584412 86.62741700 51.97056275 83.11269837 87.04163056 48.69848481 38.07106781 44.45584412 73.21320344 37.79898987 41.52691193 79.76955262 39.21320344 68.04163056 26.82842712 49.28427125 39.79898987 66.45584412 37.45584412 28.04163056 17.82842712 38.55634919 10.41421356 56.14213562 63.72792206 18.48528137 44.89949494 18.65685425 33.82842712 0.00000000 21.24264069 55.65685425 23.72792206 19.89949494 32.31370850 14.24264069 63.38477631 56.55634919 17.48528137 43.97056275 27.38477631 75.04163056 38.28427125
85.94112550 121.46803743 106.63961031 91.98275606 73.97056275 82.66904756 76.45584412 120.22539674 67.04163056 72.76955262 104.74011537 61.97056275 90.32590181 62.04163056 120.52691193 65.01219331 97.39696962 56.97056275 105.28427125 52.97056275 101.76955262 105.69848481 63.84062043 47.11269837 40.72792206 91.87005769 36.31370850 37.79898987 98.42640687 57.76955262 86.69848481 36.45584412 67.94112550 55.28427125 85.11269837 33.72792206 24.31370850 28.97056275 57.21320344 26.72792206 74.79898987 85.21320344 11.48528137 66.38477631 37.31370850 55.31370850 21.24264069 0.00000000 77.97056275 7.41421356 37.72792206 50.14213562 21.97056275 81.21320344 74.38477631 31.79898987 61.79898987 18.82842712 92.87005769 23.14213562
101.56854249 85.21320344 82.97056275 86.11269837 102.95331881 92.15432893 112.85281374 76.21320344 92.71067812 84.15432893 67.89949494 100.12489168 70.45584412 81.22539674 72.31370850 74.74011537 61.38477631 102.63961031 57.07106781 88.05382387 52.97056275 58.31370850 58.11269837 72.25483400 89.56854249 43.65685425 82.91168825 92.49747468 45.28427125 51.35533906 38.48528137 64.18376618 37.38477631 40.87005769 32.55634919 91.11269837 81.69848481 65.87005769 33.38477631 57.97056275 19.07106781 24.89949494 72.72792206 17.48528137 42.89949494 22.65685425 55.65685425 77.97056275 0.00000000 75.48528137 41.89949494 31.14213562 60.14213562 13.24264069 13.24264069 52.55634919 25.72792206 76.79898987 22.55634919 90.04163056
92.52691193 127.46803743 112.63961031 97.98275606 80.55634919 89.25483400 83.04163056 127.74011537 73.62741700 78.76955262 110.74011537 68.55634919 96.32590181 68.62741700 123.84062043 71.01219331 103.39696962 63.55634919 108.59797975 59.55634919 105.08326112 109.01219331 69.25483400 53.69848481 47.31370850 95.18376618 42.89949494 44.38477631 101.74011537 59.42640687 90.01219331 42.45584412 71.25483400 58.59797975 88.42640687 40.31370850 30.89949494 32.04163056 60.52691193 30.62741700 77.04163056 86.62741700 18.07106781 67.79898987 40.62741700 56.72792206 23.72792206 7.41421356 75.48528137 0.00000000 35.24264069 47.65685425 18.65685425 78.72792206 71.89949494 28.48528137 59.31370850 11.41421356 90.38477631 17.72792206
92.21320344 104.66904756 101.59797975 93.18376618 89.35533906 83.62741700 94.32590181 95.66904756 82.42640687 74.79898987 87.35533906 79.84062043 89.08326112 70.45584412 91.76955262 66.21320344 80.01219331 74.84062043 76.52691193 68.35533906 73.01219331 76.94112550 59.38477631 51.97056275 60.84062043 63.11269837 54.18376618 59.08326112 69.08326112 52.38477631 57.94112550 42.38477631 45.62741700 40.14213562 55.76955262 57.94112550 48.52691193 34.21320344 33.72792206 25.97056275 43.45584412 53.04163056 36.62741700 34.21320344 23.97056275 23.14213562 19.89949494 37.72792206 41.89949494 35.24264069 0.00000000 12.41421356 18.24264069 43.48528137 36.65685425 10.65685425 24.07106781 34.89949494 55.14213562 48.14213562
95.69848481 95.42640687 92.35533906 95.49747468 97.08326112 86.28427125 106.74011537 86.42640687 86.84062043 78.28427125 78.11269837 92.25483400 79.84062043 75.35533906 82.52691193 68.87005769 70.76955262 87.25483400 67.28427125 80.76955262 63.76955262 67.69848481 52.48528137 57.94112550 73.25483400 53.87005769 66.59797975 71.49747468 59.84062043 45.48528137 48.69848481 51.87005769 38.72792206 33.24264069 46.52691193 70.35533906 60.94112550 46.62741700 26.82842712 38.38477631 32.45584412 42.04163056 49.04163056 24.97056275 27.07106781 16.24264069 32.31370850 50.14213562 31.14213562 47.65685425 12.41421356 0.00000000 30.65685425 31.07106781 24.24264069 23.07106781 11.65685425 47.31370850 42.72792206 60.55634919
93.38477631 122.91168825 109.84062043 95.18376618 84.72792206 85.62741700 89.69848481 113.91168825 77.79898987 75.97056275 105.59797975 75.21320344 93.52691193 72.79898987 110.01219331 68.21320344 98.25483400 70.21320344 94.76955262 63.72792206 91.25483400 95.18376618 62.94112550 51.48528137 55.62741700 81.35533906 49.55634919 52.69848481 87.32590181 53.45584412 76.18376618 40.24264069 59.18376618 49.69848481 74.01219331 48.62741700 39.21320344 30.41421356 48.45584412 24.65685425 61.69848481 71.28427125 25.55634919 52.45584412 28.55634919 41.38477631 14.24264069 21.97056275 60.14213562 18.65685425 18.24264069 30.65685425 0.00000000 61.72792206 54.89949494 9.82842712 42.31370850 16.65685425 73.38477631 29.89949494
110.46803743 94.11269837 91.87005769 95.01219331 111.85281374 101.05382387 121.75230868 85.11269837 101.61017306 93.05382387 76.79898987 109.02438662 79.35533906 90.12489168 81.21320344 83.63961031 70.28427125 111.53910524 65.97056275 96.95331881 61.87005769 67.21320344 67.01219331 77.39696962 96.71067812 52.55634919 90.05382387 99.63961031 54.18376618 60.25483400 47.38477631 71.32590181 46.28427125 49.76955262 41.45584412 101.42640687 92.01219331 73.35533906 42.28427125 64.52691193 27.97056275 33.79898987 80.11269837 26.38477631 49.45584412 29.21320344 63.38477631 81.21320344 13.24264069 78.72792206 43.48528137 31.07106781 61.72792206 0.00000000 10.24264069 54.14213562 23.31370850 78.38477631 13.07106781 91.62741700
107.98275606 92.45584412 89.38477631 92.52691193 109.36753237 98.56854249 119.26702730 83.45584412 99.12489168 90.56854249 75.14213562 106.53910524 76.87005769 87.63961031 79.55634919 81.15432893 67.79898987 104.71067812 64.31370850 94.46803743 59.38477631 64.72792206 64.52691193 72.56854249 91.88225099 50.89949494 85.22539674 94.81118318 51.69848481 57.76955262 45.72792206 66.49747468 43.79898987 47.28427125 38.97056275 94.59797975 85.18376618 67.94112550 39.79898987 59.11269837 25.48528137 31.31370850 73.28427125 23.89949494 44.04163056 24.38477631 56.55634919 74.38477631 13.24264069 71.89949494 36.65685425 24.24264069 54.89949494 10.24264069 0.00000000 47.31370850 14.82842712 71.55634919 21.89949494 84.79898987
94.14213562 115.32590181 112.25483400 95.11269837 90.45584412 85.55634919 95.42640687 106.32590181 83.52691193 76.72792206 98.01219331 80.94112550 99.74011537 72.38477631 102.42640687 68.14213562 90.66904756 75.94112550 87.18376618 69.45584412 83.66904756 87.59797975 62.62741700 53.89949494 61.35533906 73.76955262 55.28427125 58.42640687 79.74011537 54.21320344 68.59797975 44.31370850 56.28427125 47.04163056 66.42640687 54.35533906 44.94112550 35.31370850 44.38477631 27.89949494 54.11269837 63.69848481 32.45584412 44.87005769 25.89949494 33.79898987 17.48528137 31.79898987 52.55634919 28.48528137 10.65685425 23.07106781 9.82842712 54.14213562 47.31370850 0.00000000 34.72792206 24.82842712 65.79898987 38.07106781
104.18376618 98.45584412 95.38477631 98.52691193 105.56854249 94.76955262 115.46803743 89.45584412 95.32590181 86.76955262 81.14213562 103.91168825 82.87005769 83.84062043 85.55634919 77.35533906 73.79898987 98.91168825 70.31370850 92.42640687 67.04163056 70.72792206 60.97056275 66.42640687 84.91168825 56.89949494 78.25483400 83.15432893 59.35533906 53.97056275 51.72792206 60.35533906 43.07106781 41.72792206 46.62741700 82.01219331 72.59797975 58.28427125 34.48528137 50.04163056 33.14213562 39.79898987 60.69848481 27.07106781 35.55634919 20.00000000 43.97056275 61.79898987 25.72792206 59.31370850 24.07106781 11.65685425 42.31370850 23.31370850 14.82842712 34.72792206 0.00000000 58.97056275 34.97056275 72.21320344
103.94112550 139.56854249 121.81118318 107.15432893 91.97056275 97.59797975 94.45584412 130.56854249 85.04163056 87.94112550 122.25483400 79.97056275 105.49747468 80.04163056 126.66904756 80.18376618 114.91168825 74.97056275 111.42640687 70.97056275 107.91168825 111.84062043 74.91168825 63.45584412 58.72792206 98.01219331 54.31370850 55.79898987 103.98275606 65.42640687 92.84062043 52.21320344 74.08326112 64.59797975 90.66904756 51.72792206 42.31370850 42.38477631 63.35533906 36.62741700 78.35533906 87.94112550 29.48528137 69.11269837 43.45584412 58.04163056 27.38477631 18.82842712 76.79898987 11.41421356 34.89949494 47.31370850 16.65685425 78.38477631 71.55634919 24.82842712 58.97056275 0.00000000 90.04163056 13.24264069
120.95331881 104.59797975 102.35533906 105.49747468 122.33809512 111.53910524 132.23759005 95.59797975 112.09545443 103.53910524 87.28427125 119.50966799 89.84062043 100.61017306 91.69848481 94.12489168 80.76955262 122.02438662 76.45584412 107.43860018 72.35533906 77.69848481 77.49747468 89.05382387 108.36753237 63.04163056 101.71067812 111.29646456 64.66904756 70.74011537 57.87005769 82.98275606 56.76955262 60.25483400 51.94112550 113.08326112 103.66904756 85.01219331 52.76955262 76.18376618 38.45584412 44.28427125 91.76955262 36.87005769 61.11269837 40.87005769 75.04163056 92.87005769 22.55634919 90.38477631 55.14213562 42.72792206 73.38477631 13.07106781 21.89949494 65.79898987 34.97056275 90.04163056 0.00000000 103.28427125
109.08326112 144.61017306 129.78174593 115.12489168 97.11269837 105.81118318 99.59797975 143.81118318 90.18376618 95.91168825 127.88225099 85.11269837 113.46803743 85.18376618 139.91168825 88.15432893 120.53910524 80.11269837 124.66904756 76.11269837 121.15432893 125.08326112 86.98275606 70.25483400 63.87005769 111.25483400 59.45584412 60.94112550 117.22539674 74.56854249 106.08326112 59.59797975 86.39696962 73.74011537 103.91168825 56.87005769 47.45584412 49.18376618 75.66904756 45.76955262 91.59797975 101.18376618 34.62741700 82.35533906 55.76955262 71.28427125 38.28427125 23.14213562 90.04163056 17.72792206 48.14213562 60.55634919 29.89949494 91.62741700 84.79898987 38.07106781 72.21320344 13.24264069 103.28427125 0.00000000
