0.00000000 22.70895198 17.77766395 10.60664314 5.17859956 4.09302153 10.16823571 22.58714671 8.53409043 6.76183593 19.41048185 12.10757235 14.34976352 16.02233629 33.08591066 9.99262622 20.52786679 16.84949836 25.67043508 15.17681428 30.35835387 27.78760398 19.04112431 19.08625111 23.36999193 28.96564041 20.95265937 25.10141816 33.19662074 20.59495302 31.50562186 22.93500605 26.56995471 25.62801593 34.61460830 25.78620330 26.40267802 27.01433884 29.64331355 31.30251547 33.75914157 37.13686035 31.62292232 33.44437386 32.46931262 37.69575957 35.60451547 36.17892852 41.91303763 39.08702379 43.87958411 41.37632304 41.38992412 42.68324824 41.74725152 45.16497236 44.26623205 41.93935388 45.06867623 41.62928623
22.70895198 0.00000000 6.71092049 15.99011811 29.45199761 18.60806648 37.29568390 2.44913918 27.73911204 20.94755169 11.69573844 32.84345721 12.71927719 28.48096655 8.12249130 25.20971059 15.83521929 37.90232819 10.59143062 32.26347729 16.29533650 18.80264151 33.88961751 34.52818432 41.69510783 15.83281760 39.27777526 43.42653406 19.13360338 35.44344622 18.37279905 38.08788666 28.86133722 32.31815284 20.84656828 44.11131920 44.72779391 42.16721945 29.89515796 46.45539608 27.45272816 23.36882033 51.65194614 27.35497838 40.21028638 32.77103912 50.75739608 56.52979732 36.35064699 60.49602499 41.82515012 38.19014767 47.78390888 37.44097134 34.76520648 44.78974950 37.74555738 53.06697822 39.50628559 61.98015504
17.77766395 6.71092049 0.00000000 9.27919762 24.52070959 13.67677846 32.36439588 7.43854567 22.80782402 16.01626367 7.42689314 27.91216918 7.90685782 23.54967852 16.58764389 20.27842257 10.45792600 32.97104017 15.97519502 27.33218927 21.30166439 18.58632052 28.95832949 29.59689630 36.76381981 19.76435695 34.34648724 38.49524604 24.13993127 30.51215820 22.30433841 33.15659864 32.87247019 35.54522111 25.85289616 39.18003118 39.79650589 37.23593143 33.90629094 41.52410806 31.38426752 28.37514822 46.72065812 31.36611135 42.50557249 36.78217210 45.82610806 51.59850930 38.88971135 55.56473697 45.83628309 42.20128064 51.61151671 39.71233617 38.77633946 48.80088248 41.75669036 57.59841836 42.04534995 57.04886702
10.60664314 15.99011811 9.27919762 0.00000000 17.34968877 6.50575764 25.19337506 14.31480894 15.58168441 8.79012406 11.73931897 20.68602957 7.14103416 16.32353891 23.40086712 11.50048690 10.70274180 25.74490056 18.10626939 20.10604966 20.54853649 17.97778660 20.18039382 20.26800417 29.53768020 19.15582304 27.12034763 31.26910643 23.38680337 21.73422253 21.69580449 24.37866297 27.70922422 26.76728544 24.80479092 31.95389157 32.57036628 28.45799576 30.78258306 32.74617238 30.77573360 27.32704298 37.94272244 30.75757744 33.72763682 36.17363818 37.04817238 42.82057363 38.28117743 46.78680130 46.14518616 41.59274672 42.83358104 39.10380225 38.16780554 47.43057440 41.14815644 48.82048269 41.43681603 48.27093134
5.17859956 29.45199761 24.52070959 17.34968877 0.00000000 11.25526226 7.68528586 29.33019234 4.37359765 9.32435277 26.15352748 6.29594855 20.94496279 11.67031525 40.22709024 12.61671023 23.77707578 11.16006406 32.81161466 8.80839672 33.60756285 31.03681297 20.67422679 21.12558177 17.66384800 32.21484940 15.24651544 19.39527423 36.44582973 22.22805550 34.75483085 19.89759566 28.20305719 27.26111841 37.86381729 20.08005937 20.69653409 20.66795266 31.27641603 24.73643221 35.39224405 37.79017020 25.91677838 35.07747634 34.10241510 39.32886205 29.03843221 30.47278459 43.54614011 33.38087986 37.32671950 43.00942551 35.94479415 44.31635071 43.38035400 36.62957210 45.89933453 36.23320995 46.70177871 35.92314230
4.09302153 18.60806648 13.67677846 6.50575764 11.25526226 0.00000000 17.44939483 18.48626122 9.48725616 3.24067612 15.30959635 14.59160133 10.24887802 10.19136446 28.98502517 6.02750000 16.42698129 19.61272610 21.56954958 13.97387520 26.25746837 23.68671848 14.68014599 15.72341442 23.40550574 24.86475491 20.98817318 25.13693197 29.09573525 16.23397470 27.40473637 18.87841514 22.20897639 21.26703761 30.51372280 25.82171711 26.43819182 22.95774793 25.28233523 27.24592456 36.48466548 33.03597486 31.65843612 29.08339554 28.22738899 33.33478126 31.54792456 36.21444233 37.55205931 39.12253760 40.64493833 37.01534472 37.33333321 38.32226992 37.38627320 41.93032658 39.90525373 43.32023486 40.70769791 41.66480004
10.16823571 37.29568390 32.36439588 25.19337506 7.68528586 17.44939483 0.00000000 37.17387864 10.49069852 16.89668841 34.79291800 6.53667525 28.51729844 15.02728740 47.79942589 21.75370955 31.34941142 8.74017691 40.38395030 12.58059324 41.17989850 38.60914861 29.02954961 29.13734756 20.82908631 39.78718504 18.85019480 22.56051254 44.01816538 30.58337833 42.32716650 24.45696117 36.55838002 35.61644124 46.59027182 25.47580806 24.30021344 25.22731816 39.63173885 29.29579771 43.74756688 46.14549303 29.52045774 43.43279916 36.03733764 47.68418488 33.59779771 34.07646395 51.90146294 36.98455922 41.88608500 45.94063439 40.50415965 52.67167354 51.73567683 41.18893760 54.25465735 39.83688931 55.05710153 39.52682166
22.58714671 2.44913918 7.43854567 14.31480894 29.33019234 18.48626122 37.17387864 0.00000000 27.61730678 20.82574642 11.28391922 32.72165194 12.71010995 28.35916128 6.06822550 24.75426849 14.27695626 37.78052293 8.32168964 33.11206568 14.02559552 16.53290053 33.43417542 34.07274223 41.57330257 13.56307661 39.15597000 43.30472879 16.86386239 34.98800413 16.10305807 37.63244457 26.59159623 30.04841185 18.57682729 43.98951393 44.60598865 41.71177736 27.62541698 45.99995398 25.18298718 21.09907935 51.19650404 25.08523740 37.94054540 30.50129814 45.11439814 56.07435523 34.08090601 55.20845603 39.55540914 35.92040669 45.51416790 35.17123036 32.49546550 42.52000852 35.47581640 50.79723724 37.23654461 51.59281162
8.53409043 27.73911204 22.80782402 15.58168441 4.37359765 9.48725616 10.49069852 27.61730678 0.00000000 7.78115660 25.66995508 6.08210548 19.40176662 8.63223459 38.68389407 11.07351406 22.23387961 11.05025637 31.26841849 7.43089054 32.06436668 29.49361680 22.27883750 22.38663544 16.69598303 30.67165323 14.27865046 18.42740926 34.90263356 23.83266621 33.21163468 18.92973069 29.80766790 28.86572912 36.32062112 19.11219439 19.72866911 19.70008769 32.88102674 23.76856723 36.99685476 39.39478092 24.94891341 36.68208705 36.12318259 40.93347277 28.07056723 29.50491961 45.15075082 32.41301489 36.35885452 44.61403623 34.97692917 45.92096143 44.98496471 35.66170712 47.50394524 35.26534497 48.30638942 34.95527733
6.76183593 20.94755169 16.01626367 8.79012406 9.32435277 3.24067612 16.89668841 20.82574642 7.78115660 0.00000000 18.87839473 13.14635562 12.10059087 7.61829588 31.38271832 4.00813553 14.93270385 17.03965753 23.96724273 11.40080663 24.76319093 22.19244104 12.10226731 12.43938907 20.83243717 23.37047747 18.41510460 22.56386340 27.60145781 13.65609602 25.91045893 16.28814400 19.63109771 18.68915893 29.01944536 23.24864853 23.86512325 20.36747680 22.70445655 24.65565342 26.82028457 29.21821073 29.85220348 26.50551686 25.82245057 30.75690258 28.95765342 34.73005466 34.97418063 38.69628233 37.23272207 34.43746604 34.74306207 35.74439124 34.80839452 38.51811031 37.32737505 40.72996372 38.12981923 40.18041238
19.41048185 11.69573844 7.42689314 11.73931897 26.15352748 15.30959635 34.79291800 11.28391922 25.66995508 18.87839473 0.00000000 30.77430025 6.81800000 24.90994649 15.97421839 19.19208470 7.36024938 34.43898083 8.19128030 28.22954205 13.87477124 15.00616316 27.87199162 28.51055843 38.23176047 13.41225234 35.81442790 39.96318670 16.71303812 29.42582033 15.95223380 32.07026077 26.44077196 29.89758758 18.42600302 40.64797184 41.26444655 36.14959356 27.47459271 40.43777018 25.03216291 20.94825508 45.63432024 24.93441312 37.78972113 30.35047387 44.73977018 50.51217143 33.93008174 54.47839910 39.40458486 35.76958241 45.36334363 35.02040609 32.34464123 42.36918425 35.32499213 50.64641296 37.08572033 55.96252915
12.10757235 32.84345721 27.91216918 20.68602957 6.29594855 14.59160133 6.53667525 32.72165194 6.08210548 13.14635562 30.77430025 0.00000000 24.76696565 8.22814808 44.04909310 14.93952860 27.59907863 7.58474033 36.63361751 6.04391800 37.42956571 34.85881582 22.21536867 22.32316661 14.67637708 36.03685225 12.69748557 16.40780331 40.26783259 23.76919738 38.57683371 18.30425194 29.74419907 28.80226029 39.77609087 19.32309883 18.14750421 19.07460893 32.81755791 23.14308848 36.93338593 39.33131209 23.36774851 36.61861822 29.88462841 40.87000394 27.44508848 27.92375472 45.08728199 30.83184999 35.73337577 39.78792516 34.35145042 45.85749260 44.92149588 35.03622837 43.93143684 33.68418008 48.24292059 33.37411243
14.34976352 12.71927719 7.90685782 7.14103416 20.94496279 10.24887802 28.51729844 12.71010995 19.40176662 12.10059087 6.81800000 24.76696565 0.00000000 18.20890973 19.81662301 12.49104794 3.65189141 27.73794407 12.40114743 21.52850529 13.48237849 10.91162860 21.17095486 21.80952167 31.53072371 12.08966503 29.11339114 33.26214994 16.32064537 22.72478357 14.62964649 25.36922401 25.19777827 27.75784648 17.73863292 33.94693508 34.56340979 29.44855680 26.23159901 33.73673342 23.70957560 20.26088497 38.93328348 23.69141943 34.71819786 29.10748017 38.03873342 43.81113467 31.21501943 47.77736234 38.16159117 34.52658872 43.82414208 32.03764425 31.10164753 41.12619056 34.08199843 49.81104373 34.37065802 49.26149239
16.02233629 28.48096655 23.54967852 16.32353891 11.67031525 10.19136446 15.02728740 28.35916128 8.63223459 7.61829588 24.90994649 8.22814808 18.20890973 0.00000000 37.49103718 7.03120267 21.04102272 9.94810314 30.07556160 4.05350133 30.87150979 28.30075990 14.30704274 14.41484068 13.91390612 29.47879633 11.49657355 15.64533234 33.70977667 15.86087145 32.01877779 18.38743014 21.83587314 20.89393436 31.86776494 16.33011748 16.94659220 16.97169602 24.90923198 21.04017556 29.02506000 31.42298615 22.16683650 28.71029229 28.15138783 32.96167800 25.34217556 26.72284270 37.17895606 29.63093797 39.33200821 36.64224146 32.24853751 37.94916666 37.01316995 40.61739645 39.53215048 32.48326806 40.33459465 32.17320042
33.08591066 8.12249130 16.58764389 23.40086712 40.22709024 28.98502517 47.79942589 6.06822550 38.68389407 31.38271832 15.97421839 44.04909310 19.81662301 37.49103718 0.00000000 31.77317539 15.61183665 47.02007152 6.22447615 40.81063274 12.56123152 15.06853654 33.10606157 41.09164912 50.81285116 12.09871262 48.39551859 52.54427739 15.39949840 31.71403483 14.63869408 44.65135146 25.12723224 28.58404786 17.11246330 53.22906253 53.84553724 48.73068425 26.16105299 42.55336629 23.71862319 19.63471536 52.03855817 23.62087341 36.47618141 29.03693415 43.65003415 54.18648375 32.61654202 53.74409204 38.09104515 34.45604269 44.04980391 33.70686637 31.03110151 41.05564453 34.01145241 49.33287324 35.77218062 50.12844763
9.99262622 25.20971059 20.27842257 11.50048690 12.61671023 6.02750000 21.75370955 24.75426849 11.07351406 4.00813553 19.19208470 14.93952860 12.49104794 7.03120267 31.77317539 0.00000000 15.32316092 16.20804783 24.35769980 10.35079823 25.15364800 22.58289811 8.89706821 9.53563502 20.21158483 23.76093454 17.79425227 21.94301106 27.99191488 10.45089693 26.30091600 13.09533736 16.42589862 15.48395984 26.45779042 22.62779620 23.22891752 17.17467016 19.49925745 21.46284678 23.61508548 26.01301163 26.65939684 23.30031776 22.44431121 27.55170348 25.76484678 31.53724802 31.76898154 35.50347569 34.86186056 31.23226694 31.55025543 32.53919214 31.60319543 36.14724880 34.12217595 37.53715708 34.92462013 36.98760574
20.52786679 15.83521929 10.45792600 10.70274180 23.77707578 16.42698129 31.34941142 14.27695626 22.23387961 14.93270385 7.36024938 27.59907863 3.65189141 21.04102272 15.61183665 15.32316092 0.00000000 30.57005705 9.47827828 24.36061827 9.80302773 7.38765375 24.00306784 24.64163465 34.36283670 8.56569018 31.94550413 36.09426292 12.64129461 25.55689655 11.10567163 28.20133699 21.67380342 25.13061904 14.11301113 36.77904806 37.39552278 32.28066978 22.70762416 36.56884641 20.18560075 16.63526319 41.76539647 20.16744458 33.02275258 25.58350532 40.87084641 46.64324765 27.69104458 50.60947532 34.63761632 31.00261387 40.59637508 28.51366939 27.57767268 37.60221570 30.55802358 45.87944442 30.84668317 52.09360537
16.84949836 37.90232819 32.97104017 25.74490056 11.16006406 19.61272610 8.74017691 37.78052293 11.05025637 17.03965753 34.43898083 7.58474033 27.73794407 9.94810314 47.02007152 16.20804783 30.57005705 0.00000000 39.60459594 6.57365094 40.40054413 37.82979424 23.36346009 23.35266615 12.31277614 39.00783067 10.57364408 14.04420237 43.23881101 24.91728880 41.54781213 16.38921049 30.89229049 29.95035171 40.92418229 16.95949790 16.02366273 17.15956748 32.76413042 21.22804703 38.08147735 40.47940350 21.24390703 37.76670964 27.96958696 38.64576425 25.53004703 25.79991323 46.23537341 28.70800850 33.81833432 37.87288370 32.43640897 47.00558402 49.36145915 33.12118692 42.01639539 31.56033859 49.39101201 31.25027094
25.67043508 10.59143062 15.97519502 18.10626939 32.81161466 21.56954958 40.38395030 8.32168964 31.26841849 23.96724273 8.19128030 36.63361751 12.40114743 30.07556160 6.22447615 24.35769980 9.47827828 39.60459594 0.00000000 33.39515716 6.42767316 8.93497817 26.97250320 33.67617353 43.39737558 5.96515425 40.98004301 45.12880181 9.26594004 25.58047647 8.50513571 37.23587588 18.99367388 22.45048950 10.97890494 45.81358694 46.43006166 38.84428066 20.02749462 36.41980793 17.58506482 13.50115699 45.90499981 17.48731504 30.34262304 22.90337578 37.51647578 48.05292538 26.48298365 47.61053367 31.95748678 28.32248433 37.91624554 27.57330800 24.89754314 34.92208616 27.87789404 43.19931488 29.63862225 43.99488926
15.17681428 32.26347729 27.33218927 20.10604966 8.80839672 13.97387520 12.58059324 33.11206568 7.43089054 11.40080663 28.22954205 6.04391800 21.52850529 4.05350133 40.81063274 10.35079823 24.36061827 6.57365094 33.39515716 0.00000000 34.19110535 31.62035546 17.50621049 19.06303592 9.87773383 32.79839189 7.46040126 11.60916005 37.02937223 19.06003920 35.33837335 12.16516673 25.03504089 24.09310211 35.06693269 12.29394519 12.91041991 12.93552373 28.10839972 17.00400327 32.22422775 34.62215390 18.13066421 31.90946003 23.74554320 36.16084575 21.30600327 22.68667041 40.37812381 25.59476568 29.59429057 33.64883995 28.21236522 41.14833441 40.21233770 28.89714317 37.79235164 28.44709577 43.53376240 28.13702812
30.35835387 16.29533650 21.30166439 20.54853649 33.60756285 26.25746837 41.17989850 14.02559552 32.06436668 24.76319093 13.87477124 37.42956571 13.48237849 30.87150979 12.56123152 25.15364800 9.80302773 40.40054413 6.42767316 34.19110535 0.00000000 9.36458405 23.46998754 34.47212173 44.19332377 3.85149174 41.77599120 45.92475000 3.33776086 22.07796081 4.20097868 32.45381633 15.49115822 18.94797384 5.69374282 46.97067556 45.67733913 35.34176500 16.52497896 32.91729227 10.07434534 7.88188723 42.40248415 13.98479938 26.84010738 19.40086012 34.01396012 44.55040972 21.11204021 44.10801801 28.45497112 24.81996867 34.41372988 22.20236456 21.75434469 31.41957050 24.71127286 39.69679922 24.26767881 40.49237360
27.78760398 18.80264151 18.58632052 17.97778660 31.03681297 23.68671848 38.60914861 16.53290053 29.49361680 22.19244104 15.00616316 34.85881582 10.91162860 28.30075990 15.06853654 22.58289811 7.38765375 37.82979424 8.93497817 31.62035546 9.36458405 0.00000000 28.62146550 31.90137184 41.62257388 7.58357344 39.20524132 43.35400011 12.12330155 27.22943877 10.20720288 35.46107418 20.64263617 24.09945180 13.79113635 44.03878525 44.65525996 39.54040697 21.67645692 38.06877023 19.28713199 16.31338841 47.55396211 19.13627734 31.99158534 24.55233808 39.16543808 49.70188768 26.65987734 49.25949597 33.60644908 29.97144663 39.56520784 27.48250215 26.54650544 36.57104846 29.52685634 44.84827718 29.81551593 45.64385156
19.04112431 33.88961751 28.95832949 20.18039382 20.67422679 14.68014599 29.02954961 33.43417542 22.27883750 12.10226731 27.87199162 22.21536867 21.17095486 14.30704274 33.10606157 8.89706821 24.00306784 23.36346009 26.97250320 17.50621049 23.46998754 28.62146550 0.00000000 11.23285090 22.24490701 21.28622842 19.59735413 22.23509198 21.66746308 4.62670660 19.85941716 12.74127632 8.55568683 8.46503041 18.58757863 23.93058256 22.87485648 17.85911705 12.48032802 20.70175388 15.74487369 18.14279984 26.30533580 15.32096853 18.88623938 20.53277405 29.84566978 31.18318698 23.78963231 36.26444340 26.48569270 24.21333751 35.78694850 24.55984291 23.62384620 31.54982199 27.10324653 41.77385015 26.94527090 36.63354470
19.08625111 34.52818432 29.59689630 20.26800417 21.12558177 15.72341442 29.13734756 34.07274223 22.38663544 12.43938907 28.51055843 22.32316661 21.80952167 14.41484068 41.09164912 9.53563502 24.64163465 23.35266615 33.67617353 19.06303592 34.47212173 31.90137184 11.23285090 0.00000000 19.63656384 33.07940827 16.98901096 19.62674880 32.76499334 15.40590937 30.95694742 10.47987983 19.65321709 18.71127831 29.68510889 21.32223938 20.26651330 14.44785259 26.71767530 18.27522813 26.84240395 29.24033010 23.69699262 26.52763624 20.66200861 28.85672973 22.57722813 28.57484381 34.99630001 31.48293908 30.72593379 32.76502479 30.01630757 40.34152218 39.37604491 32.01132203 35.84179377 36.00320922 41.44991374 34.02520152
23.36999193 41.69510783 36.76381981 29.53768020 17.66384800 23.40550574 20.82908631 41.57330257 16.69598303 20.83243717 38.23176047 14.67637708 31.53072371 13.91390612 50.81285116 20.21158483 34.36283670 12.31277614 43.39737558 9.87773383 44.19332377 41.62257388 22.24490701 19.63656384 0.00000000 42.80061031 2.65717420 2.78233131 40.15492256 22.63100132 38.34687664 9.50363069 29.27738213 27.21867834 37.07503811 5.69762684 7.04864275 10.29409465 25.87855063 14.36257419 34.41670315 36.63484511 12.12820739 32.71918609 20.97274536 34.34259799 18.66457419 16.68421359 42.64912893 19.59230887 26.95286148 31.00741087 23.66708595 43.44135663 42.47587936 26.94986618 35.15092256 22.44463895 44.54974819 22.13457131
28.96564041 15.83281760 19.76435695 19.15582304 32.21484940 24.86475491 39.78718504 13.56307661 30.67165323 23.37047747 13.41225234 36.03685225 12.08966503 29.47879633 12.09871262 23.76093454 8.56569018 39.00783067 5.96515425 32.79839189 3.85149174 7.58357344 21.28622842 33.07940827 42.80061031 0.00000000 37.12613501 44.53203654 5.32322680 19.89420168 2.39712969 30.27005720 13.30739909 16.76421471 6.08053625 44.78691644 43.49358001 33.15800587 14.34121984 30.73353314 11.89879004 8.60278831 40.21872503 11.80104026 24.65634826 17.21710100 31.83020100 42.36665060 20.79670887 41.92425889 26.27121200 22.63620955 32.22997076 21.88703322 19.21126836 29.23581138 22.19161926 37.51304009 23.95234747 38.30861448
20.95265937 39.27777526 34.34648724 27.12034763 15.24651544 20.98817318 18.85019480 39.15597000 14.27865046 18.41510460 35.81442790 12.69748557 29.11339114 11.49657355 48.39551859 17.79425227 31.94550413 10.57364408 40.98004301 7.46040126 41.77599120 39.20524132 19.59735413 16.98901096 2.65717420 37.12613501 0.00000000 3.11637677 37.50736967 19.98344843 35.69932375 6.85607781 26.62982925 24.57112546 34.42748523 5.45536522 5.96886746 7.64654177 23.23099775 11.71502131 31.76915027 33.98729222 11.11866811 30.07163320 18.32519248 31.69504510 16.01702131 15.67467431 40.00157605 18.58276958 24.30530860 28.35985799 22.92338325 40.79380375 39.82832648 23.60816121 32.50336967 21.43509967 41.90219531 21.12503202
25.10141816 43.42653406 38.49524604 31.26910643 19.39527423 25.13693197 22.56051254 43.30472879 18.42740926 22.56386340 39.96318670 16.40780331 33.26214994 15.64533234 52.54427739 21.94301106 36.09426292 14.04420237 45.12880181 11.60916005 45.92475000 43.35400011 22.23509198 19.62674880 2.78233131 44.53203654 3.11637677 0.00000000 40.14510752 22.62118628 38.33706160 9.49381565 29.26756709 27.20886330 37.06522307 3.19446082 4.37721024 10.60478267 25.86873559 17.05286824 34.40688811 36.62503007 10.56969722 32.70937105 25.32014795 34.33278295 22.45962912 15.12570342 42.63931389 18.03379869 31.18318586 35.23773525 22.10857578 43.43154159 42.46606432 25.39135600 39.38124694 20.88612878 44.53993315 20.57606113
33.19662074 19.13360338 24.13993127 23.38680337 36.44582973 29.09573525 44.01816538 16.86386239 34.90263356 27.60145781 16.71303812 40.26783259 16.32064537 33.70977667 15.39949840 27.99191488 12.64129461 43.23881101 9.26594004 37.02937223 3.33776086 12.12330155 21.66746308 32.76499334 40.15492256 5.32322680 37.50736967 40.14510752 0.00000000 20.27543635 4.40389105 30.65129187 13.68863375 17.14544938 3.00301630 45.16815110 43.87481467 33.53924054 14.70263217 31.11476781 7.62486879 4.72940595 40.59995969 11.40844285 25.01776059 17.35955915 32.19161333 42.72806293 17.45445305 42.28567122 26.41367014 21.98101885 32.37242891 18.54477740 18.09675753 29.37826953 21.05368570 37.65549824 20.61009165 38.45107263
20.59495302 35.44344622 30.51215820 21.73422253 22.22805550 16.23397470 30.58337833 34.98800413 23.83266621 13.65609602 29.42582033 23.76919738 22.72478357 15.86087145 31.71403483 10.45089693 25.55689655 24.91728880 25.58047647 19.06003920 22.07796081 27.22943877 4.62670660 15.40590937 22.63100132 19.89420168 19.98344843 22.62118628 20.27543635 0.00000000 18.46739043 13.12737063 7.16366010 6.15818221 17.19555190 24.31667686 23.26095078 21.66406243 10.17347983 21.98972033 14.35284696 16.75077311 26.69143010 13.97454014 15.86826507 18.22592586 25.82304887 31.56928129 22.44320391 35.95748110 24.17884451 21.90648932 31.76432758 23.21341452 22.27741780 28.53184768 24.79639833 37.75122923 25.59884251 38.89118701
31.50562186 18.37279905 22.30433841 21.69580449 34.75483085 27.40473637 42.32716650 16.10305807 33.21163468 25.91045893 15.95223380 38.57683371 14.62964649 32.01877779 14.63869408 26.30091600 11.10567163 41.54781213 8.50513571 35.33837335 4.20097868 10.20720288 19.85941716 30.95694742 38.34687664 2.39712969 35.69932375 38.33706160 4.40389105 18.46739043 0.00000000 28.84324595 11.88058783 15.33740346 5.67850934 43.36010518 42.06676875 31.73119462 12.91440858 29.30672189 11.84625313 8.71774224 38.79191377 10.37422900 23.22953700 15.79028974 30.40338974 40.93983934 19.14084884 40.49744763 24.84440074 21.20939829 30.80315950 20.23117319 17.78445710 27.80900012 20.76480800 36.08622884 22.29648743 36.88180322
22.93500605 38.08788666 33.15659864 24.37866297 19.89759566 18.87841514 24.45696117 37.63244457 18.92973069 16.28814400 32.07026077 18.30425194 25.36922401 18.38743014 44.65135146 13.09533736 28.20133699 16.38921049 37.23587588 12.16516673 32.45381633 35.46107418 12.74127632 10.47987983 9.50363069 30.27005720 6.85607781 9.49381565 30.65129187 13.12737063 28.84324595 0.00000000 19.77375144 17.71504765 27.57140742 11.18930624 10.13358015 4.07933279 16.37491994 7.99440490 24.91307246 27.13121442 13.56405947 23.21555540 15.89272189 22.25655377 12.29640490 18.44191066 33.14549824 22.40813833 21.46949414 26.16484883 19.64778777 33.93772594 32.97224867 19.88754480 29.24161780 25.63468942 35.04611750 23.89226838
26.56995471 28.86133722 32.87247019 27.70922422 28.20305719 22.20897639 36.55838002 26.59159623 29.80766790 19.63109771 26.44077196 29.74419907 25.19777827 21.83587314 25.12723224 16.42589862 21.67380342 30.89229049 18.99367388 25.03504089 15.49115822 20.64263617 8.55568683 19.65321709 29.27738213 13.30739909 26.62982925 29.26756709 13.68863375 7.16366010 11.88058783 19.77375144 0.00000000 5.11440404 10.60874931 30.96305768 29.90733160 24.20254393 4.31530433 20.11069916 7.76604437 10.16397052 29.59589104 7.13986468 11.95867521 14.62650454 19.39490890 29.93135850 15.60852845 29.48896679 18.68846348 16.37094177 27.11774850 16.37873906 15.44274234 21.65306287 21.67561194 34.79438799 18.76416705 32.41889618
25.62801593 32.31815284 35.54522111 26.76728544 27.26111841 21.26703761 35.61644124 30.04841185 28.86572912 18.68915893 29.89758758 28.80226029 27.75784648 20.89393436 28.58404786 15.48395984 25.13061904 29.95035171 22.45048950 24.09310211 18.94797384 24.09945180 8.46503041 18.71127831 27.21867834 16.76421471 24.57112546 27.20886330 17.14544938 6.15818221 15.33740346 17.71504765 5.11440404 0.00000000 14.06556493 28.90435389 31.71767539 22.59847261 4.01529762 18.95762852 12.06622301 13.62078614 28.44282041 10.36870594 10.51580836 12.06774364 17.95204205 32.81732498 18.87665399 32.92538929 18.02066229 15.74830710 25.67488166 19.64686459 18.71086788 23.15320110 18.63821612 33.35152115 22.03229258 35.85909521
34.61460830 20.84656828 25.85289616 24.80479092 37.86381729 30.51372280 46.59027182 18.57682729 36.32062112 29.01944536 18.42600302 39.77609087 17.73863292 31.86776494 17.11246330 26.45779042 14.11301113 40.92418229 10.97890494 35.06693269 5.69374282 13.79113635 18.58757863 29.68510889 37.07503811 6.08053625 34.42748523 37.06522307 3.00301630 17.19555190 5.67850934 27.57140742 10.60874931 14.06556493 0.00000000 42.08826666 40.79493022 30.45935609 11.62274772 28.03488336 4.54498434 3.61606533 37.52007524 8.32855840 21.93787614 14.27967470 29.11172888 39.64817848 15.58267921 39.20578677 23.33378569 18.90113440 29.29254446 16.67300356 16.22498368 26.29838508 19.18191185 34.57561379 18.73831781 35.37118818
25.78620330 44.11131920 39.18003118 31.95389157 20.08005937 25.82171711 25.47580806 43.98951393 19.11219439 23.24864853 40.64797184 19.32309883 33.94693508 16.33011748 53.22906253 22.62779620 36.77904806 16.95949790 45.81358694 12.29394519 46.97067556 44.03878525 23.93058256 21.32223938 5.69762684 44.78691644 5.45536522 3.19446082 45.16815110 24.31667686 43.36010518 11.18930624 30.96305768 28.90435389 42.08826666 0.00000000 2.53733157 12.89221349 30.89177918 16.50343560 39.42993170 41.64807365 8.67225241 37.73241463 23.02662019 33.46569309 20.56218432 13.22825862 44.22850254 16.13635389 25.25531531 29.30986470 20.21113098 39.09325192 37.68156755 23.49391120 33.45337638 18.98868398 40.87944197 18.67861633
26.40267802 44.72779391 39.79650589 32.57036628 20.69653409 26.43819182 24.30021344 44.60598865 19.72866911 23.86512325 41.26444655 18.14750421 34.56340979 16.94659220 53.84553724 23.22891752 37.39552278 16.02366273 46.43006166 12.91041991 45.67733913 44.65525996 22.87485648 20.26651330 7.04864275 43.49358001 5.96886746 4.37721024 43.87481467 23.26095078 42.06676875 10.13358015 29.90733160 31.71767539 40.79493022 2.53733157 0.00000000 11.55156735 29.12152233 14.12091940 37.65967485 39.97019252 6.28973622 35.96215778 20.64410399 31.08317690 18.17966812 10.84574242 41.84598635 13.75383769 22.87279911 26.92734850 17.82861478 36.71073573 35.29905135 21.11139500 31.07086018 16.60616778 38.49692577 16.29610013
27.01433884 42.16721945 37.23593143 28.45799576 20.66795266 22.95774793 25.22731816 41.71177736 19.70008769 20.36747680 36.14959356 19.07460893 29.44855680 16.97169602 48.73068425 17.17467016 32.28066978 17.15956748 38.84428066 12.93552373 35.34176500 39.54040697 17.85911705 14.44785259 10.29409465 33.15800587 7.64654177 10.60478267 33.53924054 21.66406243 31.73119462 4.07933279 24.20254393 22.59847261 30.45935609 12.89221349 11.55156735 0.00000000 18.78594819 3.97313535 27.32410072 29.63461839 8.78776305 25.62658365 10.58330652 24.03003927 8.27513535 13.66561424 34.94921401 20.41120409 16.56342264 20.61797203 15.56956158 32.21063310 31.87921106 15.86627525 24.76148371 21.55646323 33.51619118 23.74346635
29.64331355 29.89515796 33.90629094 30.78258306 31.27641603 25.28233523 39.63173885 27.62541698 32.88102674 22.70445655 27.47459271 32.81755791 26.23159901 24.90923198 26.16105299 19.49925745 22.70762416 32.76413042 20.02749462 28.10839972 16.52497896 21.67645692 12.48032802 26.71767530 25.87855063 14.34121984 23.23099775 25.86873559 14.70263217 10.17347983 12.91440858 16.37491994 4.31530433 4.01529762 11.62274772 30.89177918 29.12152233 18.78594819 0.00000000 16.36147546 8.60380938 10.91432705 25.84666735 6.90629231 8.28629109 8.58202990 16.30562459 26.84207419 15.41424036 26.39968248 14.46181792 12.14429621 24.03125709 16.18445096 15.24845425 17.42641731 15.15250238 31.70789659 18.56987895 29.32961188
31.30251547 46.45539608 41.52410806 32.74617238 24.73643221 27.24592456 29.29579771 45.99995398 23.76856723 24.65565342 40.43777018 23.14308848 33.73673342 21.04017556 42.55336629 21.46284678 36.56884641 21.22804703 36.41980793 17.00400327 32.91729227 38.06877023 20.70175388 18.27522813 14.36257419 30.73353314 11.71502131 17.05286824 31.11476781 21.98972033 29.30672189 7.99440490 20.11069916 18.95762852 28.03488336 16.50343560 14.12091940 3.97313535 16.36147546 0.00000000 25.53993422 27.21014566 11.15672558 22.90277860 6.59860872 17.03768163 4.82367428 15.20359577 27.80049108 14.80223646 12.82119880 16.87574819 10.60908293 28.22593530 27.89451326 12.41481417 21.01925987 16.59598458 29.53149338 17.73594237
33.75914157 27.45272816 31.38426752 30.77573360 35.39224405 36.48466548 43.74756688 25.18298718 36.99685476 26.82028457 25.03216291 36.93338593 23.70957560 29.02506000 23.71862319 23.61508548 20.18560075 38.08147735 17.58506482 32.22422775 10.07434534 19.28713199 15.74487369 26.84240395 34.41670315 11.89879004 31.76915027 34.40688811 7.62486879 14.35284696 11.84625313 24.91307246 7.76604437 12.06622301 4.54498434 39.42993170 37.65967485 27.32410072 8.60380938 25.53993422 0.00000000 2.85023968 34.14063592 3.43255523 19.42831139 8.61954837 26.60216413 37.13861373 10.48983438 30.95794468 16.78980865 14.33763534 22.74856741 11.58015872 11.13213885 19.75440803 13.58652286 28.03163674 13.64547297 28.82721113
37.13686035 23.36882033 28.37514822 27.32704298 37.79017020 33.03597486 46.14549303 21.09907935 39.39478092 29.21821073 20.94825508 39.33131209 20.26088497 31.42298615 19.63471536 26.01301163 16.63526319 40.47940350 13.50115699 34.62215390 7.88188723 16.31338841 18.14279984 29.24033010 36.63484511 8.60278831 33.98729222 36.62503007 4.72940595 16.75077311 8.71774224 27.13121442 10.16397052 13.62078614 3.61606533 41.64807365 39.97019252 29.63461839 10.91432705 27.21014566 2.85023968 0.00000000 36.99087560 6.34128907 22.27855108 11.50283246 32.15462189 39.98885341 15.11605143 33.84122878 19.67309274 17.22091943 25.63185150 16.35818801 15.91016814 22.63769212 18.40548877 30.91492084 18.27169003 31.71049522
31.62292232 51.65194614 46.72065812 37.94272244 25.91677838 31.65843612 29.52045774 51.19650404 24.94891341 29.85220348 45.63432024 23.36774851 38.93328348 22.16683650 52.03855817 26.65939684 41.76539647 21.24390703 45.90499981 18.13066421 42.40248415 47.55396211 26.30533580 23.69699262 12.12820739 40.21872503 11.11866811 10.56969722 40.59995969 26.69143010 38.79191377 13.56405947 29.59589104 28.44282041 37.52007524 8.67225241 6.28973622 8.78776305 25.84666735 11.15672558 34.14063592 36.99087560 0.00000000 31.50348029 15.19931042 25.63838333 9.16140266 5.02940858 36.40119278 7.90556883 16.36371398 20.41826337 11.56656485 30.20165060 28.78996622 13.49687737 24.56177505 10.75789891 31.98784064 10.47976630
33.44437386 27.35497838 31.36611135 30.75757744 35.07747634 29.08339554 43.43279916 25.08523740 36.68208705 26.50551686 24.93441312 36.61861822 23.69141943 28.71029229 23.62087341 23.30031776 20.16744458 37.76670964 17.48731504 31.90946003 13.98479938 19.13627734 15.32096853 26.52763624 32.71918609 11.80104026 30.07163320 32.70937105 11.40844285 13.97454014 10.37422900 23.21555540 7.13986468 10.36870594 8.32855840 37.73241463 35.96215778 25.62658365 6.90629231 22.90277860 3.43255523 6.34128907 31.50348029 0.00000000 20.62365461 5.86509696 26.51688639 34.50704057 8.78871846 29.08734400 14.91920796 11.28420551 20.87796672 9.55892907 8.62293235 17.88380735 13.84479884 26.16103606 11.94435706 26.95661044
32.46931262 40.21028638 42.50557249 33.72763682 34.10241510 28.22738899 36.03733764 37.94054540 36.12318259 25.82245057 37.78972113 29.88462841 34.71819786 28.15138783 36.47618141 22.44431121 33.02275258 27.96958696 30.34262304 23.74554320 26.84010738 31.99158534 18.88623938 20.66200861 20.97274536 24.65634826 18.32519248 25.32014795 25.01776059 15.86826507 23.22953700 15.89272189 11.95867521 10.51580836 21.93787614 23.02662019 20.64410399 10.58330652 8.28629109 6.59860872 19.42831139 22.27855108 15.19931042 20.62365461 0.00000000 11.45042669 7.66083863 18.19728823 22.21323614 17.75489652 11.57812416 13.29982157 15.38519296 22.63868036 22.30725832 12.86351240 16.62708592 23.06183245 23.94423844 20.68482592
37.69575957 32.77103912 36.78217210 36.17363818 39.32886205 33.33478126 47.68418488 30.50129814 40.93347277 30.75690258 30.35047387 40.87000394 29.10748017 32.96167800 29.03693415 27.55170348 25.58350532 38.64576425 22.90337578 36.16084575 19.40086012 24.55233808 20.53277405 28.85672973 34.34259799 17.21710100 31.69504510 34.33278295 17.35955915 18.22592586 15.79028974 22.25655377 14.62650454 12.06774364 14.27967470 33.46569309 31.08317690 24.03003927 8.58202990 17.03768163 8.61954837 11.50283246 25.63838333 5.86509696 11.45042669 0.00000000 20.65178943 28.64194361 10.91904339 23.22224704 9.05411100 6.73658928 15.01286976 11.55971197 10.59423469 12.01871038 10.50350000 20.29593910 12.66810353 21.09151348
35.60451547 50.75739608 45.82610806 37.04817238 29.03843221 31.54792456 33.59779771 45.11439814 28.07056723 28.95765342 44.73977018 27.44508848 38.03873342 25.34217556 43.65003415 25.76484678 40.87084641 25.53004703 37.51647578 21.30600327 34.01396012 39.16543808 29.84566978 22.57722813 18.66457419 31.83020100 16.01702131 22.45962912 32.19161333 25.82304887 30.40338974 12.29640490 19.39490890 17.95204205 29.11172888 20.56218432 18.17966812 8.27513535 16.30562459 4.82367428 26.60216413 32.15462189 9.16140266 26.51688639 7.66083863 20.65178943 0.00000000 12.46345342 31.41459888 10.82090616 10.87669696 14.93124635 5.89578124 24.71463358 23.30294920 7.59113989 19.07475803 12.81219638 26.50082362 13.76213116
36.17892852 56.52979732 51.59850930 42.82057363 30.47278459 36.21444233 34.07646395 56.07435523 29.50491961 34.73005466 50.51217143 27.92375472 43.81113467 26.72284270 54.18648375 31.53724802 46.64324765 25.79991323 48.05292538 22.68667041 44.55040972 49.70188768 31.18318698 28.57484381 16.68421359 42.36665060 15.67467431 15.12570342 42.72806293 31.56928129 40.93983934 18.44191066 29.93135850 32.81732498 39.64817848 13.22825862 10.84574242 13.66561424 26.84207419 15.20359577 37.13861373 39.98885341 5.02940858 34.50704057 18.19728823 28.64194361 12.46345342 0.00000000 34.73441323 3.02208239 16.99990825 21.05445764 12.58935576 30.83784487 29.42616049 14.14141846 25.19796932 5.30035656 32.62403491 5.45035772
41.91303763 36.35064699 38.88971135 38.28117743 43.54614011 37.55205931 51.90146294 34.08090601 45.15075082 34.97418063 33.93008174 45.08728199 31.21501943 37.17895606 32.61654202 31.76898154 27.69104458 46.23537341 26.48298365 40.37812381 21.11204021 26.65987734 23.78963231 34.99630001 42.64912893 20.79670887 40.00157605 42.63931389 17.45445305 22.44320391 19.14084884 33.14549824 15.60852845 18.87665399 15.58267921 44.22850254 41.84598635 34.94921401 15.41424036 27.80049108 10.48983438 15.11605143 36.40119278 8.78871846 22.21323614 10.91904339 31.41459888 34.73441323 0.00000000 31.98693488 17.81879884 12.87737315 23.77755761 3.32443478 3.63412211 20.78339823 6.85953329 29.06062694 4.67045656 29.85620133
39.08702379 60.49602499 55.56473697 46.78680130 33.38087986 39.12253760 36.98455922 55.20845603 32.41301489 38.69628233 54.47839910 30.83184999 47.77736234 29.63093797 53.74409204 35.50347569 50.60947532 28.70800850 47.61053367 25.59476568 44.10801801 49.25949597 36.26444340 31.48293908 19.59230887 41.92425889 18.58276958 18.03379869 42.28567122 35.95748110 40.49744763 22.40813833 29.48896679 32.92538929 39.20578677 16.13635389 13.75383769 20.41120409 26.39968248 14.80223646 30.95794468 33.84122878 7.90556883 29.08734400 17.75489652 23.22224704 10.82090616 3.02208239 31.98693488 0.00000000 14.25242990 18.30697929 9.40376017 28.09036652 26.67868214 12.11253896 22.45049098 2.91661331 29.87655656 3.74281338
43.87958411 41.82515012 45.83628309 46.14518616 37.32671950 40.64493833 41.88608500 39.55540914 36.35885452 37.23272207 39.40458486 35.73337577 38.16159117 39.33200821 38.09104515 34.86186056 34.63761632 33.81833432 31.95748678 29.59429057 28.45497112 33.60644908 26.48569270 30.72593379 26.95286148 26.27121200 24.30530860 31.18318586 26.41367014 24.17884451 24.84440074 21.46949414 18.68846348 18.02066229 23.33378569 25.25531531 22.87279911 16.56342264 14.46181792 12.82119880 16.78980865 19.67309274 16.36371398 14.91920796 11.57812416 9.05411100 10.87669696 16.99990825 17.81879884 14.25242990 0.00000000 4.02667933 5.42007648 13.81006656 12.39838218 2.92000750 8.17019101 11.12063824 15.59625660 11.91621262
41.37632304 38.19014767 42.20128064 41.59274672 43.00942551 37.01534472 45.94063439 35.92040669 44.61403623 34.43746604 35.76958241 39.78792516 34.52658872 36.64224146 34.45604269 31.23226694 31.00261387 37.87288370 28.32248433 33.64883995 24.81996867 29.97144663 24.21333751 32.76502479 31.00741087 22.63620955 28.35985799 35.23773525 21.98101885 21.90648932 21.20939829 26.16484883 16.37094177 15.74830710 18.90113440 29.30986470 26.92734850 20.61797203 12.14429621 16.87574819 14.33763534 17.22091943 20.41826337 11.28420551 13.29982157 6.73658928 14.93124635 21.05445764 12.87737315 18.30697929 4.02667933 0.00000000 9.44675581 9.85649383 8.44480945 6.94668683 4.21661829 15.14731756 11.64268387 15.94289195
41.38992412 47.78390888 51.61151671 42.83358104 35.94479415 37.33333321 40.50415965 45.51416790 34.97692917 34.74306207 45.36334363 34.35145042 43.82414208 32.24853751 44.04980391 31.55025543 40.59637508 32.43640897 37.91624554 28.21236522 34.41372988 39.56520784 35.78694850 30.01630757 23.66708595 32.22997076 22.92338325 22.10857578 32.37242891 31.76432758 30.80315950 19.64778777 27.11774850 25.67488166 29.29254446 20.21113098 17.82861478 15.56956158 24.03125709 10.60908293 22.74856741 25.63185150 11.56656485 20.87796672 15.38519296 15.01286976 5.89578124 12.58935576 23.77755761 9.40376017 5.42007648 9.44675581 0.00000000 19.23014303 17.81845865 2.72061035 13.59026749 8.43301832 21.01633308 10.42514610
42.68324824 37.44097134 39.71233617 39.10380225 44.31635071 38.32226992 52.67167354 35.17123036 45.92096143 35.74439124 35.02040609 45.85749260 32.03764425 37.94916666 33.70686637 32.53919214 28.51366939 47.00558402 27.57330800 41.14833441 22.20236456 27.48250215 24.55984291 40.34152218 43.44135663 21.88703322 40.79380375 43.43154159 18.54477740 23.21341452 20.23117319 33.93772594 16.37873906 19.64686459 16.67300356 39.09325192 36.71073573 32.21063310 16.18445096 28.22593530 11.58015872 16.35818801 30.20165060 9.55892907 22.63868036 11.55971197 24.71463358 30.83784487 3.32443478 28.09036652 13.81006656 9.85649383 19.23014303 0.00000000 2.09140934 16.73007406 5.41757474 24.93070479 2.01916879 25.72627918
41.74725152 34.76520648 38.77633946 38.16780554 43.38035400 37.38627320 51.73567683 32.49546550 44.98496471 34.80839452 32.34464123 44.92149588 31.10164753 37.01316995 31.03110151 31.60319543 27.57767268 49.36145915 24.89754314 40.21233770 21.75434469 26.54650544 23.62384620 39.37604491 42.47587936 19.21126836 39.82832648 42.46606432 18.09675753 22.27741780 17.78445710 32.97224867 15.44274234 18.71086788 16.22498368 37.68156755 35.29905135 31.87921106 15.24845425 27.89451326 11.13213885 15.91016814 28.78996622 8.62293235 22.30725832 10.59423469 23.30294920 29.42616049 3.63412211 26.67868214 12.39838218 8.44480945 17.81845865 2.09140934 0.00000000 15.31838968 3.48639253 23.51902041 3.87759938 24.31459480
45.16497236 44.78974950 48.80088248 47.43057440 36.62957210 41.93032658 41.18893760 42.52000852 35.66170712 38.51811031 42.36918425 35.03622837 41.12619056 40.61739645 41.05564453 36.14724880 37.60221570 33.12118692 34.92208616 28.89714317 31.41957050 36.57104846 31.54982199 32.01132203 26.94986618 29.23581138 23.60816121 25.39135600 29.37826953 28.53184768 27.80900012 19.88754480 21.65306287 23.15320110 26.29838508 23.49391120 21.11139500 15.86627525 17.42641731 12.41481417 19.75440803 22.63769212 13.49687737 17.88380735 12.86351240 12.01871038 7.59113989 14.14141846 20.78339823 12.11253896 2.92000750 6.94668683 2.72061035 16.73007406 15.31838968 0.00000000 11.09019852 8.30682861 18.51626410 9.10240299
44.26623205 37.74555738 41.75669036 41.14815644 45.89933453 39.90525373 54.25465735 35.47581640 47.50394524 37.32737505 35.32499213 43.93143684 34.08199843 39.53215048 34.01145241 34.12217595 30.55802358 42.01639539 27.87789404 37.79235164 24.71127286 29.52685634 27.10324653 35.84179377 35.15092256 22.19161926 32.50336967 39.38124694 21.05368570 24.79639833 20.76480800 29.24161780 21.67561194 18.63821612 19.18191185 33.45337638 31.07086018 24.76148371 15.15250238 21.01925987 13.58652286 18.40548877 24.56177505 13.84479884 16.62708592 10.50350000 19.07475803 25.19796932 6.85953329 22.45049098 8.17019101 4.21661829 13.59026749 5.41757474 3.48639253 11.09019852 0.00000000 19.29082925 7.20376479 20.08640364
41.93935388 53.06697822 57.59841836 48.82048269 36.23320995 43.32023486 39.83688931 50.79723724 35.26534497 40.72996372 50.64641296 33.68418008 49.81104373 32.48326806 49.33287324 37.53715708 45.87944442 31.56033859 43.19931488 28.44709577 39.69679922 44.84827718 41.77385015 36.00320922 22.44463895 37.51304009 21.43509967 20.88612878 37.65549824 37.75122923 36.08622884 25.63468942 34.79438799 33.35152115 34.57561379 18.98868398 16.60616778 21.55646323 31.70789659 16.59598458 28.03163674 30.91492084 10.75789891 26.16103606 23.06183245 20.29593910 12.81219638 5.30035656 29.06062694 2.91661331 11.12063824 15.14731756 8.43301832 24.93070479 23.51902041 8.30682861 19.29082925 0.00000000 26.71689483 2.43216923
45.06867623 39.50628559 42.04534995 41.43681603 46.70177871 40.70769791 55.05710153 37.23654461 48.30638942 38.12981923 37.08572033 48.24292059 34.37065802 40.33459465 35.77218062 34.92462013 30.84668317 49.39101201 29.63862225 43.53376240 24.26767881 29.81551593 26.94527090 41.44991374 44.54974819 23.95234747 41.90219531 44.53993315 20.61009165 25.59884251 22.29648743 35.04611750 18.76416705 22.03229258 18.73831781 40.87944197 38.49692577 33.51619118 18.56987895 29.53149338 13.64547297 18.27169003 31.98784064 11.94435706 23.94423844 12.66810353 26.50082362 32.62403491 4.67045656 29.87655656 15.59625660 11.64268387 21.01633308 2.01916879 3.87759938 18.51626410 7.20376479 26.71689483 0.00000000 27.51246922
41.62928623 61.98015504 57.04886702 48.27093134 35.92314230 41.66480004 39.52682166 51.59281162 34.95527733 40.18041238 55.96252915 33.37411243 49.26149239 32.17320042 50.12844763 36.98760574 52.09360537 31.25027094 43.99488926 28.13702812 40.49237360 45.64385156 36.63354470 34.02520152 22.13457131 38.30861448 21.12503202 20.57606113 38.45107263 38.89118701 36.88180322 23.89226838 32.41889618 35.85909521 35.37118818 18.67861633 16.29610013 23.74346635 29.32961188 17.73594237 28.82721113 31.71049522 10.47976630 26.95661044 20.68482592 21.09151348 13.76213116 5.45035772 29.85620133 3.74281338 11.91621262 15.94289195 10.42514610 25.72627918 24.31459480 9.10240299 20.08640364 2.43216923 27.51246922 0.00000000
