0.00000000 38.85582480 29.55934678 18.56188595 10.07082398 7.88118489 21.02191529 38.55048121 12.48923412 11.74389603 30.99729785 19.12250843 23.25988455 18.39024609 46.80287992 19.00185248 28.53270952 26.08410521 37.70675625 22.43910826 43.57591587 39.25507489 32.36020004 28.73013502 31.70479519 40.30783800 32.75661903 36.56581421 51.24092332 33.82781129 44.63839002 35.49821897 44.29845646 40.86199213 52.62562044 43.84580487 42.77738617 42.08570003 46.56226032 46.80799230 57.71090188 59.93457112 48.80475612 54.68481290 48.63820321 56.47440009 52.97073014 55.78456793 66.08317383 60.16383327 62.35133685 63.01101184 62.01042731 70.99524737 69.45871812 63.54159220 68.26358439 66.96631308 77.32648517 69.34908183
38.85582480 0.00000000 9.74067080 22.36108426 47.18528329 30.99684199 58.38620223 6.25683022 44.06796141 34.88289768 14.85552832 52.53184748 21.84014850 44.80379775 15.59642059 37.55945736 24.40446079 58.94072927 19.26142348 50.30740718 28.89935207 30.60167533 52.19439953 49.91281993 60.27920545 26.96492820 61.33102930 65.14022448 36.56435952 53.66201079 31.29548021 56.30918295 49.37148228 54.25265680 38.65577009 72.42021514 71.35179644 62.89666401 50.26095874 67.61895629 45.42401852 45.96472077 73.52871329 45.90644160 63.56562655 52.75754217 73.78169412 81.02313757 55.70798580 85.39284313 67.68539386 61.79231531 78.85820885 60.68014254 59.26800536 74.09489966 63.32927880 89.30277836 66.95129714 94.58765146
29.55934678 9.74067080 0.00000000 12.62041346 37.88880528 21.70036397 49.08972422 11.11822549 34.77148340 25.58641967 9.50074011 43.23536946 13.21833941 35.50731974 20.54124333 28.26297935 17.00368232 49.64425125 19.70417521 41.01092917 28.78367046 25.81274820 42.89792152 40.61634192 50.98272744 26.86551131 52.03455129 55.84374646 36.44867791 44.36553277 31.19606333 47.01270494 49.01094905 51.39971361 38.54008848 63.12373712 62.05531843 53.60018600 49.90042551 58.32247828 45.32460163 45.84903916 64.23223528 45.54590838 59.23562797 52.39700894 64.48521611 71.72665955 55.52884501 76.09636511 67.32486063 61.43178208 73.52491328 60.44400138 58.90747213 73.73436644 62.96874557 81.30277752 66.77215635 85.29117345
18.56188595 22.36108426 12.62041346 0.00000000 26.89134445 10.70290314 38.09226339 22.49751067 23.78207869 14.59701496 15.65531918 32.24596476 10.41877734 24.51791503 31.04871946 18.08839134 16.51810658 38.65484654 23.47490195 30.02152446 31.54385787 27.22301689 32.72333351 30.27792996 39.99332273 28.27578000 41.04514658 44.85434175 39.20886532 34.19094477 32.60633202 36.83811693 44.66158994 41.22512561 40.59356243 52.13433241 51.06591372 43.42559799 46.92539379 48.14789027 46.73487033 47.90251312 54.05764727 46.95617707 49.06103996 53.80727763 54.31062810 61.55207155 56.93911370 65.92177711 63.36779461 62.84205077 63.35032528 61.85427007 60.31774082 64.55804996 64.37901426 71.12818951 68.18242504 75.11658544
10.07082398 47.18528329 37.88880528 26.89134445 0.00000000 16.83030182 12.66981947 46.87993970 7.08694761 14.73992739 39.32675634 10.57687618 30.73197398 14.78245993 54.66274676 20.81026274 35.20206732 18.14027608 45.56662309 15.05934234 50.24527367 45.92443269 33.42079331 29.53499359 23.80244570 46.97719580 24.85426955 28.66346473 57.91028111 34.88840456 51.30774782 34.01124946 45.35904973 41.92258540 59.29497823 35.94345539 34.87503669 35.39768937 47.62285359 41.29126222 58.77149516 64.15788343 40.90240663 55.74540617 49.69879649 57.53499336 47.45400005 47.88221845 67.14376711 52.26148378 58.58186481 64.07160511 55.34122837 72.05584064 70.51931140 58.87721838 69.32417766 59.06396359 78.38707844 61.44673234
7.88118489 30.99684199 21.70036397 10.70290314 16.83030182 0.00000000 28.04024087 30.69149840 14.10645599 6.08062745 23.13831504 22.57034206 15.40090174 14.92542691 38.94389711 11.56922386 20.67372671 29.06235842 29.84777344 20.42903634 35.71693306 31.39609208 26.16540674 23.51300358 30.40083461 32.44885519 31.45265845 35.26185363 43.38194051 27.63301799 36.77940721 30.28019016 38.10366317 34.66719883 44.76663762 42.54184429 41.47342559 36.86767122 40.36746702 41.58996350 50.90794552 52.07558831 47.50079554 48.49001961 42.50311319 50.27960680 47.75270133 54.48060735 59.88838054 58.85987269 56.80986784 56.81621854 56.79239850 64.80045407 63.26392483 58.00012319 62.06879109 64.57026274 71.13169188 68.04512125
21.02191529 58.38620223 49.08972422 38.09226339 12.66981947 28.04024087 0.00000000 58.08085864 16.16099373 25.47521159 50.14155015 10.32871496 41.46725817 21.52646145 65.39803095 31.44501678 45.93735151 14.55813387 56.30190728 20.29751624 60.98055786 56.65971688 41.14547654 36.81963458 25.96170878 57.71247999 27.50828973 30.82272780 68.64556531 42.61308779 62.04303201 37.69560674 53.08373297 49.64726864 70.45224331 38.43111425 37.52905687 39.08204665 55.34753682 44.97561949 66.49617839 71.88256666 43.55642681 63.47008941 56.06719124 65.25967660 51.13835733 50.53623863 74.86845034 54.91550396 62.26622209 69.96805141 59.02558565 79.78052388 78.24399463 62.56157566 77.04886089 61.71798377 86.11176168 64.10075252
38.55048121 6.25683022 11.11822549 22.49751067 46.87993970 30.69149840 58.08085864 0.00000000 43.76261782 34.57755409 12.94665725 52.22650389 20.86497607 44.49845416 9.72164098 36.90907156 20.67264561 58.63538568 14.04882024 49.89766464 23.68674884 25.38907209 51.54401373 49.26243413 59.97386186 21.75232496 61.02568571 64.83488089 31.35175629 53.01162499 26.08287698 55.65879715 44.15887904 49.04005356 33.44316685 72.11487155 71.04645285 62.24627821 45.04835550 66.96857049 40.21141529 40.75211753 72.87832749 40.69383837 58.35302332 47.54493893 69.75173411 80.37275177 50.49538256 84.04870323 62.47279062 56.57971207 73.64560562 55.46753931 54.05540212 68.88229643 58.11667557 84.09017513 61.73869390 91.32918581
12.48923412 44.06796141 34.77148340 23.78207869 7.08694761 14.10645599 16.16099373 43.76261782 0.00000000 10.65363052 35.63603368 9.17348667 26.64567711 8.55344118 50.57644989 16.72396587 31.11577045 15.69620784 41.48032622 10.29361384 46.15897679 41.83813582 28.39902931 24.07318735 19.94315420 42.89089893 20.99497804 24.80417322 53.82398424 29.86664056 47.22145095 30.15195795 40.33728574 36.90082140 55.20868136 32.08416388 31.01574518 31.53839786 42.60108959 37.43197071 53.74973116 59.13611943 37.04311513 50.72364217 44.51074490 52.51322937 43.59470854 44.02292694 62.12200311 48.40219228 54.72257331 59.04984111 51.48193686 67.03407664 65.49754740 55.01792687 64.30241366 55.20467208 73.36531445 57.58744083
11.74389603 34.88289768 25.58641967 14.59701496 14.73992739 6.08062745 25.47521159 34.57755409 10.65363052 0.00000000 26.45096995 19.23498378 17.01261903 10.40126291 40.94339181 7.47255516 21.48271237 24.53819443 31.84726814 15.90487234 36.52591871 32.20507774 21.07435099 17.47406390 25.87667062 33.25784085 26.92849446 30.73768964 44.19092616 22.54196224 37.58839287 24.24214785 33.01260741 29.57614308 45.57562328 38.01768030 36.94926160 30.82962891 35.27641127 35.55192118 46.42505283 51.81144110 41.46167819 43.39896385 37.38213209 45.18855104 41.71465902 48.95610246 54.79732478 53.32580802 51.09526573 51.72516279 50.75435619 59.70939832 58.17286907 52.28552108 56.97773534 58.53222042 66.04063612 62.52061635
30.99729785 14.85552832 9.50074011 15.65531918 39.32675634 23.13831504 50.14155015 12.94665725 35.63603368 26.45096995 0.00000000 44.09991974 10.04659518 35.40839380 17.64970499 27.32728229 10.13070689 49.51847178 10.49949619 40.49923832 19.28293035 18.10856310 41.96222446 39.68064486 50.85694797 17.34850647 51.90877181 55.71796699 26.94793780 43.42983571 21.67905849 46.07700788 39.75506055 44.63623507 29.03934836 62.99795765 61.92953895 52.66448894 40.64453701 57.38678121 35.80759679 36.34829904 63.29653822 36.29001988 53.94920483 43.14112044 63.54951905 70.79096249 46.09156407 75.16066805 58.06897213 52.17589358 69.24178713 51.06372082 49.65158363 64.47847794 53.71285707 79.68635664 57.33487541 84.35547638
19.12250843 52.53184748 43.23536946 32.24596476 10.57687618 22.57034206 10.32871496 52.22650389 9.17348667 19.23498378 44.09991974 0.00000000 35.22703037 12.57946610 59.15780315 22.49652671 39.69712371 8.64109363 50.06167948 9.96880128 54.74033006 50.41948908 32.19698648 27.87114451 16.40880179 51.47225219 17.95538274 21.26982081 62.40533750 33.66459773 55.80280421 28.14269975 44.13524290 40.69877857 61.50375324 28.87820726 27.97614988 29.52913965 46.39904676 35.42271250 57.54768832 62.93407659 34.00351982 54.52159934 46.51428425 56.31118653 41.58545033 40.98333164 65.91996027 45.36259697 52.71331510 60.41514442 49.47267865 70.83203381 69.29550456 53.00866866 67.81115782 52.16507678 77.16327161 54.54784553
23.25988455 21.84014850 13.21833941 10.41877734 30.73197398 15.40090174 41.46725817 20.86497607 26.64567711 17.01261903 10.04659518 35.22703037 0.00000000 25.81148319 24.83220292 17.73037168 6.27388644 39.92156117 15.73607925 30.90232771 21.31709278 16.99625181 32.36531385 30.08373425 41.26003736 18.04901491 42.31186120 46.12105638 28.98210023 33.83292510 22.37956693 36.48009727 40.19445266 40.86710594 30.36679735 53.40104704 52.33262834 43.06757833 41.08392912 47.78987061 36.50810524 37.67574803 53.69962761 36.72941198 48.70302030 43.58051254 53.95260844 61.19405188 46.71234862 65.56375744 58.50836424 52.61528568 62.99230561 51.62750498 50.09097574 64.91787004 54.15224918 70.77016985 57.95565996 74.75856577
18.39024609 44.80379775 35.50731974 24.51791503 14.78245993 14.92542691 21.52646145 44.49845416 8.55344118 10.40126291 35.40839380 12.57946610 25.81148319 0.00000000 49.74225597 10.33489701 30.28157653 15.46499486 40.64613230 6.07784876 45.32478287 41.00394190 20.03535677 15.70951481 16.70430014 42.05670501 17.75612399 21.56531917 52.98979032 21.50296802 46.38725703 22.54240666 31.97361319 28.53714886 49.34212353 28.84530983 27.77689113 28.08062974 34.23741705 33.97420259 45.38605862 50.77244689 33.80426107 42.35996963 36.14707236 44.14955682 40.13694042 40.78407289 53.75833057 45.16333822 49.39552454 50.68616857 48.02416874 58.67040410 57.13387486 50.58577989 55.93874112 51.96581803 65.00164190 54.34858678
46.80287992 15.59642059 20.54124333 31.04871946 54.66274676 38.94389711 65.39803095 9.72164098 50.57644989 40.94339181 17.64970499 59.15780315 24.83220292 49.74225597 0.00000000 41.66114445 21.68848299 63.85233395 10.14232373 54.83310049 21.33667331 23.03899657 56.02694861 54.01450703 65.19081014 19.40224943 66.24263398 70.05182916 29.00168076 52.53075990 23.73280145 60.41087005 41.80880351 46.68997804 31.09309133 77.33181982 76.26340112 66.99835111 42.69827998 64.88325136 37.86133976 38.40204201 76.21931570 38.34376284 56.00294779 45.19486340 67.40165858 80.22859794 48.14530703 81.69862770 60.12271510 54.22963654 71.29553009 53.11746378 51.70532660 66.53222090 55.76660004 81.74009960 59.38861837 88.97911028
19.00185248 37.55945736 28.26297935 18.08839134 20.81026274 11.56922386 31.44501678 36.90907156 16.72396587 7.47255516 27.32728229 22.49652671 17.73037168 10.33489701 41.66114445 0.00000000 22.20046502 24.86525646 32.56502078 15.42574153 37.24367136 32.92283039 15.04865925 12.76707965 26.10154111 33.97559350 27.15336495 30.96256013 44.90867881 16.51627050 38.30614551 19.16344266 26.98691567 23.55045134 44.35542601 38.24255079 35.27019226 25.75092373 29.25071953 30.47321600 40.39936109 45.78574936 36.38297301 37.37327211 31.38636570 39.16285930 36.63595384 43.87739728 48.77163304 48.24710284 45.69312035 45.69947105 45.67565101 53.68370658 52.14717733 46.88337570 50.95204360 53.45351524 60.01494438 57.44191117
28.53270952 24.40446079 17.00368232 16.51810658 35.20206732 20.67372671 45.93735151 20.67264561 31.11577045 21.48271237 10.13070689 39.69712371 6.27388644 30.28157653 21.68848299 22.20046502 0.00000000 44.39165451 11.66823643 35.37242105 15.65804894 11.11257378 36.83540719 34.55382759 45.73013070 12.16533689 46.78195455 50.59114972 23.32305638 38.30301844 16.49588891 40.95019061 34.31077463 39.19194915 24.68865489 57.87114038 56.80272169 47.53767167 35.20025109 52.25996395 30.62442721 31.99760557 58.16972095 30.84573396 48.50491891 37.69683452 58.42270178 65.66414522 40.82867059 70.03385078 52.62468621 46.73160766 63.79750121 45.74382696 44.20729771 59.03419202 48.26857115 74.24207072 52.07198193 79.22865912
26.08410521 58.94072927 49.64425125 38.65484654 18.14027608 29.06235842 14.55813387 58.63538568 15.69620784 24.53819443 49.51847178 8.64109363 39.92156117 15.46499486 63.85233395 24.86525646 44.39165451 0.00000000 54.75621028 10.26711491 59.43486086 55.11401988 34.08859271 29.73365180 13.37791752 56.16678299 15.07760108 18.23893655 67.09986831 35.55620396 60.49733501 25.38685264 46.02684914 42.59038480 63.39535948 25.84732299 25.09836823 26.77329255 47.40024164 32.66686540 59.43929456 64.82568283 31.12573817 56.41320558 43.75843714 54.46112608 38.82960323 38.10554998 67.81156651 42.48481532 49.95746799 57.65929731 46.71683155 72.72364005 70.06944804 50.25282156 65.05531071 49.28729513 79.05487785 51.67006388
37.70675625 19.26142348 19.70417521 23.47490195 45.56662309 29.84777344 56.30190728 14.04882024 41.48032622 31.84726814 10.49949619 50.06167948 15.73607925 40.64613230 10.14232373 32.56502078 11.66823643 54.75621028 0.00000000 45.73697682 11.31642675 13.01875001 46.00670205 44.91838336 56.09468647 9.38200287 57.14651031 60.95570549 18.98143420 42.51051334 13.71255489 51.31474638 31.78855696 36.66973148 21.07284477 68.23569615 67.16727745 56.50370251 32.67803342 54.86300480 27.84109320 28.38179545 66.19906914 28.32351628 45.98270123 35.17461685 57.38141203 70.20835139 38.12506048 71.67838114 50.10246854 44.20938999 61.27528353 43.09721722 41.68508004 56.51197434 45.74635348 71.71985304 49.36837182 78.95886372
22.43910826 50.30740718 41.01092917 30.02152446 15.05934234 20.42903634 20.29751624 49.89766464 10.29361384 15.90487234 40.49923832 9.96880128 30.90232771 6.07784876 54.83310049 15.42574153 35.37242105 10.26711491 45.73697682 0.00000000 50.41562740 46.09478642 24.64907778 19.95219746 10.77881323 47.14754953 11.83063708 15.63983226 58.08063485 26.11668904 51.47810155 20.76870293 36.58733421 33.15086988 53.95584455 22.91982292 21.85140422 22.15514284 38.85113806 28.04871568 49.99977963 55.38616790 27.87877416 46.97369065 39.14028743 48.76327784 34.21145352 34.85858598 58.37205158 39.23785131 45.33931828 53.04114760 42.09868184 63.28412512 61.74759587 45.63467184 60.43716100 46.04033112 69.61536292 48.42309987
43.57591587 28.89935207 28.78367046 31.54385787 50.24527367 35.71693306 60.98055786 23.68674884 46.15897679 36.52591871 19.28293035 54.74033006 21.31709278 45.32478287 21.33667331 37.24367136 15.65804894 59.43486086 11.31642675 50.41562740 0.00000000 15.37500968 43.16674650 49.59703393 60.77333704 7.59249815 61.82516089 65.63435607 9.18749436 39.67055779 9.23946891 51.23152215 28.94860141 33.82977593 13.26278732 71.26739819 65.63570624 53.66374696 29.83807787 52.02304925 21.38751502 20.36530125 63.35911359 25.48356074 43.14274568 32.33466130 54.54145648 67.36839584 34.33100608 68.83842559 47.26251299 41.36943444 58.43532798 39.30316283 37.89944267 53.67201879 42.79641381 68.87989750 45.57431742 76.11890818
39.25507489 30.60167533 25.81274820 27.22301689 45.92443269 31.39609208 56.65971688 25.38907209 41.83813582 32.20507774 18.10856310 50.41948908 16.99625181 41.00394190 23.03899657 32.92283039 11.11257378 55.11401988 13.01875001 46.09478642 15.37500968 0.00000000 46.87830946 45.27619296 56.45249607 10.77003971 57.50431991 61.31351509 22.55819859 43.38212075 14.90496471 51.67255598 32.66016437 37.54133889 23.23247167 68.59350575 67.52508706 58.26003704 33.54964083 55.73461221 29.03350302 30.54142235 67.07067655 29.19512369 46.85430864 36.04622426 58.25301944 71.07995880 39.17806033 72.54998855 50.97407595 45.08099740 62.14689094 44.09321669 42.55668745 57.38358175 46.61796089 72.59146045 50.42137167 79.83047113
32.36020004 52.19439953 42.89792152 32.72333351 33.42079331 26.16540674 41.14547654 51.54401373 28.39902931 21.07435099 41.96222446 32.19698648 32.36531385 20.03535677 56.02694861 15.04865925 36.83540719 34.08859271 46.00670205 24.64907778 43.16674650 46.87830946 0.00000000 15.93879856 34.54533968 37.16732951 30.20514317 35.91517488 40.50481897 7.38153496 34.08852243 18.19901986 15.34749586 12.77799706 32.71600620 38.76241188 34.30576945 24.70122638 18.47826524 28.45262585 28.75994128 34.14632955 35.41855020 26.34249337 25.36494975 28.39040502 34.78644401 42.91297447 37.74085430 47.23041370 39.21727473 34.92701677 43.82040633 42.65292784 41.11639859 42.30297239 40.17958932 51.59827056 48.98416564 56.47748836
28.73013502 49.91281993 40.61634192 30.27792996 29.53499359 23.51300358 36.81963458 49.26243413 24.07318735 17.47406390 39.68064486 27.87114451 30.08373425 15.70951481 54.01450703 12.76707965 34.55382759 29.73365180 44.91838336 19.95219746 49.59703393 45.27619296 15.93879856 0.00000000 25.10356048 46.32895607 20.76336397 26.47339567 51.76574545 15.37060658 45.34944891 9.61983951 26.60842234 23.17195801 43.97693268 29.32063268 24.86399025 15.72467922 27.29846516 21.25334838 40.02086776 45.40725603 25.97677100 36.99477878 24.98038918 34.32790230 27.41608622 33.47119527 48.39313971 37.85046060 37.05541349 40.20646029 36.24755723 52.74413049 49.89733765 38.24566884 45.53933643 44.02542146 59.42582906 47.03570916
31.70479519 60.27920545 50.98272744 39.99332273 23.80244570 30.40083461 25.96170878 59.97386186 19.94315420 25.87667062 50.85694797 16.40880179 41.26003736 16.70430014 65.19081014 26.10154111 45.73013070 13.37791752 56.09468647 10.77881323 60.77333704 56.45249607 34.54533968 25.10356048 0.00000000 57.50525918 4.35218858 5.20069717 64.91591444 31.65215390 58.49961790 16.34631982 40.56584818 35.85297840 57.12710167 12.80908361 12.79958910 17.13576673 38.35970883 23.02933958 52.48084349 58.53795331 19.36618564 48.96989883 34.24167269 45.30175642 29.19207741 26.34599745 60.00559339 30.72526279 40.31994218 48.02177150 36.13521364 63.87570806 61.02891522 40.06382629 55.41778490 37.52774259 70.55740663 39.91051134
40.30783800 26.96492820 26.86551131 28.27578000 46.97719580 32.44885519 57.71247999 21.75232496 42.89089893 33.25784085 17.34850647 51.47225219 18.04901491 42.05670501 19.40224943 33.97559350 12.16533689 56.16678299 9.38200287 47.14754953 7.59249815 10.77003971 37.16732951 46.32895607 57.50525918 0.00000000 57.23822847 62.36627820 12.33150916 33.67114080 4.36947216 45.23210516 22.94918442 27.83035894 12.66779446 65.26798120 59.63628925 47.66432997 23.83866088 46.02363226 19.00172066 19.97674514 57.35969660 19.48414374 37.14332869 26.33524431 48.54203949 61.36897885 29.28568794 62.83900860 41.26309600 35.37001745 52.43591099 34.25784468 32.84570750 47.67260180 36.90698094 62.88048050 40.52899928 70.11949119
32.75661903 61.33102930 52.03455129 41.04514658 24.85426955 31.45265845 27.50828973 61.02568571 20.99497804 26.92849446 51.90877181 17.95538274 42.31186120 17.75612399 66.24263398 27.15336495 46.78195455 15.07760108 57.14651031 11.83063708 61.82516089 57.50431991 30.20514317 20.76336397 4.35218858 57.23822847 0.00000000 6.38369794 60.57571793 27.31195739 54.15942139 12.00612331 36.22565168 31.51278189 52.78690516 12.44372397 11.08468821 12.79557023 34.01951232 18.68914307 48.14064698 54.19775681 16.98784582 44.62970232 29.90147619 40.96155991 24.85188091 23.96765763 55.66539688 28.34692297 35.97974567 43.68157499 32.73910923 59.53551155 56.68871872 36.27509923 51.07758839 35.14940277 66.21721013 37.53217152
36.56581421 65.14022448 55.84374646 44.85434175 28.66346473 35.26185363 30.82272780 64.83488089 24.80417322 30.73768964 55.71796699 21.26982081 46.12105638 21.56531917 70.05182916 30.96256013 50.59114972 18.23893655 60.95570549 15.63983226 65.63435607 61.31351509 35.91517488 26.47339567 5.20069717 62.36627820 6.38369794 0.00000000 66.28574964 33.02198910 59.86945310 17.71615502 41.93568338 37.22281360 58.49693687 8.33612311 10.11627589 17.64981338 39.72954402 23.23128750 53.85067869 59.90778851 17.38331748 50.33973402 34.28056152 46.67159162 28.32151450 24.36312929 61.37542859 28.74239463 40.31755210 48.01938142 34.15234548 65.24554326 62.39875042 38.08095813 55.41539482 35.54487443 71.92724183 37.92764319
51.24092332 36.56435952 36.44867791 39.20886532 57.91028111 43.38194051 68.64556531 31.35175629 53.82398424 44.19092616 26.94793780 62.40533750 28.98210023 52.98979032 29.00168076 44.90867881 23.32305638 67.09986831 18.98143420 58.08063485 9.18749436 22.55819859 40.50481897 51.76574545 64.91591444 12.33150916 60.57571793 66.28574964 0.00000000 37.00863026 10.65497217 48.56959462 26.28667388 31.16784840 8.18161130 68.60547067 62.97377871 51.00181944 27.14351596 49.36112173 16.64802971 13.48297734 60.69718606 21.79926821 40.44818378 29.29923358 51.84689457 64.67383393 28.92714080 66.14386369 44.22708527 38.13725538 55.39990027 33.89929754 32.49557738 50.63659108 37.39254852 65.84446978 40.17045214 73.08348046
33.82781129 53.66201079 44.36553277 34.19094477 34.88840456 27.63301799 42.61308779 53.01162499 29.86664056 22.54196224 43.42983571 33.66459773 33.83292510 21.50296802 52.53075990 16.51627050 38.30301844 35.55620396 42.51051334 26.11668904 39.67055779 43.38212075 7.38153496 15.37060658 31.65215390 33.67114080 27.31195739 33.02198910 37.00863026 0.00000000 30.59233372 15.30583408 11.85130715 8.38365096 29.21981749 35.86922610 31.41258367 21.21163367 14.08391915 22.84895473 25.26375257 30.65014084 32.52536442 22.20647173 20.04686669 23.99605892 28.63259630 40.01978869 33.60483266 42.05851958 34.82292863 30.53267067 37.66655861 38.51690620 36.98037695 36.98488932 35.78524322 45.44442285 44.84814400 50.69452908
44.63839002 31.29548021 31.19606333 32.60633202 51.30774782 36.77940721 62.04303201 26.08287698 47.22145095 37.58839287 21.67905849 55.80280421 22.37956693 46.38725703 23.73280145 38.30614551 16.49588891 60.49733501 13.71255489 51.47810155 9.23946891 14.90496471 34.08852243 45.34944891 58.49961790 4.36947216 54.15942139 59.86945310 10.65497217 30.59233372 0.00000000 42.15329808 19.87037734 24.75155186 9.27073123 62.18917413 56.55748217 44.58552289 20.75985380 42.94482519 15.52404632 16.41766097 54.28088952 16.40533667 34.06452161 23.25643723 45.46323241 58.29017177 26.18452575 59.76020152 38.18428892 32.29121037 49.35710392 31.15668249 29.76690042 44.59379473 33.82817386 59.80167343 37.42783709 67.04068411
35.49821897 56.30918295 47.01270494 36.83811693 34.01124946 30.28019016 37.69560674 55.65879715 30.15195795 24.24214785 46.07700788 28.14269975 36.48009727 22.54240666 60.41087005 19.16344266 40.95019061 25.38685264 51.31474638 20.76870293 51.23152215 51.67255598 18.19901986 9.61983951 16.34631982 45.23210516 12.00612331 17.71615502 48.56959462 15.30583408 42.15329808 0.00000000 24.21952836 19.50665858 40.78078185 20.56339202 16.10674959 6.58748106 22.01338900 12.05475013 36.13452367 42.19163349 17.21953034 32.62357900 19.46178988 29.07427344 18.21748796 24.71395461 43.65927357 29.08366018 29.18202341 34.95283143 27.11035907 47.52938824 44.68259540 29.64070629 40.28570758 34.88822330 54.21108681 38.27846851
44.29845646 49.37148228 49.01094905 44.66158994 45.35904973 38.10366317 53.08373297 44.15887904 40.33728574 33.01260741 39.75506055 44.13524290 40.19445266 31.97361319 41.80880351 26.98691567 34.31077463 46.02684914 31.78855696 36.58733421 28.94860141 32.66016437 15.34749586 26.60842234 40.56584818 22.94918442 36.22565168 41.93568338 26.28667388 11.85130715 19.87037734 24.21952836 0.00000000 8.18926142 18.49786111 44.78292038 40.32627795 28.79276696 7.78885007 28.15411243 14.54179619 19.92818446 39.49017677 12.76012116 19.92343241 17.17045911 31.85092525 44.67786461 24.15848209 46.14789436 29.57151809 25.21287309 39.12571709 29.07055563 27.53402638 35.98102390 29.12463550 49.13365005 35.40179343 54.72591240
40.86199213 54.25265680 51.39971361 41.22512561 41.92258540 34.66719883 49.64726864 49.04005356 36.90082140 29.57614308 44.63623507 40.69877857 40.86710594 28.53714886 46.68997804 23.55045134 39.19194915 42.59038480 36.66973148 33.15086988 33.82977593 37.54133889 12.77799706 23.17195801 35.85297840 27.83035894 31.51278189 37.22281360 31.16784840 8.38365096 24.75155186 19.50665858 8.18926142 0.00000000 23.37903563 40.07005060 35.08384572 22.95896594 5.70026819 21.47118873 19.11592282 24.80935898 32.80725307 15.60497816 14.69149627 15.61240796 26.61898910 38.91189040 27.03056183 40.68075359 26.43927767 22.14901971 33.89378095 31.94263536 30.40610612 31.71030050 27.40159226 43.90171390 38.27387317 49.31676308
52.62562044 38.65577009 38.54008848 40.59356243 59.29497823 44.76663762 70.45224331 33.44316685 55.20868136 45.57562328 29.03934836 61.50375324 30.36679735 49.34212353 31.09309133 44.35542601 24.68865489 63.39535948 21.07284477 53.95584455 13.26278732 23.23247167 32.71600620 43.97693268 57.12710167 12.66779446 52.78690516 58.49693687 8.18161130 29.21981749 9.27073123 40.78078185 18.49786111 23.37903563 0.00000000 60.81665790 55.18496594 43.21300666 19.35470319 41.57230896 8.85921694 8.38964293 52.90837329 14.01045543 32.65937101 21.51042081 44.05808180 56.88502116 21.80270800 58.35505092 36.43827250 30.34844261 47.61108750 26.77486475 25.37114459 42.84777831 30.26811573 58.05565701 33.04601934 65.29466769
43.84580487 72.42021514 63.12373712 52.13433241 35.94345539 42.54184429 38.43111425 72.11487155 32.08416388 38.01768030 62.99795765 28.87820726 53.40104704 28.84530983 77.33181982 38.24255079 57.87114038 25.84732299 68.23569615 22.91982292 71.26739819 68.59350575 38.76241188 29.32063268 12.80908361 65.26798120 12.44372397 8.33612311 68.60547067 35.86922610 62.18917413 20.56339202 44.78292038 40.07005060 60.81665790 0.00000000 5.88426502 19.53402137 42.04926505 22.88468200 56.17039972 62.22750954 15.05357809 52.65945505 33.77845191 47.08113477 25.99177512 22.03338990 61.81385270 26.41265524 37.92312013 45.62494945 31.82260609 64.94460356 60.82660061 35.75121874 53.02096285 33.21513505 71.62869930 35.59790380
42.77738617 71.35179644 62.05531843 51.06591372 34.87503669 41.47342559 37.52905687 71.04645285 31.01574518 36.94926160 61.92953895 27.97614988 52.33262834 27.77689113 76.26340112 35.27019226 56.80272169 25.09836823 67.16727745 21.85140422 65.63570624 67.52508706 34.30576945 24.86399025 12.79958910 59.63628925 11.08468821 10.11627589 62.97377871 31.41258367 56.55748217 16.10674959 40.32627795 35.08384572 55.18496594 5.88426502 0.00000000 13.86881358 36.10549576 17.02780967 50.22663043 56.31351622 9.19670575 46.71568576 27.92157957 41.22426243 20.13490278 16.17651757 55.95698037 20.55578290 32.06624779 39.76807711 25.96573376 59.08773122 54.96972828 29.89434641 47.16409051 27.35826271 65.77182696 29.74103146
42.08570003 62.89666401 53.60018600 43.42559799 35.39768937 36.86767122 39.08204665 62.24627821 31.53839786 30.82962891 52.66448894 29.52913965 43.06757833 28.08062974 66.99835111 25.75092373 47.53767167 26.77329255 56.50370251 22.15514284 53.66374696 58.26003704 24.70122638 15.72467922 17.13576673 47.66432997 12.79557023 17.64981338 51.00181944 21.21163367 44.58552289 6.58748106 28.79276696 22.95896594 43.21300666 19.53402137 13.86881358 0.00000000 24.13353648 5.96534545 38.25467115 44.34155694 11.76453161 34.74372648 17.17767856 30.37224280 12.12808328 19.25895589 45.24479648 22.88869442 23.25594805 30.95777736 20.54871796 48.64851663 45.65488182 23.55130161 38.35379076 28.32658219 55.34721415 32.59743908
46.56226032 50.26095874 49.90042551 46.92539379 47.62285359 40.36746702 55.34753682 45.04835550 42.60108959 35.27641127 40.64453701 46.39904676 41.08392912 34.23741705 42.69827998 29.25071953 35.20025109 47.40024164 32.67803342 38.85113806 29.83807787 33.54964083 18.47826524 27.29846516 38.35970883 23.83866088 34.01951232 39.72954402 27.14351596 14.08391915 20.75985380 22.01338900 7.78885007 5.70026819 19.35470319 42.04926505 36.10549576 24.13353648 0.00000000 22.49283877 14.22733662 20.31422241 33.82890311 10.71639195 13.64772886 10.86727143 25.53670444 38.36364380 22.14197562 39.83367355 22.07576749 17.71712249 32.76500892 27.05404916 25.51751991 28.48527330 22.65645573 42.77294188 33.38528696 48.41169159
46.80799230 67.61895629 58.32247828 48.14789027 41.29126222 41.58996350 44.97561949 66.96857049 37.43197071 35.55192118 57.38678121 35.42271250 47.78987061 33.97420259 64.88325136 30.47321600 52.25996395 32.66686540 54.86300480 28.04871568 52.02304925 55.73461221 28.45262585 21.25334838 23.02933958 46.02363226 18.68914307 23.23128750 49.36112173 22.84895473 42.94482519 12.05475013 28.15411243 21.47118873 41.57230896 22.88468200 17.02780967 5.96534545 22.49283877 0.00000000 36.69472168 42.70085923 13.23398014 32.15296594 11.23213123 24.53481409 7.03395063 18.54619531 39.26753203 20.46560878 17.69052813 25.39235744 16.07364781 42.70296930 39.70933449 18.45716896 32.78837084 23.85151204 49.40166682 29.10161827
57.71090188 45.42401852 45.32460163 46.73487033 58.77149516 50.90794552 66.49617839 40.21141529 53.74973116 46.42505283 35.80759679 57.54768832 36.50810524 45.38605862 37.86133976 40.39936109 30.62442721 59.43929456 27.84109320 49.99977963 21.38751502 29.03350302 28.75994128 40.02086776 52.48084349 19.00172066 48.14064698 53.85067869 16.64802971 25.26375257 15.52404632 36.13452367 14.54179619 19.11592282 8.85921694 56.17039972 50.22663043 38.25467115 14.22733662 36.69472168 0.00000000 6.33443616 47.10854517 5.82833857 26.45432284 13.35080475 37.85303363 50.67997299 13.23964534 49.58506478 27.86034890 21.51068811 39.03316389 18.21180208 16.80808192 34.26985470 21.64184989 49.47773340 24.48295668 56.71674408
59.93457112 45.96472077 45.84903916 47.90251312 64.15788343 52.07558831 71.88256666 40.75211753 59.13611943 51.81144110 36.34829904 62.93407659 37.67574803 50.77244689 38.40204201 45.78574936 31.99760557 64.82568283 28.38179545 55.38616790 20.36530125 30.54142235 34.14632955 45.40725603 58.53795331 19.97674514 54.19775681 59.90778851 13.48297734 30.65014084 16.41766097 42.19163349 19.92818446 24.80935898 8.38964293 62.22750954 56.31351622 44.34155694 20.31422241 42.70085923 6.33443616 0.00000000 53.44298134 11.72877708 32.78875900 19.24605325 43.89285894 57.01440915 17.59431032 55.48031328 33.75559740 27.40593661 44.92841239 22.62430442 21.22058426 40.16510320 26.34384133 55.37298190 28.83762166 62.61199258
48.80475612 73.52871329 64.23223528 54.05764727 40.90240663 47.50079554 43.55642681 72.87832749 37.04311513 41.46167819 63.29653822 34.00351982 53.69962761 33.80426107 76.21931570 36.38297301 58.16972095 31.12573817 66.19906914 27.87877416 63.35911359 67.07067655 35.41855020 25.97677100 19.36618564 57.35969660 16.98784582 17.38331748 60.69718606 32.52536442 54.28088952 17.21953034 39.49017677 32.80725307 52.90837329 15.05357809 9.19670575 11.76453161 33.82890311 13.23398014 47.10854517 53.44298134 0.00000000 42.56678944 21.64595472 34.94863759 12.49027298 7.60277389 49.68135552 11.96912676 23.82059859 31.52242790 16.78464571 50.84208202 46.72407907 21.00806157 38.91844130 18.77160657 57.52617776 21.16728778
54.68481290 45.90644160 45.54590838 46.95617707 55.74540617 48.49001961 63.47008941 40.69383837 50.72364217 43.39896385 36.29001988 54.52159934 36.72941198 42.35996963 38.34376284 37.37327211 30.84573396 56.41320558 28.32351628 46.97369065 25.48356074 29.19512369 26.34249337 36.99477878 48.96989883 19.48414374 44.62970232 50.33973402 21.79926821 22.20647173 16.40533667 32.62357900 12.76012116 15.60497816 14.01045543 52.65945505 46.71568576 34.74372648 10.71639195 32.15296594 5.82833857 11.72877708 42.56678944 0.00000000 21.84266756 7.61815185 32.26495754 45.72218405 11.85677007 44.27071943 22.54600354 16.65292499 33.71881854 16.76884360 15.23231436 28.95550935 18.53720267 44.16338805 23.10008141 51.40239873
48.63820321 63.56562655 59.23562797 49.06103996 49.69879649 42.50311319 56.06719124 58.35302332 44.51074490 37.38213209 53.94920483 46.51428425 48.70302030 36.14707236 56.00294779 31.38636570 48.50491891 43.75843714 45.98270123 39.14028743 43.14274568 46.85430864 25.36494975 24.98038918 34.24167269 37.14332869 29.90147619 34.28056152 40.44818378 20.04686669 34.06452161 19.46178988 19.92343241 14.69149627 32.65937101 33.77845191 27.92157957 17.17767856 13.64772886 11.23213123 26.45432284 32.78875900 21.64595472 21.84266756 0.00000000 14.87151098 12.39044318 25.21738254 29.60422891 26.68741230 16.26852878 18.52596962 19.64226459 33.03966618 30.04603138 17.45878414 23.92738578 29.65019754 39.73836371 35.26543034
56.47440009 52.75754217 52.39700894 53.80727763 57.53499336 50.27960680 65.25967660 47.54493893 52.51322937 45.18855104 43.14112044 56.31118653 43.58051254 44.14955682 45.19486340 39.16285930 37.69683452 54.46112608 35.17461685 48.76327784 32.33466130 36.04622426 28.39040502 34.32790230 45.30175642 26.33524431 40.96155991 46.67159162 29.29923358 23.99605892 23.25643723 29.07427344 17.17045911 15.61240796 21.51042081 47.08113477 41.22426243 30.37224280 10.86727143 24.53481409 13.35080475 19.24605325 34.94863759 7.61815185 14.87151098 0.00000000 24.64680569 38.10403220 15.31482253 36.65256758 14.92785169 10.56920669 26.10066669 18.81422041 15.96742758 21.33735750 13.80586314 36.54523620 25.49591899 43.78424688
52.97073014 73.78169412 64.48521611 54.31062810 47.45400005 47.75270133 51.13835733 69.75173411 43.59470854 41.71465902 63.54951905 41.58545033 53.95260844 40.13694042 67.40165858 36.63595384 58.42270178 38.82960323 57.38141203 34.21145352 54.54145648 58.25301944 34.78644401 27.41608622 29.19207741 48.54203949 24.85188091 28.32151450 51.84689457 28.63259630 45.46323241 18.21748796 31.85092525 26.61898910 44.05808180 25.99177512 20.13490278 12.12808328 25.53670444 7.03395063 37.85303363 43.89285894 12.49027298 32.26495754 12.39044318 24.64680569 0.00000000 14.76599308 39.37952362 15.46458768 13.56504440 21.26687372 9.23950063 40.58652783 36.46852488 11.42321833 28.66288712 18.01642867 47.27062357 23.81166991
55.78456793 81.02313757 71.72665955 61.55207155 47.88221845 54.48060735 50.53623863 80.37275177 44.02292694 48.95610246 70.79096249 40.98333164 61.19405188 40.78407289 80.22859794 43.87739728 65.66414522 38.10554998 70.20835139 34.85858598 67.36839584 71.07995880 42.91297447 33.47119527 26.34599745 61.36897885 23.96765763 24.36312929 64.67383393 40.01978869 58.29017177 24.71395461 44.67786461 38.91189040 56.88502116 22.03338990 16.17651757 19.25895589 38.36364380 18.54619531 50.67997299 57.01440915 7.60277389 45.72218405 25.21738254 38.10403220 14.76599308 0.00000000 51.07527673 4.88759879 24.46594828 32.16777759 15.21539543 51.48743171 47.36942876 20.73636367 39.56379099 11.44496908 58.17152745 13.56451389
66.08317383 55.70798580 55.52884501 56.93911370 67.14376711 59.88838054 74.86845034 50.49538256 62.12200311 54.79732478 46.09156407 65.91996027 46.71234862 53.75833057 48.14530703 48.77163304 40.82867059 67.81156651 38.12506048 58.37205158 34.33100608 39.17806033 37.74085430 48.39313971 60.00559339 29.28568794 55.66539688 61.37542859 28.92714080 33.60483266 26.18452575 43.65927357 24.15848209 27.03056183 21.80270800 61.81385270 55.95698037 45.24479648 22.14197562 39.26753203 13.23964534 17.59431032 49.68135552 11.85677007 29.60422891 15.31482253 39.37952362 51.07527673 0.00000000 49.05755188 27.33283600 20.33656329 38.50565099 8.19597274 8.23794871 33.74234180 15.67487383 48.95022050 13.40658989 56.18923118
60.16383327 85.39284313 76.09636511 65.92177711 52.26148378 58.85987269 54.91550396 84.04870323 48.40219228 53.32580802 75.16066805 45.36259697 65.56375744 45.16333822 81.69862770 48.24710284 70.03385078 42.48481532 71.67838114 39.23785131 68.83842559 72.54998855 47.23041370 37.85046060 30.72526279 62.83900860 28.34692297 28.74239463 66.14386369 42.05851958 59.76020152 29.08366018 46.14789436 40.68075359 58.35505092 26.41265524 20.55578290 22.88869442 39.83367355 20.46560878 49.58506478 55.48031328 11.96912676 44.27071943 26.68741230 36.65256758 15.46458768 4.88759879 49.05755188 0.00000000 22.44822342 30.15005274 12.59899621 49.46970685 45.35170391 18.61444364 37.54606614 6.87240291 56.15380259 10.28642237
62.35133685 67.68539386 67.32486063 63.36779461 58.58186481 56.80986784 62.26622209 62.47279062 54.72257331 51.09526573 58.06897213 52.71331510 58.50836424 49.39552454 60.12271510 45.69312035 52.62468621 49.95746799 50.10246854 45.33931828 47.26251299 50.97407595 39.21727473 37.05541349 40.31994218 41.26309600 35.97974567 40.31755210 44.22708527 34.82292863 38.18428892 29.18202341 29.57151809 26.43927767 36.43827250 37.92312013 32.06624779 23.25594805 22.07576749 17.69052813 27.86034890 33.75559740 23.82059859 22.54600354 16.26852878 14.92785169 13.56504440 24.46594828 27.33283600 22.44822342 0.00000000 7.77866523 11.24738688 27.09831934 22.98031639 6.45625018 15.17467863 21.68879740 33.78241508 28.92780808
63.01101184 61.79231531 61.43178208 62.84205077 64.07160511 56.81621854 69.96805141 56.57971207 59.04984111 51.72516279 52.17589358 60.41514442 52.61528568 50.68616857 54.22963654 45.69947105 46.73160766 57.65929731 44.20938999 53.04114760 41.36943444 45.08099740 34.92701677 40.20646029 48.02177150 35.37001745 43.68157499 48.01938142 38.13725538 30.53267067 32.29121037 34.95283143 25.21287309 22.14901971 30.34844261 45.62494945 39.76807711 30.95777736 17.71712249 25.39235744 21.51068811 27.40593661 31.52242790 16.65292499 18.52596962 10.56920669 21.26687372 32.16777759 20.33656329 30.15005274 7.77866523 0.00000000 19.02605211 19.39663613 15.27863319 14.23491540 7.47299542 29.46746262 26.08073188 36.70647330
62.01042731 78.85820885 73.52491328 63.35032528 55.34122837 56.79239850 59.02558565 73.64560562 51.48193686 50.75435619 69.24178713 49.47267865 62.99230561 48.02416874 71.29553009 45.67565101 63.79750121 46.71683155 61.27528353 42.09868184 58.43532798 62.14689094 43.82040633 36.24755723 36.13521364 52.43591099 32.73910923 34.15234548 55.39990027 37.66655861 49.35710392 27.11035907 39.12571709 33.89378095 47.61108750 31.82260609 25.96573376 20.54871796 32.76500892 16.07364781 39.03316389 44.92841239 16.78464571 33.71881854 19.64226459 26.10066669 9.23950063 15.21539543 38.50565099 12.59899621 11.24738688 19.02605211 0.00000000 38.34570622 34.22770328 6.09025778 26.42206551 11.22763976 45.02980196 18.74237536
70.99524737 60.68014254 60.44400138 61.85427007 72.05584064 64.80045407 79.78052388 55.46753931 67.03407664 59.70939832 51.06372082 70.83203381 51.62750498 58.67040410 53.11746378 53.68370658 45.74382696 72.72364005 43.09721722 63.28412512 39.30316283 44.09321669 42.65292784 52.74413049 63.87570806 34.25784468 59.53551155 65.24554326 33.89929754 38.51690620 31.15668249 47.52938824 29.07055563 31.94263536 26.77486475 64.94460356 59.08773122 48.64851663 27.05404916 42.70296930 18.21180208 22.62430442 50.84208202 16.76884360 33.03966618 18.81422041 40.58652783 51.48743171 8.19597274 49.46970685 27.09831934 19.39663613 38.34570622 0.00000000 6.11449309 33.55456951 13.88209147 48.78711673 7.59217540 56.02612742
69.45871812 59.26800536 58.90747213 60.31774082 70.51931140 63.26392483 78.24399463 54.05540212 65.49754740 58.17286907 49.65158363 69.29550456 50.09097574 57.13387486 51.70532660 52.14717733 44.20729771 70.06944804 41.68508004 61.74759587 37.89944267 42.55668745 41.11639859 49.89733765 61.02891522 32.84570750 56.68871872 62.39875042 32.49557738 36.98037695 29.76690042 44.68259540 27.53402638 30.40610612 25.37114459 60.82660061 54.96972828 45.65488182 25.51751991 39.70933449 16.80808192 21.22058426 46.72407907 15.23231436 30.04603138 15.96742758 36.46852488 47.36942876 8.23794871 45.35170391 22.98031639 15.27863319 34.22770328 6.11449309 0.00000000 29.43656657 8.88909149 44.66911379 12.79858883 51.90812447
63.54159220 74.09489966 73.73436644 64.55804996 58.87721838 58.00012319 62.56157566 68.88229643 55.01792687 52.28552108 64.47847794 53.00866866 64.91787004 50.58577989 66.53222090 46.88337570 59.03419202 50.25282156 56.51197434 45.63467184 53.67201879 57.38358175 42.30297239 38.24566884 40.06382629 47.67260180 36.27509923 38.08095813 50.63659108 36.98488932 44.59379473 29.64070629 35.98102390 31.71030050 42.84777831 35.75121874 29.89434641 23.55130161 28.48527330 18.45716896 34.26985470 40.16510320 21.00806157 28.95550935 17.45878414 21.33735750 11.42321833 20.73636367 33.74234180 18.61444364 6.45625018 14.23491540 6.09025778 33.55456951 29.43656657 0.00000000 21.63092880 15.61793956 40.23866526 22.85695024
68.26358439 63.32927880 62.96874557 64.37901426 69.32417766 62.06879109 77.04886089 58.11667557 64.30241366 56.97773534 53.71285707 67.81115782 54.15224918 55.93874112 55.76660004 50.95204360 48.26857115 65.05531071 45.74635348 60.43716100 42.79641381 46.61796089 40.17958932 45.53933643 55.41778490 36.90698094 51.07758839 55.41539482 37.39254852 35.78524322 33.82817386 40.28570758 29.12463550 27.40159226 30.26811573 53.02096285 47.16409051 38.35379076 22.65645573 32.78837084 21.64184989 26.34384133 38.91844130 18.53720267 23.92738578 13.80586314 28.66288712 39.56379099 15.67487383 37.54606614 15.17467863 7.47299542 26.42206551 13.88209147 8.88909149 21.63092880 0.00000000 36.86347602 20.56618721 44.10248670
66.96631308 89.30277836 81.30277752 71.12818951 59.06396359 64.57026274 61.71798377 84.09017513 55.20467208 58.53222042 79.68635664 52.16507678 70.77016985 51.96581803 81.74009960 53.45351524 74.24207072 49.28729513 71.71985304 46.04033112 68.87989750 72.59146045 51.59827056 44.02542146 37.52774259 62.88048050 35.14940277 35.54487443 65.84446978 45.44442285 59.80167343 34.88822330 49.13365005 43.90171390 58.05565701 33.21513505 27.35826271 28.32658219 42.77294188 23.85151204 49.47773340 55.37298190 18.77160657 44.16338805 29.65019754 36.54523620 18.01642867 11.44496908 48.95022050 6.87240291 21.68879740 29.46746262 11.22763976 48.78711673 44.66911379 15.61793956 36.86347602 0.00000000 55.47121248 7.60202454
77.32648517 66.95129714 66.77215635 68.18242504 78.38707844 71.13169188 86.11176168 61.73869390 73.36531445 66.04063612 57.33487541 77.16327161 57.95565996 65.00164190 59.38861837 60.01494438 52.07198193 79.05487785 49.36837182 69.61536292 45.57431742 50.42137167 48.98416564 59.42582906 70.55740663 40.52899928 66.21721013 71.92724183 40.17045214 44.84814400 37.42783709 54.21108681 35.40179343 38.27387317 33.04601934 71.62869930 65.77182696 55.34721415 33.38528696 49.40166682 24.48295668 28.83762166 57.52617776 23.10008141 39.73836371 25.49591899 47.27062357 58.17152745 13.40658989 56.15380259 33.78241508 26.08073188 45.02980196 7.59217540 12.79858883 40.23866526 20.56618721 55.47121248 0.00000000 62.71022316
69.34908183 94.58765146 85.29117345 75.11658544 61.44673234 68.04512125 64.10075252 91.32918581 57.58744083 62.52061635 84.35547638 54.54784553 74.75856577 54.34858678 88.97911028 57.44191117 79.22865912 51.67006388 78.95886372 48.42309987 76.11890818 79.83047113 56.47748836 47.03570916 39.91051134 70.11949119 37.53217152 37.92764319 73.08348046 50.69452908 67.04068411 38.27846851 54.72591240 49.31676308 65.29466769 35.59790380 29.74103146 32.59743908 48.41169159 29.10161827 56.71674408 62.61199258 21.16728778 51.40239873 35.26543034 43.78424688 23.81166991 13.56451389 56.18923118 10.28642237 28.92780808 36.70647330 18.74237536 56.02612742 51.90812447 22.85695024 44.10248670 7.60202454 62.71022316 0.00000000
