0.00000000 7.82842712 23.65685425 13.24264069 19.65685425 32.79898987 19.07106781 13.48528137 29.97056275 20.89949494 21.31370850 31.55634919 34.24264069 39.87005769 31.14213562 30.14213562 42.38477631 46.69848481 35.55634919 39.55634919
7.82842712 0.00000000 15.82842712 21.07106781 11.82842712 24.97056275 11.24264069 21.31370850 22.14213562 19.31370850 29.14213562 23.72792206 42.07106781 32.04163056 30.97056275 26.31370850 34.55634919 38.87005769 37.14213562 35.72792206
23.65685425 15.82842712 0.00000000 36.89949494 15.65685425 11.24264069 12.48528137 37.14213562 13.82842712 23.14213562 32.97056275 18.24264069 57.89949494 23.72792206 25.48528137 31.79898987 32.97056275 30.55634919 32.97056275 40.87005769
13.24264069 21.07106781 36.89949494 0.00000000 20.65685425 46.04163056 32.31370850 8.24264069 43.21320344 23.89949494 16.89949494 44.79898987 19.24264069 53.11269837 33.55634919 25.72792206 40.79898987 59.94112550 37.97056275 35.14213562
19.65685425 11.82842712 15.65685425 20.65685425 0.00000000 21.48528137 4.82842712 15.00000000 18.65685425 9.24264069 16.48528137 19.65685425 26.72792206 28.55634919 15.82842712 19.31370850 27.31370850 35.38477631 24.48528137 28.72792206
32.79898987 24.97056275 11.24264069 46.04163056 21.48528137 0.00000000 16.65685425 46.28427125 7.65685425 26.72792206 36.55634919 14.89949494 47.38477631 14.24264069 22.14213562 32.55634919 24.31370850 21.07106781 47.72792206 57.14213562
19.07106781 11.24264069 12.48528137 32.31370850 4.82842712 16.65685425 0.00000000 18.41421356 13.82842712 10.07106781 19.89949494 14.82842712 29.31370850 23.72792206 17.24264069 20.48528137 25.65685425 30.55634919 25.07106781 29.55634919
13.48528137 21.31370850 37.14213562 8.24264069 15.00000000 46.28427125 18.41421356 0.00000000 43.45584412 14.82842712 7.82842712 30.55634919 13.48528137 53.35533906 23.31370850 16.65685425 30.55634919 52.28427125 27.72792206 26.07106781
29.97056275 22.14213562 13.82842712 43.21320344 18.65685425 7.65685425 13.82842712 43.45584412 0.00000000 20.48528137 30.31370850 7.24264069 41.14213562 11.07106781 14.48528137 24.89949494 16.07106781 17.89949494 21.97056275 33.38477631
20.89949494 19.31370850 23.14213562 23.89949494 9.24264069 26.72792206 10.07106781 14.82842712 20.48528137 0.00000000 9.82842712 14.07106781 20.65685425 26.14213562 9.07106781 10.41421356 18.07106781 39.79898987 15.24264069 19.48528137
21.31370850 29.14213562 32.97056275 16.89949494 16.48528137 36.55634919 19.89949494 7.82842712 30.31370850 9.82842712 0.00000000 23.89949494 13.07106781 30.65685425 16.65685425 8.82842712 23.89949494 45.62741700 21.07106781 18.24264069
31.55634919 23.72792206 18.24264069 44.79898987 19.65685425 14.89949494 14.82842712 30.55634919 7.24264069 14.07106781 23.89949494 0.00000000 36.97056275 11.24264069 7.24264069 17.65685425 10.82842712 12.89949494 14.72792206 26.14213562
34.24264069 42.07106781 57.89949494 19.24264069 26.72792206 47.38477631 29.31370850 13.48528137 41.14213562 20.65685425 13.07106781 36.97056275 0.00000000 43.72792206 29.72792206 13.07106781 36.97056275 58.69848481 34.14213562 11.07106781
39.87005769 32.04163056 23.72792206 53.11269837 28.55634919 14.24264069 23.72792206 53.35533906 11.07106781 26.14213562 30.65685425 11.24264069 43.72792206 0.00000000 14.00000000 27.72792206 12.07106781 7.65685425 34.31370850 43.72792206
31.14213562 30.97056275 25.48528137 33.55634919 15.82842712 22.14213562 17.24264069 23.31370850 14.48528137 9.07106781 16.65685425 7.24264069 29.72792206 14.00000000 0.00000000 10.41421356 7.24264069 17.07106781 9.24264069 18.89949494
30.14213562 26.31370850 31.79898987 25.72792206 19.31370850 32.55634919 20.48528137 16.65685425 24.89949494 10.41421356 8.82842712 17.65685425 13.07106781 27.72792206 10.41421356 0.00000000 15.65685425 37.38477631 12.82842712 10.82842712
42.38477631 34.55634919 32.97056275 40.79898987 27.31370850 24.31370850 25.65685425 30.55634919 16.07106781 18.07106781 23.89949494 10.82842712 36.97056275 12.07106781 7.24264069 15.65685425 0.00000000 9.82842712 8.82842712 20.24264069
46.69848481 38.87005769 30.55634919 59.94112550 35.38477631 21.07106781 30.55634919 52.28427125 17.89949494 39.79898987 45.62741700 12.89949494 58.69848481 7.65685425 17.07106781 37.38477631 9.82842712 0.00000000 28.89949494 38.31370850
35.55634919 37.14213562 32.97056275 37.97056275 24.48528137 47.72792206 25.07106781 27.72792206 21.97056275 15.24264069 21.07106781 14.72792206 34.14213562 34.31370850 9.24264069 12.82842712 8.82842712 28.89949494 0.00000000 11.41421356
39.55634919 35.72792206 40.87005769 35.14213562 28.72792206 57.14213562 29.55634919 26.07106781 33.38477631 19.48528137 18.24264069 26.14213562 11.07106781 43.72792206 18.89949494 10.82842712 20.24264069 38.31370850 11.41421356 0.00000000
