0.00000000 1.86104076 18.07287409 11.82199098 18.14239682 20.42289681 14.93424494 20.42321210 20.44877993 37.07185604 27.58891845 25.54637877 18.80691955 22.62083187 47.91886181 35.90923374 46.57431383 23.83565943 48.27069947 53.25832104
1.86104076 0.00000000 16.74596500 13.54303174 16.28135606 18.56185604 13.07320418 22.28425287 18.58773916 36.96317385 29.44995921 23.68533801 20.52796031 20.75979110 41.49350827 44.85967709 44.71327307 21.97461866 51.84228027 62.20876439
18.07287409 16.74596500 0.00000000 29.75486507 22.56107827 20.67018469 16.03760677 38.49608619 18.25313275 38.43336108 46.93626043 23.31490511 36.73979364 19.91289068 41.12307538 48.10214101 41.45155480 21.12771824 51.83688668 63.33840831
11.82199098 13.54303174 29.75486507 0.00000000 36.34501659 32.10488778 26.61623592 6.64854906 32.13077090 17.13854473 8.94751442 37.22836975 9.42952886 34.30282284 27.36712516 17.26782971 35.30100431 35.51765040 27.71896283 34.61691701
18.14239682 16.28135606 22.56107827 36.34501659 0.00000000 21.46158513 8.52317893 30.93000000 21.48746825 22.93664789 29.54255372 25.48436688 37.52927991 23.65952019 39.41647366 33.02689968 47.45967530 24.87434775 39.87763382 48.84698157
20.42289681 18.56185604 20.67018469 32.10488778 21.46158513 0.00000000 13.97535101 40.84610891 2.77537626 35.22544082 43.72834016 10.44379905 54.75613237 3.33690909 28.25196931 40.19639103 24.56185784 4.55173665 20.60594588 37.76983982
14.93424494 13.07320418 16.03760677 26.61623592 8.52317893 13.97535101 0.00000000 38.76883297 14.00123412 24.91877126 33.42167061 17.84221392 43.91742133 16.17328607 35.52200756 35.59283764 38.87014898 17.38811363 40.92247617 50.82910494
20.42321210 22.28425287 38.49608619 6.64854906 30.93000000 40.84610891 38.76883297 0.00000000 40.87199203 14.96543723 7.16570635 44.30902125 7.84581349 43.04404397 26.50085099 15.48602164 34.43473014 43.17211829 26.85268866 32.83510893
20.44877993 18.58773916 18.25313275 32.13077090 21.48746825 2.77537626 14.00123412 40.87199203 0.00000000 34.89854219 43.40144153 8.17356998 54.42923374 3.56303607 25.98174024 37.92616195 25.57159739 4.77786363 36.69555154 52.26541482
37.07185604 36.96317385 38.43336108 17.13854473 22.93664789 35.22544082 24.91877126 14.96543723 34.89854219 0.00000000 8.50289935 35.24844551 19.53069155 39.80000538 16.75840979 10.67406638 24.52302741 33.26041556 16.94098592 25.91033368
27.58891845 29.44995921 46.93626043 8.94751442 29.54255372 43.72834016 33.42167061 7.16570635 43.40144153 8.50289935 0.00000000 36.22778100 11.07682900 49.29961074 18.41961074 8.32031529 26.35348989 35.09087804 18.77144840 25.66940259
25.54637877 23.68533801 23.31490511 37.22836975 25.48436688 10.44379905 17.84221392 44.30902125 8.17356998 35.24844551 36.22778100 0.00000000 47.30461000 11.91101118 17.80817026 29.75259198 21.02793506 18.79829832 28.52198157 44.09184484
18.80691955 20.52796031 36.73979364 9.42952886 37.52927991 54.75613237 43.91742133 7.84581349 54.42923374 19.53069155 11.07682900 47.30461000 0.00000000 60.37643974 29.49643974 24.85298303 37.43031888 46.16770704 29.84827740 29.39818252
22.62083187 20.75979110 19.91289068 34.30282284 23.65952019 3.33690909 16.17328607 43.04404397 3.56303607 39.80000538 49.29961074 11.91101118 60.37643974 0.00000000 30.88000000 38.89252847 19.80682646 2.94880772 19.15952452 36.32341846
47.91886181 41.49350827 41.12307538 27.36712516 39.41647366 28.25196931 35.52200756 26.50085099 25.98174024 16.75840979 18.41961074 17.80817026 29.49643974 30.88000000 0.00000000 11.94442172 14.48629689 33.37025179 10.45798123 26.28367458
35.90923374 44.85967709 48.10214101 17.26782971 33.02689968 40.19639103 35.59283764 15.48602164 37.92616195 10.67406638 8.32031529 29.75259198 24.85298303 38.89252847 11.94442172 0.00000000 19.08570201 27.82309017 11.50366053 17.50248917
46.57431383 44.71327307 41.45155480 35.30100431 47.45967530 24.56185784 38.87014898 34.43473014 25.57159739 24.52302741 26.35348989 21.02793506 37.43031888 19.80682646 14.48629689 19.08570201 0.00000000 18.88395490 11.04654942 29.23363094
23.83565943 21.97461866 21.12771824 35.51765040 24.87434775 4.55173665 17.38811363 43.17211829 4.77786363 33.26041556 35.09087804 18.79829832 46.16770704 2.94880772 33.37025179 27.82309017 18.88395490 0.00000000 17.39126550 34.55515944
48.27069947 51.84228027 51.83688668 27.71896283 39.87763382 20.60594588 40.92247617 26.85268866 36.69555154 16.94098592 18.77144840 28.52198157 29.84827740 19.15952452 10.45798123 11.50366053 11.04654942 17.39126550 0.00000000 18.18708153
53.25832104 62.20876439 63.33840831 34.61691701 48.84698157 37.76983982 50.82910494 32.83510893 52.26541482 25.91033368 25.66940259 44.09184484 29.39818252 36.32341846 26.28367458 17.50248917 29.23363094 34.55515944 18.18708153 0.00000000
