0.00000000 3.88892240 18.23783947 11.02139656 16.71236479 22.55720992 14.80979767 14.88132467 21.54135594 25.86932587 21.54269976 24.63480440 22.96082654 26.39161640 35.39658586 29.20440138 39.14540929 29.69075266 37.39759209 41.44599891
3.88892240 0.00000000 14.58935787 14.86889039 12.82344238 18.66828752 10.92087527 18.77024707 17.65243354 25.75223962 25.43162217 20.74588200 26.80832037 22.50269399 32.37050257 32.24993692 35.25648689 25.80183026 39.93506227 44.49153445
18.23783947 14.58935787 0.00000000 29.21780746 17.17998396 14.42091738 12.63422946 33.11916414 14.29901920 27.68579610 35.71887771 18.46959965 41.15723743 18.82069619 30.09422022 35.99703767 32.89846366 22.11983245 38.20065330 46.99772847
11.02139656 14.86889039 29.21780746 0.00000000 25.72934419 33.53717791 25.78976567 6.37901597 32.52132393 17.62612483 10.87632589 35.61477239 12.14014170 37.37158439 26.54042182 18.53802751 33.28871480 40.67072066 28.54142806 30.77962504
16.71236479 12.82344238 17.17998396 25.72934419 0.00000000 18.78128872 6.15608769 20.98420840 17.76543475 14.61134439 20.81742854 20.11445967 28.75282034 22.61569520 25.56166950 23.67515704 33.64541782 25.91483147 28.89813107 34.98580954
22.55720992 18.66828752 14.42091738 33.53717791 18.78128872 0.00000000 13.27096218 37.43853459 4.29291859 27.52694449 35.56002610 10.85011988 45.20675998 7.15505238 22.47474045 32.47127593 21.41648420 10.45418865 28.71988725 40.83136672
14.80979767 10.92087527 12.63422946 25.78976567 6.15608769 13.27096218 0.00000000 26.21170734 12.25510821 16.09113133 24.12421294 14.50227636 32.93828594 17.10536866 24.35707501 25.46490567 29.01288125 20.40450493 29.92279727 36.46559647
14.88132467 18.77024707 33.11916414 6.37901597 20.98420840 37.43853459 26.21170734 0.00000000 36.42268062 13.17230551 6.66137509 33.85543351 9.14997403 41.27294107 22.23081294 14.32307670 28.97910592 41.59859993 24.23181918 26.56467424
21.54135594 17.65243354 14.29901920 32.52132393 17.76543475 4.29291859 12.25510821 36.42268062 0.00000000 25.08488243 33.11796404 6.83040517 42.76469792 6.03570123 18.45502574 28.45156122 18.76075174 9.33483750 26.56145881 38.86650211
25.86932587 25.75223962 27.68579610 17.62612483 14.61134439 27.52694449 16.09113133 13.17230551 25.08488243 0.00000000 8.03308161 22.62754163 17.67981549 29.58423518 11.71937378 9.37377435 19.03407342 31.65356743 14.28678668 20.37446515
21.54269976 25.43162217 35.71887771 10.87632589 20.81742854 35.56002610 24.12421294 6.66137509 33.11796404 8.03308161 0.00000000 27.28871650 10.61538742 36.22740324 15.66409593 7.66170161 22.41238890 35.03188291 17.66510216 19.90329915
24.63480440 20.74588200 18.46959965 35.61477239 20.11445967 10.85011988 14.50227636 33.85543351 6.83040517 22.62754163 27.28871650 0.00000000 37.90410392 10.03702753 11.62462057 21.62115605 14.51060489 14.09106771 19.73105364 32.03609694
22.96082654 26.80832037 41.15723743 12.14014170 28.75282034 45.20675998 32.93828594 9.14997403 42.76469792 17.67981549 10.61538742 37.90410392 0.00000000 46.84279066 26.27948335 17.47926303 33.02777632 45.64727033 28.28048958 18.91252262
26.39161640 22.50269399 18.82069619 37.37158439 22.61569520 7.15505238 17.10536866 41.27294107 6.03570123 29.58423518 36.22740324 10.03702753 46.84279066 0.00000000 20.56330731 29.99739388 14.43428605 4.41548618 22.72408143 34.83556090
35.39658586 32.37050257 30.09422022 26.54042182 25.56166950 22.47474045 24.35707501 22.23081294 18.45502574 11.71937378 15.66409593 11.62462057 26.27948335 20.56330731 0.00000000 9.99653548 9.98494840 23.26447522 8.82254572 20.41147637
29.20440138 32.24993692 35.99703767 18.53802751 23.67515704 32.47127593 25.46490567 14.32307670 28.45156122 9.37377435 7.66170161 21.62115605 17.47926303 29.99739388 9.99653548 0.00000000 15.56310783 28.18260184 10.81582109 12.84574378
39.14540929 35.25648689 32.89846366 33.28871480 33.64541782 21.41648420 29.01288125 28.97910592 18.76075174 19.03407342 22.41238890 14.51060489 33.02777632 14.43428605 9.98494840 15.56310783 0.00000000 13.27952681 8.76816320 22.16956457
29.69075266 25.80183026 22.11983245 40.67072066 25.91483147 10.45418865 20.40450493 41.59859993 9.33483750 31.65356743 35.03188291 14.09106771 45.64727033 4.41548618 23.26447522 28.18260184 13.27952681 0.00000000 19.77376910 31.88524858
37.39759209 39.93506227 38.20065330 28.54142806 28.89813107 28.71988725 29.92279727 24.23181918 26.56145881 14.28678668 17.66510216 19.73105364 28.28048958 22.72408143 8.82254572 10.81582109 8.76816320 19.77376910 0.00000000 13.40140137
41.44599891 44.49153445 46.99772847 30.77962504 34.98580954 40.83136672 36.46559647 26.56467424 38.86650211 20.37446515 19.90329915 32.03609694 18.91252262 34.83556090 20.41147637 12.84574378 22.16956457 31.88524858 13.40140137 0.00000000
