0.00000000 1.95000000 2.85000000 3.32500000 1.30000000 2.72500000 2.07500000 3.67500000 2.55000000 1.42500000 1.90000000 3.02500000 4.45000000 1.42500000 4.15000000 4.92500000 4.15000000 1.42500000 5.40000000 6.35000000 2.37500000 9.20000000 4.75000000 2.85000000 5.87500000 3.80000000 4.45000000 3.80000000 7.65000000 3.80000000 5.87500000 8.42500000
1.95000000 0.00000000 0.00000000 0.00000000 0.47500000 0.47500000 3.32500000 0.00000000 3.50000000 4.75000000 0.47500000 0.47500000 2.37500000 4.75000000 1.42500000 0.47500000 1.42500000 2.37500000 6.17500000 1.90000000 1.42500000 4.27500000 1.90000000 3.97500000 0.95000000 2.37500000 4.27500000 2.37500000 5.57500000 1.90000000 3.80000000 7.77500000
2.37500000 0.00000000 0.00000000 0.00000000 0.47500000 0.95000000 3.32500000 0.47500000 0.95000000 0.95000000 0.95000000 2.37500000 2.85000000 3.80000000 2.85000000 2.37500000 1.90000000 2.85000000 1.90000000 1.90000000 1.90000000 2.55000000 5.22500000 3.80000000 0.95000000 3.80000000 2.85000000 3.80000000 4.80000000 3.32500000 3.32500000 1.42500000
2.37500000 0.00000000 0.00000000 0.00000000 0.47500000 0.95000000 3.32500000 0.47500000 0.95000000 0.95000000 0.47500000 3.80000000 2.85000000 3.32500000 2.85000000 3.80000000 2.37500000 4.27500000 3.32500000 0.47500000 1.90000000 2.55000000 4.75000000 5.22500000 1.42500000 6.17500000 1.60000000 3.32500000 2.90000000 5.70000000 4.75000000 1.90000000
1.30000000 0.47500000 0.47500000 0.47500000 0.00000000 0.47500000 3.32500000 0.47500000 0.95000000 0.95000000 0.47500000 1.90000000 2.37500000 1.90000000 1.90000000 1.42500000 3.80000000 2.37500000 5.22500000 0.95000000 0.47500000 3.32500000 0.95000000 2.07500000 0.95000000 2.37500000 3.32500000 1.42500000 5.57500000 0.95000000 2.85000000 5.87500000
2.72500000 0.47500000 0.95000000 0.95000000 0.47500000 0.00000000 2.85000000 0.47500000 0.95000000 1.42500000 1.42500000 2.85000000 2.37500000 3.80000000 2.55000000 1.90000000 3.02500000 1.90000000 0.65000000 2.07500000 3.32500000 2.55000000 1.42500000 2.55000000 2.07500000 2.85000000 1.60000000 3.32500000 5.75000000 1.42500000 1.42500000 6.05000000
2.07500000 3.32500000 4.27500000 4.27500000 3.32500000 2.85000000 0.00000000 1.90000000 0.95000000 1.90000000 1.90000000 1.42500000 2.37500000 0.65000000 3.80000000 2.37500000 3.80000000 3.02500000 2.37500000 4.75000000 1.90000000 7.60000000 2.37500000 2.55000000 4.27500000 3.50000000 3.80000000 2.85000000 4.15000000 2.85000000 4.27500000 4.92500000
3.67500000 0.00000000 0.47500000 0.47500000 0.47500000 0.47500000 1.90000000 0.00000000 0.95000000 0.95000000 1.90000000 1.90000000 2.37500000 4.27500000 0.95000000 0.47500000 0.95000000 1.42500000 3.80000000 0.47500000 2.37500000 3.80000000 0.47500000 2.07500000 0.47500000 1.90000000 2.85000000 3.32500000 6.05000000 0.47500000 2.37500000 6.35000000
2.55000000 3.50000000 0.95000000 0.95000000 0.95000000 0.95000000 0.95000000 0.95000000 0.00000000 0.47500000 1.42500000 0.95000000 0.47500000 2.85000000 3.32500000 3.80000000 3.80000000 0.47500000 3.32500000 3.80000000 1.90000000 5.22500000 1.90000000 1.60000000 2.85000000 2.85000000 2.37500000 1.90000000 4.62500000 2.37500000 3.80000000 4.92500000
1.42500000 4.75000000 0.95000000 0.95000000 0.95000000 1.42500000 1.90000000 0.95000000 0.47500000 0.00000000 4.27500000 2.85000000 2.85000000 1.42500000 3.32500000 5.70000000 4.75000000 0.47500000 2.85000000 9.50000000 0.95000000 11.87500000 3.80000000 1.90000000 4.75000000 2.85000000 3.32500000 1.42500000 2.72500000 1.90000000 3.80000000 3.50000000
1.90000000 0.47500000 1.42500000 0.47500000 0.47500000 1.42500000 1.90000000 1.90000000 1.42500000 4.27500000 0.00000000 2.85000000 2.85000000 3.32500000 1.90000000 5.22500000 2.55000000 2.85000000 2.37500000 2.07500000 4.27500000 2.25000000 2.37500000 3.80000000 3.50000000 2.85000000 2.25000000 4.75000000 2.60000000 1.12500000 2.07500000 1.42500000
3.02500000 0.47500000 2.37500000 2.85000000 2.37500000 2.37500000 1.42500000 1.42500000 0.95000000 3.32500000 1.90000000 0.00000000 1.42500000 2.85000000 0.95000000 0.47500000 2.37500000 0.47500000 1.90000000 3.32500000 2.85000000 6.17500000 1.42500000 2.07500000 1.90000000 1.90000000 3.80000000 1.42500000 3.67500000 1.42500000 2.37500000 3.97500000
3.97500000 1.42500000 2.37500000 2.37500000 1.90000000 2.37500000 2.37500000 2.37500000 0.47500000 2.85000000 2.85000000 1.42500000 0.00000000 0.95000000 0.95000000 2.37500000 3.32500000 0.00000000 1.90000000 7.12500000 1.90000000 7.60000000 2.55000000 2.07500000 4.75000000 1.90000000 3.32500000 2.85000000 3.67500000 1.42500000 4.75000000 4.45000000
1.42500000 4.27500000 4.27500000 4.27500000 2.85000000 3.32500000 0.65000000 4.75000000 2.85000000 0.95000000 3.80000000 1.42500000 0.47500000 0.00000000 0.00000000 1.42500000 1.90000000 0.95000000 1.42500000 6.65000000 0.95000000 5.70000000 3.32500000 1.90000000 3.32500000 2.85000000 2.37500000 1.42500000 2.72500000 2.37500000 4.75000000 3.02500000
4.15000000 1.42500000 2.85000000 3.80000000 1.90000000 2.55000000 4.75000000 0.95000000 3.32500000 4.27500000 1.90000000 2.37500000 0.95000000 0.00000000 0.00000000 0.47500000 0.47500000 1.42500000 0.00000000 0.47500000 1.90000000 1.12500000 0.95000000 5.22500000 0.95000000 1.42500000 2.07500000 3.80000000 3.37500000 0.95000000 1.90000000 1.42500000
3.97500000 0.47500000 2.37500000 2.85000000 1.42500000 1.90000000 2.37500000 0.47500000 2.37500000 2.85000000 2.85000000 0.47500000 1.90000000 1.42500000 0.47500000 0.00000000 1.90000000 0.95000000 0.47500000 5.70000000 1.90000000 5.70000000 0.95000000 1.90000000 3.80000000 1.90000000 2.37500000 2.85000000 2.72500000 0.95000000 2.85000000 3.02500000
4.15000000 1.42500000 1.42500000 2.37500000 4.27500000 3.02500000 3.80000000 0.95000000 3.32500000 5.22500000 1.60000000 1.90000000 4.75000000 3.32500000 0.47500000 3.32500000 0.00000000 3.80000000 2.85000000 0.95000000 4.27500000 1.60000000 6.17500000 6.65000000 2.85000000 5.22500000 3.02500000 4.27500000 2.90000000 2.37500000 1.42500000 1.90000000
1.42500000 1.42500000 2.85000000 3.32500000 2.37500000 1.90000000 2.07500000 1.42500000 0.47500000 0.47500000 5.70000000 0.47500000 0.00000000 0.95000000 1.42500000 0.95000000 3.32500000 0.00000000 1.95000000 3.85000000 1.42500000 4.80000000 1.90000000 1.42500000 4.32500000 1.90000000 1.90000000 0.95000000 2.37500000 1.42500000 3.32500000 3.32500000
3.97500000 5.70000000 1.90000000 2.37500000 2.37500000 0.65000000 2.37500000 1.90000000 1.90000000 3.80000000 2.37500000 1.90000000 2.37500000 1.42500000 0.00000000 0.95000000 2.37500000 1.95000000 0.00000000 1.90000000 1.90000000 1.90000000 1.90000000 3.80000000 2.85000000 2.37500000 0.95000000 4.27500000 1.77500000 1.90000000 1.42500000 2.07500000
5.87500000 0.95000000 1.90000000 0.47500000 0.95000000 2.07500000 4.27500000 0.47500000 3.80000000 7.60000000 1.60000000 2.85000000 6.17500000 2.85000000 0.47500000 6.17500000 0.95000000 3.20000000 1.90000000 0.00000000 1.90000000 0.95000000 1.42500000 2.85000000 0.95000000 2.85000000 1.60000000 1.42500000 3.37500000 1.90000000 0.95000000 3.67500000
1.90000000 1.42500000 1.90000000 1.90000000 0.47500000 3.32500000 1.90000000 2.37500000 1.90000000 0.95000000 4.27500000 3.32500000 2.85000000 2.85000000 1.90000000 1.90000000 3.80000000 1.42500000 1.90000000 1.90000000 0.00000000 2.85000000 2.85000000 0.47500000 2.37500000 1.42500000 1.90000000 0.47500000 2.37500000 0.95000000 0.95000000 3.32500000
5.40000000 3.32500000 3.02500000 3.50000000 2.37500000 2.55000000 3.80000000 1.90000000 3.32500000 9.97500000 2.25000000 2.37500000 6.17500000 2.85000000 1.42500000 5.22500000 1.12500000 3.85000000 1.90000000 0.47500000 2.85000000 0.00000000 2.37500000 3.80000000 0.95000000 3.80000000 1.60000000 2.37500000 2.42500000 2.85000000 1.90000000 0.95000000
4.75000000 1.90000000 4.27500000 3.32500000 0.95000000 1.42500000 2.37500000 0.47500000 2.85000000 4.75000000 2.37500000 2.37500000 2.55000000 3.32500000 0.95000000 0.95000000 5.70000000 1.90000000 0.95000000 1.42500000 2.85000000 2.37500000 0.00000000 2.55000000 1.90000000 0.95000000 1.42500000 3.02500000 0.95000000 0.47500000 1.90000000 1.90000000
2.85000000 2.07500000 3.80000000 4.27500000 3.02500000 2.55000000 2.55000000 2.07500000 1.60000000 1.90000000 3.80000000 2.07500000 2.07500000 1.42500000 3.32500000 1.90000000 7.12500000 1.42500000 3.32500000 2.85000000 0.47500000 3.80000000 2.55000000 0.00000000 3.32500000 0.95000000 1.42500000 0.95000000 2.37500000 0.47500000 0.95000000 3.32500000
4.92500000 0.95000000 0.95000000 1.90000000 0.95000000 2.07500000 3.32500000 0.47500000 2.85000000 6.65000000 2.55000000 1.90000000 9.02500000 2.85000000 0.95000000 7.60000000 1.42500000 4.62500000 2.85000000 1.42500000 2.37500000 0.95000000 1.90000000 3.32500000 0.00000000 1.42500000 1.60000000 2.85000000 1.60000000 2.37500000 1.90000000 0.65000000
3.80000000 2.37500000 4.75000000 5.22500000 2.37500000 2.85000000 3.50000000 1.90000000 2.85000000 2.85000000 2.85000000 1.90000000 1.90000000 2.37500000 1.42500000 1.90000000 3.32500000 1.90000000 1.42500000 1.90000000 1.42500000 2.85000000 0.95000000 0.95000000 1.42500000 0.00000000 0.47500000 0.47500000 1.90000000 0.47500000 0.47500000 2.85000000
5.40000000 4.27500000 2.85000000 1.60000000 3.32500000 1.60000000 3.80000000 2.85000000 4.27500000 5.22500000 2.25000000 4.75000000 3.80000000 3.80000000 2.07500000 3.32500000 3.97500000 1.90000000 0.95000000 1.60000000 1.90000000 1.60000000 1.42500000 1.42500000 1.60000000 0.47500000 0.00000000 0.95000000 0.95000000 0.47500000 0.47500000 0.47500000
3.80000000 2.37500000 3.80000000 3.80000000 1.42500000 3.80000000 2.85000000 3.80000000 2.85000000 1.90000000 4.27500000 1.42500000 3.32500000 3.80000000 4.75000000 2.37500000 5.70000000 0.95000000 3.80000000 2.37500000 0.95000000 3.32500000 3.02500000 0.95000000 1.90000000 0.47500000 0.95000000 0.00000000 1.90000000 0.47500000 0.47500000 2.85000000
6.70000000 4.62500000 4.80000000 3.85000000 5.57500000 5.75000000 4.15000000 7.95000000 5.57500000 5.57500000 2.60000000 4.62500000 4.15000000 2.72500000 3.37500000 2.72500000 4.80000000 2.37500000 1.77500000 3.37500000 2.37500000 2.42500000 0.95000000 2.37500000 1.60000000 1.90000000 0.95000000 1.90000000 0.00000000 1.42500000 0.95000000 0.47500000
2.85000000 1.90000000 5.22500000 4.75000000 0.95000000 1.42500000 2.85000000 0.47500000 2.37500000 1.90000000 1.12500000 1.90000000 1.42500000 1.90000000 1.90000000 0.95000000 5.22500000 1.42500000 2.37500000 1.90000000 0.95000000 2.85000000 0.47500000 0.47500000 1.42500000 0.47500000 0.47500000 0.47500000 1.42500000 0.00000000 0.00000000 2.37500000
4.92500000 3.80000000 5.22500000 3.80000000 1.90000000 1.42500000 3.32500000 1.42500000 4.75000000 4.75000000 2.07500000 3.80000000 2.85000000 3.80000000 1.90000000 2.85000000 1.90000000 2.37500000 1.90000000 0.95000000 0.95000000 1.90000000 0.95000000 0.95000000 1.90000000 0.47500000 0.47500000 0.47500000 0.95000000 0.00000000 0.00000000 1.90000000
7.47500000 7.30000000 1.42500000 2.37500000 6.35000000 6.52500000 4.92500000 8.72500000 5.40000000 6.35000000 1.90000000 4.45000000 4.92500000 3.97500000 1.42500000 3.50000000 2.85000000 3.32500000 2.55000000 4.15000000 3.32500000 0.95000000 1.90000000 3.32500000 0.65000000 2.85000000 0.47500000 2.85000000 0.47500000 1.90000000 1.90000000 0.00000000
