0.00000000 15.82842712 35.65685425 40.65685425 25.07106781 29.72792206 9.41421356 25.72792206 15.65685425 12.48528137 51.14213562 35.38477631 30.97056275 23.14213562 50.62741700 39.97056275 58.62741700 34.04163056 45.79898987 53.87005769 33.07106781 61.28427125 63.79898987 41.72792206 66.11269837 51.72792206 70.14213562 43.31370850 82.79898987 54.97056275 65.97056275 85.97056275
15.82842712 0.00000000 21.82842712 26.82842712 10.41421356 15.07106781 12.07106781 11.07106781 17.48528137 18.89949494 37.31370850 20.72792206 28.55634919 25.55634919 35.97056275 25.31370850 43.97056275 33.62741700 31.14213562 39.21320344 38.79898987 46.62741700 42.45584412 60.76955262 51.45584412 54.52691193 48.45584412 62.11269837 62.52691193 53.52691193 49.79898987 65.69848481
35.65685425 21.82842712 0.00000000 5.00000000 12.24264069 16.07106781 35.79898987 18.89949494 28.97056275 40.38477631 15.48528137 28.55634919 36.38477631 45.62741700 27.31370850 33.14213562 29.55634919 41.45584412 38.97056275 35.97056275 60.28427125 37.97056275 50.28427125 68.59797975 42.79898987 62.35533906 56.28427125 69.94112550 70.35533906 61.35533906 57.62741700 73.52691193
40.65685425 26.82842712 5.00000000 0.00000000 17.24264069 21.07106781 40.79898987 23.89949494 33.97056275 45.38477631 12.24264069 33.55634919 41.38477631 50.62741700 24.07106781 38.14213562 26.31370850 46.45584412 35.14213562 32.72792206 65.28427125 34.72792206 47.04163056 64.18376618 39.55634919 57.94112550 51.87005769 65.52691193 65.94112550 56.94112550 53.21320344 49.55634919
25.07106781 10.41421356 12.24264069 17.24264069 0.00000000 5.24264069 24.14213562 7.24264069 17.31370850 28.72792206 27.72792206 16.89949494 24.72792206 33.97056275 32.14213562 21.48528137 40.14213562 29.79898987 27.31370850 35.38477631 48.62741700 42.79898987 38.62741700 56.94112550 47.62741700 50.69848481 44.62741700 58.28427125 58.69848481 49.69848481 45.97056275 61.87005769
29.72792206 15.07106781 16.07106781 21.07106781 5.24264069 0.00000000 24.89949494 6.82842712 18.07106781 29.48528137 31.55634919 13.89949494 21.72792206 30.97056275 29.14213562 18.48528137 37.14213562 26.79898987 24.31370850 32.38477631 45.62741700 39.79898987 35.62741700 53.94112550 44.62741700 47.69848481 41.62741700 55.28427125 55.69848481 46.69848481 42.97056275 58.87005769
9.41421356 12.07106781 35.79898987 40.79898987 24.14213562 24.89949494 0.00000000 18.07106781 6.82842712 6.82842712 51.28427125 20.07106781 15.07106781 15.48528137 38.97056275 27.48528137 46.97056275 26.38477631 34.14213562 42.21320344 27.89949494 49.62741700 44.62741700 36.55634919 54.45584412 46.55634919 50.62741700 38.14213562 64.69848481 49.79898987 51.97056275 67.87005769
25.72792206 11.07106781 18.89949494 23.89949494 7.24264069 6.82842712 18.07106781 0.00000000 11.24264069 22.65685425 34.38477631 9.65685425 17.48528137 26.72792206 24.89949494 14.24264069 32.89949494 22.55634919 20.07106781 28.14213562 41.38477631 35.55634919 31.38477631 49.69848481 40.38477631 43.45584412 37.38477631 51.04163056 51.45584412 42.45584412 38.72792206 54.62741700
15.65685425 17.48528137 28.97056275 33.97056275 17.31370850 18.07106781 6.82842712 11.24264069 0.00000000 11.41421356 44.45584412 13.24264069 9.41421356 16.89949494 32.14213562 20.65685425 40.14213562 17.41421356 27.31370850 35.38477631 30.14213562 42.79898987 37.79898987 38.79898987 47.62741700 48.79898987 43.79898987 40.38477631 57.87005769 48.87005769 45.14213562 61.04163056
12.48528137 18.89949494 40.38477631 45.38477631 28.72792206 29.48528137 6.82842712 22.65685425 11.41421356 0.00000000 54.21320344 27.97056275 19.31370850 11.48528137 42.97056275 27.72792206 50.97056275 22.38477631 36.97056275 46.21320344 22.24264069 53.62741700 52.97056275 30.89949494 81.62741700 40.89949494 59.31370850 32.48528137 71.97056275 44.14213562 55.14213562 75.14213562
51.14213562 37.31370850 15.48528137 12.24264069 27.72792206 31.55634919 51.28427125 34.38477631 44.45584412 54.21320344 0.00000000 29.55634919 35.72792206 43.31370850 11.82842712 26.48528137 17.24264069 42.79898987 22.89949494 20.48528137 65.76955262 22.48528137 34.79898987 51.94112550 27.31370850 45.69848481 39.62741700 53.28427125 53.69848481 44.69848481 40.97056275 37.31370850
35.38477631 20.72792206 28.55634919 33.55634919 16.89949494 13.89949494 20.07106781 9.65685425 13.24264069 27.97056275 29.55634919 0.00000000 7.82842712 17.07106781 18.31370850 5.41421356 26.31370850 12.89949494 12.89949494 21.55634919 31.72792206 28.97056275 23.38477631 41.69848481 33.79898987 35.45584412 29.38477631 43.04163056 43.45584412 34.45584412 30.72792206 46.62741700
30.97056275 28.55634919 36.38477631 41.38477631 24.72792206 21.72792206 15.07106781 17.48528137 9.41421356 19.31370850 35.72792206 7.82842712 0.00000000 8.41421356 24.48528137 9.24264069 32.48528137 8.00000000 18.48528137 27.72792206 23.89949494 35.14213562 19.65685425 19.82842712 39.97056275 42.55634919 34.97056275 34.14213562 49.04163056 40.04163056 36.31370850 52.21320344
23.14213562 25.55634919 45.62741700 50.62741700 33.97056275 30.97056275 15.48528137 26.72792206 16.89949494 11.48528137 43.31370850 17.07106781 8.41421356 0.00000000 32.07106781 16.82842712 40.07106781 10.89949494 26.07106781 35.31370850 15.48528137 42.72792206 22.55634919 24.14213562 74.87005769 34.14213562 52.55634919 25.72792206 65.21320344 37.38477631 48.38477631 68.38477631
50.62741700 35.97056275 27.31370850 24.07106781 32.14213562 29.14213562 38.97056275 24.89949494 32.14213562 42.97056275 11.82842712 18.31370850 24.48528137 32.07106781 0.00000000 15.24264069 10.24264069 30.38477631 10.48528137 9.82842712 53.35533906 14.31370850 22.38477631 39.52691193 19.14213562 33.28427125 27.21320344 40.87005769 41.28427125 32.28427125 28.55634919 44.45584412
39.97056275 25.31370850 33.14213562 38.14213562 21.48528137 18.48528137 27.48528137 14.24264069 20.65685425 27.72792206 26.48528137 5.41421356 9.24264069 16.82842712 15.24264069 0.00000000 23.24264069 10.65685425 9.24264069 18.48528137 31.48528137 25.89949494 19.72792206 38.04163056 30.72792206 31.79898987 25.72792206 39.38477631 39.79898987 30.79898987 27.07106781 42.97056275
58.62741700 43.97056275 29.55634919 26.31370850 40.14213562 37.14213562 46.97056275 32.89949494 40.14213562 50.97056275 17.24264069 26.31370850 32.48528137 40.07106781 10.24264069 23.24264069 0.00000000 38.38477631 18.48528137 10.65685425 61.35533906 8.41421356 30.38477631 47.52691193 14.89949494 41.28427125 35.21320344 48.87005769 27.97056275 40.28427125 36.55634919 24.89949494
34.04163056 33.62741700 41.45584412 46.45584412 29.79898987 26.79898987 26.38477631 22.55634919 17.41421356 22.38477631 42.79898987 12.89949494 8.00000000 10.89949494 30.38477631 10.65685425 38.38477631 0.00000000 19.89949494 30.55634919 12.24264069 41.04163056 11.65685425 11.82842712 47.28427125 25.14213562 24.14213562 20.48528137 37.62741700 24.14213562 24.31370850 40.79898987
45.79898987 31.14213562 38.97056275 35.14213562 27.31370850 24.31370850 34.14213562 20.07106781 27.31370850 36.97056275 22.89949494 12.89949494 18.48528137 26.07106781 10.48528137 9.24264069 18.48528137 19.89949494 0.00000000 10.65685425 43.45584412 21.14213562 11.89949494 29.62741700 41.04163056 23.38477631 17.31370850 30.97056275 31.38477631 22.38477631 18.65685425 34.55634919
53.87005769 39.21320344 35.97056275 32.72792206 35.38477631 32.38477631 42.21320344 28.14213562 35.38477631 46.21320344 20.48528137 21.55634919 27.72792206 35.31370850 9.82842712 18.48528137 10.65685425 30.55634919 10.65685425 0.00000000 53.52691193 7.41421356 22.55634919 39.69848481 10.48528137 33.45584412 27.38477631 41.04163056 23.55634919 32.45584412 28.72792206 20.48528137
33.07106781 38.79898987 60.28427125 65.28427125 48.62741700 45.62741700 27.89949494 41.38477631 30.14213562 22.24264069 65.76955262 31.72792206 23.89949494 15.48528137 53.35533906 31.48528137 61.35533906 12.24264069 43.45584412 53.52691193 0.00000000 64.01219331 33.55634919 8.07106781 62.21320344 21.48528137 39.89949494 13.07106781 52.55634919 24.72792206 35.72792206 55.72792206
61.28427125 46.62741700 37.97056275 34.72792206 42.79898987 39.79898987 49.62741700 35.55634919 42.79898987 53.62741700 22.48528137 28.97056275 35.14213562 42.72792206 14.31370850 25.89949494 8.41421356 41.04163056 21.14213562 7.41421356 64.01219331 0.00000000 33.04163056 50.18376618 5.41421356 43.94112550 29.14213562 51.52691193 17.89949494 42.31370850 31.31370850 14.82842712
63.79898987 42.45584412 50.28427125 47.04163056 38.62741700 35.62741700 44.62741700 31.38477631 37.79898987 52.97056275 34.79898987 23.38477631 19.65685425 22.55634919 22.38477631 19.72792206 30.38477631 11.65685425 11.89949494 22.55634919 33.55634919 33.04163056 0.00000000 19.72792206 37.62741700 13.48528137 14.48528137 21.07106781 27.97056275 12.48528137 12.89949494 31.14213562
41.72792206 60.76955262 68.59797975 64.18376618 56.94112550 53.94112550 36.55634919 49.69848481 38.79898987 30.89949494 51.94112550 41.69848481 19.82842712 24.14213562 39.52691193 38.04163056 47.52691193 11.82842712 29.62741700 39.69848481 8.07106781 50.18376618 19.72792206 0.00000000 48.38477631 6.82842712 26.07106781 10.65685425 38.72792206 11.48528137 21.89949494 41.89949494
66.11269837 51.45584412 42.79898987 39.55634919 47.62741700 44.62741700 54.45584412 40.38477631 47.62741700 81.62741700 27.31370850 33.79898987 39.97056275 74.87005769 19.14213562 30.72792206 14.89949494 47.28427125 41.04163056 10.48528137 62.21320344 5.41421356 37.62741700 48.38477631 0.00000000 42.14213562 24.31370850 49.72792206 13.07106781 37.48528137 26.48528137 10.00000000
51.72792206 54.52691193 62.35533906 57.94112550 50.69848481 47.69848481 46.55634919 43.45584412 48.79898987 40.89949494 45.69848481 35.45584412 42.55634919 34.14213562 33.28427125 31.79898987 41.28427125 25.14213562 23.38477631 33.45584412 21.48528137 43.94112550 13.48528137 6.82842712 42.14213562 0.00000000 19.82842712 9.82842712 32.48528137 5.82842712 15.65685425 35.65685425
70.14213562 48.45584412 56.28427125 51.87005769 44.62741700 41.62741700 50.62741700 37.38477631 43.79898987 59.31370850 39.62741700 29.38477631 34.97056275 52.55634919 27.21320344 25.72792206 35.21320344 24.14213562 17.31370850 27.38477631 39.89949494 29.14213562 14.48528137 26.07106781 24.31370850 19.82842712 0.00000000 27.41421356 14.65685425 17.65685425 6.65685425 17.82842712
43.31370850 62.11269837 69.94112550 65.52691193 58.28427125 55.28427125 38.14213562 51.04163056 40.38477631 32.48528137 53.28427125 43.04163056 34.14213562 25.72792206 40.87005769 39.38477631 48.87005769 20.48528137 30.97056275 41.04163056 13.07106781 51.52691193 21.07106781 10.65685425 49.72792206 9.82842712 27.41421356 0.00000000 40.07106781 12.24264069 23.24264069 43.24264069
82.79898987 62.52691193 70.35533906 65.94112550 58.69848481 55.69848481 64.69848481 51.45584412 57.87005769 71.97056275 53.69848481 43.45584412 49.04163056 65.21320344 41.28427125 39.79898987 27.97056275 37.62741700 31.38477631 23.55634919 52.55634919 17.89949494 27.97056275 38.72792206 13.07106781 32.48528137 14.65685425 40.07106781 0.00000000 27.82842712 16.82842712 8.24264069
54.97056275 53.52691193 61.35533906 56.94112550 49.69848481 46.69848481 49.79898987 42.45584412 48.87005769 44.14213562 44.69848481 34.45584412 40.04163056 37.38477631 32.28427125 30.79898987 40.28427125 24.14213562 22.38477631 32.45584412 24.72792206 42.31370850 12.48528137 11.48528137 37.48528137 5.82842712 17.65685425 12.24264069 27.82842712 0.00000000 11.00000000 31.00000000
65.97056275 49.79898987 57.62741700 53.21320344 45.97056275 42.97056275 51.97056275 38.72792206 45.14213562 55.14213562 40.97056275 30.72792206 36.31370850 48.38477631 28.55634919 27.07106781 36.55634919 24.31370850 18.65685425 28.72792206 35.72792206 31.31370850 12.89949494 21.89949494 26.48528137 15.65685425 6.65685425 23.24264069 16.82842712 11.00000000 0.00000000 20.00000000
85.97056275 65.69848481 73.52691193 49.55634919 61.87005769 58.87005769 67.87005769 54.62741700 61.04163056 75.14213562 37.31370850 46.62741700 52.21320344 68.38477631 44.45584412 42.97056275 24.89949494 40.79898987 34.55634919 20.48528137 55.72792206 14.82842712 31.14213562 41.89949494 10.00000000 35.65685425 17.82842712 43.24264069 8.24264069 31.00000000 20.00000000 0.00000000
