0.00000000 38.97186904 48.22279833 50.45279833 43.52576298 59.39666448 16.84227489 43.81170273 32.21165835 25.18047040 59.50907430 56.78284197 50.17642928 30.69943830 74.61430950 64.69489645 81.16275575 58.23214534 68.95768432 87.74012911 38.34982323 104.00444728 50.14543902 68.59178821 115.16974778 44.18111832 52.38458549 40.05371716 61.67657646 45.80536759 50.02989032 59.71095634
38.97186904 0.00000000 10.23092929 12.46092929 4.76796465 20.63886615 42.94132573 5.05390440 31.76656167 73.09778639 21.51720526 18.02504364 47.83077703 73.92107245 35.85651117 25.93709812 42.40495742 61.06197649 30.19988599 48.98233078 83.68517454 65.24664894 34.69915619 50.67863020 76.41194944 40.17027884 37.49986686 43.83731419 47.87938093 39.92670019 37.43188130 45.91376080
48.22279833 10.23092929 0.00000000 2.23000000 5.64469083 21.42507502 48.39405084 8.99075252 33.35743000 75.42173591 11.28627596 21.96189176 51.76762515 67.81351186 39.20435388 29.87394624 41.38861615 64.99882461 34.13673411 51.96761469 79.29015183 66.99718972 38.63600431 54.61547832 78.40525284 44.10712696 41.43671499 47.77416231 51.81622905 43.86354831 41.36872942 49.85060892
50.45279833 12.46092929 2.23000000 0.00000000 7.87469083 23.65507502 50.62405084 11.22075252 35.58743000 77.65173591 9.74738203 24.19189176 53.99762515 70.04351186 37.66545994 32.10394624 39.84972222 67.22882461 42.34271391 50.42872075 81.52015183 65.45829578 47.83026838 63.88685963 76.86635890 53.37850827 50.70809630 57.04554362 61.08761036 53.13492962 50.64011073 81.40635890
43.52576298 4.76796465 5.64469083 7.87469083 0.00000000 16.03494262 42.59798916 3.19469083 27.56136831 69.62567422 16.93096680 16.16583007 45.97156347 62.01745017 33.99729760 24.07788455 40.54574385 59.20276293 28.34067243 47.12311722 73.49409014 63.38743538 32.83994262 48.81941664 74.55273588 38.31106527 35.64065330 41.97810063 46.02016736 38.06748663 35.57266773 44.05454724
59.39666448 20.63886615 21.42507502 23.65507502 16.03494262 0.00000000 57.61375213 18.44202848 42.57713129 84.64143720 32.71135098 32.70715834 62.51289173 78.55877844 50.53862587 40.61921282 57.08707212 75.74409119 44.88200069 63.66444548 90.03541841 79.92876365 49.38127089 65.36074490 91.09406415 54.85239354 52.18198157 58.51942889 62.56149563 54.60881490 52.11399600 60.59587550
16.84227489 42.94132573 48.39405084 50.62405084 42.59798916 57.61375213 0.00000000 39.17172365 15.03662084 30.15646066 59.68032680 53.93289248 49.23590329 33.78661831 70.95850394 62.01043036 77.50695019 61.31932534 65.32884269 84.08432355 43.10479110 100.34864171 70.77248842 73.34675608 111.51394221 48.93608619 73.57319910 44.80868504 83.95271317 50.56033547 73.50521354 81.98709304
43.81170273 5.05390440 8.99075252 11.22075252 3.19469083 18.44202848 39.17172365 0.00000000 24.13510281 66.19940872 20.27702848 12.97113924 42.77687263 58.82275934 30.80260677 20.88319372 37.35105302 56.00807209 25.14598159 43.92842638 70.29939931 60.19274455 29.64525179 45.62472580 71.35804505 35.11637444 32.44596247 38.78340979 42.82547653 34.87279580 32.37797690 40.85985640
32.21165835 31.76656167 33.35743000 35.58743000 27.56136831 42.57713129 15.03662084 24.13510281 0.00000000 42.06430591 44.64370596 38.89627163 33.22966558 38.02087371 55.92188309 46.97380951 62.47032934 53.23466558 50.29222184 69.04770270 47.78497580 85.31202087 55.73586758 78.02694078 96.47732137 53.61627089 58.53657826 49.48886973 68.91609232 60.96341159 58.46859269 66.95047220
25.18047040 73.09778639 75.42173591 77.65173591 69.62567422 84.64143720 30.15646066 66.19940872 42.06430591 0.00000000 94.61214355 55.97403351 29.27530229 9.79831132 67.66127343 53.41703894 74.20971968 37.33101836 61.46400900 80.61880877 18.03462554 97.05141120 29.83024133 48.27659051 42.57354652 23.86592063 32.06938780 19.73851947 41.36137877 25.49016990 29.71469263 39.39575865
59.50907430 21.51720526 11.28627596 9.74738203 16.93096680 32.71135098 59.68032680 20.27702848 44.64370596 94.61214355 0.00000000 47.29582320 69.93353352 84.48973014 27.91807791 41.19510460 33.42344805 64.20302920 32.59533188 40.68133873 55.88581274 55.71091375 38.08288635 54.13947761 67.11897687 43.63112624 40.96071427 47.29816159 51.34022833 43.38754760 40.89272870 71.65897687
56.78284197 18.02504364 21.96189176 24.19189176 16.16583007 32.70715834 53.93289248 12.97113924 38.89627163 55.97403351 47.29582320 0.00000000 29.80573339 45.85162010 20.34495308 11.54667568 26.89339933 43.03693285 14.38347509 33.47077270 57.32826007 49.73509086 19.82712083 35.80659485 60.90039136 25.29824348 22.62783151 28.96527884 33.00734557 25.05466484 22.55984594 31.04172545
50.17642928 47.83077703 51.76762515 53.99762515 45.97156347 62.51289173 49.23590329 42.77687263 33.22966558 29.27530229 69.93353352 29.80573339 0.00000000 19.15288889 42.98266340 28.73842892 49.53110965 20.00500000 36.78539897 55.94019874 29.56224097 72.37280118 48.72022041 63.12124638 83.53810168 35.39353606 45.02975539 31.26613491 55.40926945 47.45658872 44.96176982 53.44364933
30.69943830 73.92107245 67.81351186 70.04351186 62.01745017 78.55877844 33.78661831 58.82275934 38.02087371 9.79831132 84.48973014 45.85162010 19.15288889 0.00000000 57.53886002 43.29462554 64.08730627 27.53270704 51.34159559 70.49639536 10.62257972 86.92899780 56.24792745 40.86454470 35.16150071 16.45387481 24.65734198 12.32647366 33.94933296 18.07812409 22.30264681 31.98371283
74.61430950 35.85651117 39.20435388 37.66545994 33.99729760 50.53862587 70.95850394 30.80260677 55.92188309 67.66127343 27.91807791 20.34495308 42.98266340 57.53886002 0.00000000 14.24423448 10.71003138 39.15949060 7.55179328 19.10510714 31.06808150 32.68651475 13.03934775 29.32174637 43.85181525 18.81339500 16.14298303 22.48043036 26.52249709 18.56981636 16.07499746 24.55687696
64.69489645 25.93709812 29.87394624 32.10394624 24.07788455 40.61921282 62.01043036 20.88319372 46.97380951 53.41703894 41.19510460 11.54667568 28.73842892 43.29462554 14.24423448 0.00000000 20.79268073 42.15805192 8.04697006 27.20176982 54.77126550 43.63437226 13.49061579 29.47008981 54.79967276 18.96173844 16.29132647 22.62877380 26.67084053 18.71815980 16.22334091 24.70522041
81.16275575 42.40495742 41.38861615 39.84972222 40.54574385 57.08707212 77.50695019 37.35105302 62.47032934 74.20971968 33.42344805 26.89339933 49.53110965 64.08730627 10.71003138 20.79268073 0.00000000 45.54415006 13.93645274 19.35085533 37.22693360 29.78386868 19.42400720 35.48059846 46.76251547 24.97224710 22.30183512 28.63928245 56.32702953 24.72866845 22.23384956 51.30251547
58.23214534 61.06197649 64.99882461 67.22882461 59.20276293 75.74409119 61.31932534 56.00807209 53.23466558 37.33101836 64.20302920 43.03693285 20.00500000 27.53270704 39.15949060 42.15805192 45.54415006 0.00000000 31.60769732 52.18844730 55.29294911 68.38584158 28.71522041 43.11624638 44.70916665 35.31907430 33.40452019 51.76720705 43.49699890 34.81886615 32.54755013 41.53137877
68.95768432 30.19988599 34.13673411 42.34271391 28.34067243 44.88200069 65.32884269 25.14598159 50.29222184 61.46400900 32.59533188 14.38347509 36.78539897 51.34159559 7.55179328 8.04697006 13.93645274 31.60769732 0.00000000 20.58074998 22.98668360 36.77814426 5.48755447 21.24034847 19.65326694 10.73199710 8.06158513 14.39903246 18.44109919 10.48841846 7.99359956 16.47547907
87.74012911 48.98233078 51.96761469 50.42872075 47.12311722 63.66444548 84.08432355 43.92842638 69.04770270 80.61880877 40.68133873 33.47077270 55.94019874 70.49639536 19.10510714 27.20176982 19.35085533 52.18844730 20.58074998 0.00000000 43.75223589 27.62637698 26.06830445 42.00590076 36.14771317 31.49754939 28.82713742 35.16458475 45.71222723 31.25397075 28.75915185 40.68771317
38.34982323 83.68517454 79.29015183 81.52015183 73.49409014 90.03541841 43.10479110 70.29939931 47.78497580 18.03462554 55.88581274 57.32826007 29.56224097 10.62257972 31.06808150 54.77126550 37.22693360 55.29294911 22.98668360 43.75223589 0.00000000 60.06862513 18.64640836 34.10962225 31.38971355 12.68208766 20.88555483 8.55468650 30.17754580 14.30633693 18.53085966 28.21192568
104.00444728 65.24664894 66.99718972 65.45829578 63.38743538 79.92876365 100.34864171 60.19274455 85.31202087 97.05141120 55.71091375 49.73509086 72.37280118 86.92899780 32.68651475 43.63437226 29.78386868 68.38584158 36.77814426 27.62637698 60.06862513 0.00000000 42.26569873 58.32228999 18.13422402 47.81393862 30.64298303 51.48097398 28.61877993 35.00705374 31.50205374 23.59426586
50.14543902 34.69915619 38.63600431 47.83026838 32.83994262 49.38127089 70.77248842 29.64525179 55.73586758 29.83024133 38.08288635 19.82712083 48.72022041 56.24792745 13.03934775 13.49061579 19.42400720 28.71522041 5.48755447 26.06830445 18.64640836 42.26569873 0.00000000 16.90007322 17.48325648 6.39172186 6.31038672 10.05875721 16.27108873 5.89151370 4.82751875 14.30546861
68.59178821 50.67863020 54.61547832 63.88685963 48.81941664 65.36074490 73.34675608 45.62472580 78.02694078 48.27659051 54.13947761 35.80659485 63.12124638 40.86454470 29.32174637 29.47008981 35.48059846 43.11624638 21.24034847 42.00590076 34.10962225 58.32228999 16.90007322 0.00000000 29.64337841 10.57538672 19.13921969 12.33504184 28.43121067 12.84703715 16.78452452 26.46559054
115.16974778 76.41194944 78.40525284 76.86635890 74.55273588 91.09406415 111.51394221 71.35804505 96.47732137 42.57354652 67.11897687 60.90039136 83.53810168 35.16150071 43.85181525 54.79967276 46.76251547 44.70916665 19.65326694 36.14771317 31.38971355 18.13422402 17.48325648 29.64337841 0.00000000 19.13502705 11.58871716 22.80206240 9.56451406 15.95278787 12.44778787 4.54000000
44.18111832 40.17027884 44.10712696 53.37850827 38.31106527 54.85239354 48.93608619 35.11637444 53.61627089 23.86592063 43.63112624 25.29824348 35.39353606 16.45387481 18.81339500 18.96173844 24.97224710 35.31907430 10.73199710 31.49754939 12.68208766 47.81393862 6.39172186 10.57538672 19.13502705 0.00000000 8.63086832 4.50036580 17.92285930 2.62572114 6.27617316 15.95723917
52.38458549 37.49986686 41.43671499 50.70809630 35.64065330 52.18198157 73.57319910 32.44596247 58.53657826 32.06938780 40.96071427 22.62783151 45.02975539 24.65734198 16.14298303 16.29132647 22.30183512 33.40452019 8.06158513 28.82713742 20.88555483 30.64298303 6.31038672 19.13921969 11.58871716 8.63086832 0.00000000 12.29790368 10.37654942 6.55877200 2.67774170 8.41092929
40.05371716 43.83731419 47.77416231 57.04554362 41.97810063 58.51942889 44.80868504 38.78340979 49.48886973 19.73851947 47.29816159 28.96527884 31.26613491 12.32647366 22.48043036 22.62877380 28.63928245 51.76720705 14.39903246 35.16458475 8.55468650 51.48097398 10.05875721 12.33504184 22.80206240 4.50036580 12.29790368 0.00000000 21.58989465 5.71868578 9.94320851 19.62427453
61.67657646 47.87938093 51.81622905 61.08761036 46.02016736 62.56149563 83.95271317 42.82547653 68.91609232 41.36137877 51.34022833 33.00734557 55.40926945 33.94933296 26.52249709 26.67084053 56.32702953 43.49699890 18.44109919 45.71222723 30.17754580 28.61877993 16.27108873 28.43121067 9.56451406 17.92285930 10.37654942 21.58989465 0.00000000 14.74062013 11.23562013 7.12402633
45.80536759 39.92670019 43.86354831 53.13492962 38.06748663 54.60881490 50.56033547 34.87279580 60.96341159 25.49016990 43.38754760 25.05466484 47.45658872 18.07812409 18.56981636 18.71815980 24.72866845 34.81886615 10.48841846 31.25397075 14.30633693 35.00705374 5.89151370 12.84703715 15.95278787 2.62572114 6.55877200 5.71868578 14.74062013 0.00000000 3.50500000 12.77500000
50.02989032 37.43188130 41.36872942 50.64011073 35.57266773 52.11399600 73.50521354 32.37797690 58.46859269 29.71469263 40.89272870 22.55984594 44.96176982 22.30264681 16.07499746 16.22334091 22.23384956 32.54755013 7.99359956 28.75915185 18.53085966 31.50205374 4.82751875 16.78452452 12.44778787 6.27617316 2.67774170 9.94320851 11.23562013 3.50500000 0.00000000 9.27000000
59.71095634 45.91376080 49.85060892 81.40635890 44.05454724 60.59587550 81.98709304 40.85985640 66.95047220 39.39575865 71.65897687 31.04172545 53.44364933 31.98371283 24.55687696 24.70522041 51.30251547 41.53137877 16.47547907 40.68771317 28.21192568 23.59426586 14.30546861 26.46559054 4.54000000 15.95723917 8.41092929 19.62427453 7.12402633 12.77500000 9.27000000 0.00000000
