0.00000000 9.28782192 19.64538696 22.14538696 14.35156257 17.03111775 6.21498402 14.02620189 9.41157475 7.14410211 24.27839764 15.56605373 14.32885404 12.47252924 23.58384898 18.07149472 29.13337638 18.06974979 22.01580120 26.05133510 16.85120890 29.75844188 24.86605987 21.67019876 31.85085605 25.80936619 29.56582476 22.55831568 34.24626365 27.94357192 29.46644167 36.83651832
9.27740525 0.00000000 11.25178571 13.75178571 5.95889250 8.72560259 7.99962719 5.79955406 7.79747603 12.49510515 15.88479639 9.74391453 11.70713954 14.12140569 15.86458368 12.09244728 21.41411109 16.45947224 15.83508797 18.84927192 19.48971076 22.33615981 19.59543082 23.14862911 24.42857398 25.61708164 24.02025749 25.19681754 28.06555042 26.25573469 23.92087440 30.65580509
19.41235124 11.02916667 0.00000000 2.50000000 5.70710678 6.17757034 18.46668158 9.11555769 15.09355125 22.76135655 6.15465368 13.37381259 16.70223972 20.18110146 12.93078607 14.51502729 13.47559067 20.32151715 15.77238660 16.86557145 24.92374215 17.60732471 21.60171393 27.43463326 19.76614151 27.82602809 24.47032748 30.36851033 25.84908829 27.88677710 25.10081372 25.27847136
21.91235124 13.52916667 2.50000000 0.00000000 8.20710678 8.67757034 20.96668158 11.61555769 17.59355125 25.26135655 5.93173489 15.30792051 19.20223972 22.68110146 13.55541128 16.13634763 12.15685425 21.94283750 17.39370694 16.41043741 27.42374215 16.36396103 23.22303428 29.05595360 18.44740509 29.44734844 25.58876745 32.86851033 25.06069353 29.50809744 26.72213407 23.95973494
14.16652857 5.78427517 5.75510850 8.25510850 0.00000000 3.08212137 12.83514351 3.77362660 9.45992984 17.12588530 10.26732760 8.18784017 11.29506452 14.53670550 13.49201641 10.48073339 17.77610831 15.38992034 13.80916051 16.82334447 19.27934619 20.31023236 17.56950337 22.55368677 22.40264652 23.79173419 21.99433003 24.98645297 26.03962296 24.22980723 21.89494695 28.62987763
17.03111775 8.73601926 6.41060606 8.91060606 3.26715537 0.00000000 15.42481019 4.40311839 11.03521194 18.38137750 10.17947533 7.95373914 11.28216627 15.48927305 11.66270313 10.24663236 16.90361434 15.15581931 12.40271793 15.41690189 19.78212380 18.75258298 17.33540234 22.31958575 20.94523662 23.55763317 21.10065881 24.94843688 24.63318039 23.75787357 21.14201878 27.22343506
6.22331736 8.01837719 18.70805063 21.20805063 13.02851084 15.43314353 0.00000000 11.64456393 4.77381493 4.53119225 22.42750337 10.78138244 9.19889390 8.14676555 19.15503549 12.94153459 24.35245025 13.74190277 16.97706849 21.26666382 13.38738205 24.97377060 19.92897112 18.05324480 27.06618476 22.19241223 24.43586462 19.09448883 29.26685334 24.47974507 24.33648154 31.85710801
13.79316617 5.57693501 9.11555769 11.61555769 3.72562489 4.17008268 11.40319489 0.00000000 6.63562996 14.02788162 12.20266940 4.41421356 7.74264069 11.22569784 10.06502962 6.70710678 15.61455702 11.61629373 10.03553391 13.04971786 15.96833853 16.53660575 13.79587676 18.78006017 18.62901991 20.01810759 18.22070343 21.40891129 22.26599636 20.45618063 18.12132034 24.85625103
9.41365808 7.80997603 15.32867030 17.82867030 9.64704717 11.03729527 4.76756493 6.87074901 0.00000000 7.81066244 17.95179039 6.30566946 5.50055916 7.80807706 14.67932250 9.01277624 19.87673727 10.18261819 12.75541693 16.79095083 12.88327019 20.49805761 16.23063638 16.54658517 22.59047177 20.38266379 20.73752988 18.59037697 24.98587938 22.56594737 20.63814680 27.57613405
6.98312523 12.34454493 22.83341538 25.33341538 17.14994241 18.22040061 4.36188203 14.09994045 7.64760222 0.00000000 23.90341982 11.60501074 8.10501074 5.53581068 19.56445022 12.72633108 24.76186499 11.13094790 16.76186499 21.67607855 9.91449034 25.38318533 17.92934131 14.73348020 27.47559949 18.87264764 24.07116415 15.62159712 29.05164983 21.00685336 23.97178106 31.64190450
24.27631430 15.89312973 6.38560606 6.16268727 10.45027827 10.17739199 22.41708670 12.43362178 17.94762372 24.06231337 0.00000000 12.73454531 16.44357502 20.65068181 8.21667207 13.06489537 8.71755661 19.16427845 12.85778859 11.78304987 24.94353256 12.51044983 18.68711592 24.79118193 15.48299673 24.91143008 20.90601597 28.82617438 20.43330600 24.94409869 22.15813531 21.13631289
15.33301801 9.52129548 13.37381259 15.30792051 8.13983845 7.72070343 10.54001339 4.41421356 6.07055041 11.53295191 12.50359293 0.00000000 3.91421356 8.12132034 8.37365305 2.70710678 13.57106781 7.21001321 6.44974747 10.48528137 12.41417110 14.19238816 10.21009032 14.78644495 16.28480232 16.02960045 14.63491699 17.57340290 18.68020992 16.87039419 14.53553391 21.27046459
14.09581832 11.48452049 16.70223972 19.20223972 11.24706280 11.04913055 8.95752485 7.74264069 5.26544011 8.03295191 16.21262264 3.91421356 0.00000000 4.20710678 11.45943948 4.62132034 16.65685425 4.75233270 8.65685425 13.57106781 8.83078930 17.27817459 11.27154205 11.49245689 19.37058875 15.08887310 15.96615341 13.99710237 20.94663909 17.27215668 15.86677033 23.53689376
12.23949352 13.89878665 20.18110146 22.68110146 14.48870378 15.25623734 7.90539650 11.22569784 7.57295801 5.46375185 20.41972942 8.12132034 4.20710678 0.00000000 15.25233270 8.41421356 20.44974747 5.88803044 12.44974747 17.36396103 5.62132034 21.07106781 12.39353063 9.90647925 23.16348197 14.04564668 19.75904663 11.32842712 24.73953231 16.59154216 19.40786143 27.32978698
23.58176565 15.87291702 13.16173845 13.78636366 13.67496707 11.66061979 19.14461882 10.29598200 14.67515584 19.72334378 8.21667207 8.60460543 11.69039186 15.48328508 0.00000000 7.70861076 5.95723491 13.90785806 5.60648282 5.67310394 19.68711216 7.87713881 12.02159659 19.27505633 10.84823263 17.98229243 13.86195148 23.31004878 14.99729189 17.72087332 14.93490994 16.97296237
17.84054234 11.87191157 14.51711062 16.13843096 10.43481500 10.01567998 12.70224887 6.70919011 8.77974052 12.65635559 12.83602632 2.70919011 4.62340368 8.41629690 7.47974171 0.00000000 12.03761724 6.23887448 4.03761724 8.95183080 12.29493409 12.65893758 7.50506688 13.05909736 14.75135174 13.52463436 11.92989354 17.09408981 16.32740208 14.16537074 11.83051046 18.91765675
28.90034067 21.19149204 13.47559067 12.15685425 17.72810659 16.67057863 24.11108121 15.61455702 19.64161822 24.68980616 8.48660423 13.57106781 16.65685425 20.44974747 5.72628253 12.03553391 0.00000000 18.03030341 8.82842712 4.74264069 24.32838466 4.20710678 15.24354090 22.49700064 7.17965368 20.58275068 13.91738245 25.73317175 13.10000360 19.61185141 16.26983114 13.04552138
18.07599979 16.47613891 20.56080287 22.18212321 15.58120433 15.16206931 13.73981944 11.85557945 10.18678486 11.29817479 19.17261179 7.44929893 4.99161842 6.12731615 13.91619139 6.47607686 18.26958912 0.00000000 10.16416332 15.07837688 7.44561506 18.78548366 7.20036461 8.43761775 20.87789782 10.33654039 15.32334320 12.15081058 21.29385091 12.51982398 14.21469541 24.34262282
21.78276548 15.61246892 15.77238660 17.39370694 13.76115879 12.16968222 16.73569945 10.03553391 12.52029788 16.68980616 12.62683621 6.44974747 8.65685425 12.44974747 5.37553044 4.03553391 8.82842712 9.92487760 0.00000000 4.91421356 16.32838466 8.62132034 6.41511377 13.66857351 10.71373450 12.37580961 8.69794088 17.70356596 12.28978484 12.11439050 9.32842712 14.88003951
25.81829939 18.62665288 16.86557145 16.41043741 16.77534275 15.18386618 21.02529477 13.04971786 16.55583178 21.60401972 11.55209749 10.48528137 13.57106781 17.36396103 5.44215156 8.94974747 4.74264069 14.83909117 4.91421356 0.00000000 21.04012337 3.70710678 10.50090021 17.75644328 5.79952094 15.84011000 9.71314916 20.99053106 9.34687279 14.86921072 11.52719045 11.93712746
16.61817318 19.26709171 24.92374215 27.42374215 19.23134447 19.54908809 13.14601300 15.96833853 12.64815115 9.84243151 24.71258018 12.41417110 8.83078930 5.62132034 19.45615978 12.29285075 24.32838466 7.20632934 16.32838466 21.04012337 0.00000000 24.74723015 12.21127258 4.81898987 26.83270718 8.95815730 20.26853771 5.70710678 24.65729611 11.09236302 16.59236302 27.42079015
29.52540617 22.11354077 17.60732471 16.36396103 20.26223064 18.51954726 24.73240155 16.53660575 20.26293856 25.31112651 12.27949745 14.19238816 17.27817459 21.07106781 7.64618643 12.65685425 4.20710678 18.54619795 8.62132034 3.70710678 24.74723015 0.00000000 14.20800699 21.46355006 3.26544011 19.54721678 10.95095651 24.69763785 9.74631690 18.57631750 14.50343386 9.38871677
24.87022654 19.61001416 21.83891632 23.46023666 17.75870403 17.33956901 19.92480446 14.03307914 16.23271972 18.09448487 18.69336592 10.44729271 11.50874443 12.63073301 12.02784659 7.74018592 15.48074328 7.19828128 6.65231615 10.73810259 12.44847496 14.44520937 0.00000000 8.48193825 16.49905519 7.38357477 8.78697269 12.51693070 14.58472372 7.56050411 7.24174677 17.48719675
21.67853210 23.16737911 27.67600230 29.29732265 22.74705410 22.32791908 18.05324480 19.02142922 16.55283517 14.90279042 24.80159860 15.02781400 11.73382594 10.14784830 19.28547300 13.29838308 22.73836968 8.43970108 13.90994256 17.99781233 5.06035892 21.70491911 8.48610492 0.00000000 23.79039614 4.68186070 15.99224111 4.79322081 20.57488945 7.23355180 12.50995637 23.33838350
31.84877271 24.43690731 19.99709389 18.67835747 22.58559718 20.94315329 27.05576809 18.85997230 22.58630511 27.63449305 15.48299673 16.51575470 19.60154114 23.39443435 10.84823263 14.98022079 7.41060606 20.86956449 10.94468689 6.03047332 27.06365956 3.49639250 16.49280519 23.77997948 0.00000000 21.73580992 11.46262436 26.49656101 8.31926131 20.37524067 15.01510170 6.66134888
25.82186619 25.63999831 28.07156381 29.69288415 23.98926819 23.57013317 22.19657890 20.26364330 20.39308045 19.04612452 24.92601341 16.27513617 15.33440881 14.29118240 17.99687576 13.76808674 20.82828640 10.34279039 12.62134532 16.08564571 9.20369301 19.79275249 7.39190810 4.68602736 21.75039326 0.00000000 11.57307540 5.86035327 16.28428567 3.65324023 8.21935259 19.04777972
29.56582476 24.03067416 24.70336320 25.82180316 22.17936403 21.10065881 24.42753129 18.45373914 20.73544655 24.23214104 20.90809930 14.86795271 16.19918913 19.99208235 13.86403481 12.16084593 14.15041817 15.31709320 8.93097660 9.94618488 20.50157342 11.18399223 8.78280603 15.98390777 11.46470769 11.56057540 0.00000000 15.62314949 6.09635639 9.50182914 3.99974581 9.95853782
22.32527996 24.97419849 30.36851033 32.86851033 24.93845125 24.71540116 18.85311978 21.40891129 18.35525793 15.54953829 28.59522200 17.57340290 13.99710237 11.32842712 23.07909640 17.09200648 25.73317175 11.91152487 17.70356596 20.99053106 5.70710678 24.69763785 12.27972832 4.55185176 26.26560863 5.61481756 15.39011377 0.00000000 19.68625343 6.12132034 11.62132034 22.44974747
34.24834698 28.07805042 26.08420734 25.29581258 26.22674029 24.63526372 29.26060334 22.50111541 24.98587938 29.21471005 20.43747267 18.91532897 21.18175814 24.97465136 15.00145855 16.56043780 13.33512264 21.28968424 12.52490389 9.58199184 24.89241515 9.98143595 14.58264039 20.56863945 8.32342797 16.27386901 6.09843972 19.92137247 0.00000000 13.80005213 8.30005213 4.83435852
27.71053620 26.03311564 27.88677710 29.50809744 24.18180551 23.52483786 24.23837602 20.45618063 22.33082832 20.93479453 24.71314631 16.87039419 17.27215668 16.59154216 17.48992094 14.16328741 19.61185141 12.28053826 12.11439050 14.86921072 11.09236302 18.57631750 7.32330173 6.99218275 20.14428828 3.40770451 9.26879343 6.12132034 13.56493308 0.00000000 5.50000000 16.32842712
29.23548929 23.70033869 25.10289706 26.72421740 21.84902856 20.91106640 24.09719582 18.12340368 20.40511108 23.90180557 21.92926626 14.53761724 15.86885366 19.40994477 14.70604090 11.83051046 16.27191447 13.97749303 9.33051046 11.52927378 16.59444636 14.50551719 7.00662772 12.27067066 14.78623265 7.97590021 3.76879343 11.62340368 8.06701641 5.50208333 0.00000000 10.83051046
36.60348261 30.43318604 25.27847136 23.95973494 28.58187592 26.99039934 31.61573896 24.85625103 27.34101500 31.56984568 20.90536051 21.27046459 23.53689376 27.32978698 16.74200998 18.91557342 13.04552138 24.10333711 14.88003951 11.93712746 27.42079015 9.38871677 17.24999437 23.09701445 6.43039650 18.80224400 9.72550210 22.44974747 4.59923947 16.32842712 10.82842712 0.00000000
