0.268 0.346 0.498 0.856 1.263 0.846 0.481 0.326 0.251 0.206
0.33 0.43 0.628 1.317 2.2 1.296 0.587 0.379 0.288 0.235
0.44 0.569 0.684 0.984 1.362 0.94 0.577 0.42 0.334 0.272
0.695 1.054 0.855 0.735 0.733 0.662 0.57 0.495 0.413 0.328
0.985 2.2 1.102 0.678 0.617 0.642 0.707 0.728 0.594 0.422
0.682 1.025 0.791 0.617 0.628 0.77 1.157 1.598 1.041 0.561
0.418 0.514 0.536 0.573 0.709 0.976 1.753 2.2 1.561 0.65
0.306 0.368 0.44 0.583 0.941 1.447 1.528 1.717 1.077 0.571
0.251 0.303 0.387 0.578 1.207 2.687 1.413 0.901 0.642 0.435
0.215 0.258 0.329 0.473 0.799 1.179 0.874 0.589 0.437 0.331
