0.00000000 397.21320344 266.21320344 136.72792206 413.39696962 282.49747468 144.56854249 430.33809512 303.36753237 176.32590181 249.06601718 392.82337649 394.90663761 266.65180362 525.76450199 486.00714267 347.42135624 296.82337649 433.43354955 639.70562748 418.32085117 480.11984105 672.06096654 533.13203436
397.21320344 0.00000000 131.82842712 268.04163056 96.28427125 214.01219331 355.63961031 173.22539674 290.53910524 434.99494937 378.92388155 265.99494937 338.48023074 449.27922061 264.40916293 294.89444430 423.62236636 550.27922061 450.76450199 376.69343418 606.01933598 662.50461736 478.90663761 484.84776311
266.21320344 131.82842712 0.00000000 137.04163056 148.01219331 92.38477631 224.63961031 171.39696962 168.91168825 303.99494937 257.29646456 196.95331881 261.37972568 327.65180362 266.82337649 290.23759005 301.99494937 428.65180362 372.83556980 380.76450199 484.39191899 540.87720036 475.46298680 480.19090886
136.72792206 268.04163056 137.04163056 0.00000000 284.22539674 144.59797975 94.87005769 301.16652224 176.01219331 174.22539674 189.91168825 254.92388155 267.55129855 260.26702730 396.59292911 348.10764774 285.78174593 296.13708499 371.79393924 510.53405461 417.00714267 473.49242405 534.16147161 471.49242405
413.39696962 96.28427125 148.01219331 284.22539674 0.00000000 137.14213562 275.45584412 85.72792206 209.76955262 354.81118318 302.05382387 173.56854249 250.98275606 372.40916293 181.05382387 207.39696962 342.85281374 473.40916293 363.26702730 293.33809512 529.14927830 532.01933598 395.55129855 397.35028843
282.49747468 214.01219331 92.38477631 144.59797975 137.14213562 0.00000000 138.31370850 157.21320344 84.14213562 217.66904756 164.91168825 116.76955262 176.61017306 235.26702730 252.63961031 209.95331881 217.22539674 336.26702730 288.06601718 366.58073580 392.00714267 448.49242405 396.00714267 387.76450199
144.56854249 355.63961031 224.63961031 94.87005769 275.45584412 138.31370850 0.00000000 289.08326112 152.94112550 90.62741700 112.84062043 248.63961031 244.48023074 181.53910524 384.50966799 341.82337649 211.19595949 212.53910524 297.20815280 498.45079349 338.27922061 394.76450199 527.87720036 396.90663761
430.33809512 173.22539674 171.39696962 301.16652224 85.72792206 157.21320344 289.08326112 0.00000000 133.65685425 278.69848481 225.94112550 97.45584412 170.52691193 296.29646456 103.52691193 126.94112550 266.74011537 397.29646456 282.81118318 217.46803743 453.03657993 451.56349186 312.16652224 316.89444430
303.36753237 290.53910524 168.91168825 176.01219331 209.76955262 84.14213562 152.94112550 133.65685425 0.00000000 145.04163056 92.28427125 93.21320344 99.15432893 162.63961031 229.08326112 186.39696962 139.76955262 263.63961031 210.61017306 343.02438662 319.37972568 375.86500705 372.45079349 310.30865787
176.32590181 434.99494937 303.99494937 174.22539674 354.81118318 217.66904756 90.62741700 278.69848481 145.04163056 0.00000000 90.79898987 238.25483400 224.98275606 96.66904756 374.12489168 325.05382387 189.15432893 131.18376618 275.16652224 488.06601718 250.92388155 311.55129855 517.39191899 378.96551211
249.06601718 378.92388155 257.29646456 189.91168825 302.05382387 164.91168825 112.84062043 225.94112550 92.28427125 90.79898987 0.00000000 185.49747468 134.18376618 70.35533906 272.84062043 234.25483400 98.35533906 171.35533906 184.36753237 386.78174593 227.09545443 283.58073580 420.30865787 284.06601718
392.82337649 265.99494937 196.95331881 254.92388155 173.56854249 116.76955262 248.63961031 97.45584412 93.21320344 238.25483400 185.49747468 0.00000000 74.28427125 207.91168825 134.25483400 95.66904756 181.66904756 308.91168825 186.56854249 248.19595949 369.43860018 359.23759005 281.72287143 286.26702730
394.90663761 338.48023074 261.37972568 267.55129855 250.98275606 176.61017306 244.48023074 170.52691193 99.15432893 224.98275606 134.18376618 74.28427125 0.00000000 150.49747468 155.52691193 116.94112550 126.59797975 251.49747468 112.28427125 269.46803743 295.15432893 284.95331881 302.99494937 211.98275606
266.65180362 449.27922061 327.65180362 260.26702730 372.40916293 235.26702730 181.53910524 296.29646456 162.63961031 96.66904756 70.35533906 207.91168825 150.49747468 0.00000000 289.15432893 250.56854249 111.35533906 114.35533906 185.91168825 404.61017306 156.74011537 214.88225099 420.72287143 282.29646456
525.76450199 264.40916293 266.82337649 396.59292911 181.05382387 252.63961031 384.50966799 103.52691193 229.08326112 374.12489168 272.84062043 134.25483400 155.52691193 289.15432893 0.00000000 111.94112550 262.91168825 390.15432893 267.81118318 113.94112550 433.22539674 425.45079349 214.49747468 290.78174593
486.00714267 294.89444430 290.23759005 348.10764774 207.39696962 209.95331881 341.82337649 126.94112550 186.39696962 325.05382387 234.25483400 95.66904756 116.94112550 250.56854249 111.94112550 0.00000000 164.42640687 298.98275606 150.11269837 167.39696962 332.39696962 324.62236636 186.05382387 189.95331881
347.42135624 423.62236636 301.99494937 285.78174593 342.85281374 217.22539674 211.19595949 266.74011537 139.76955262 189.15432893 98.35533906 181.66904756 126.59797975 111.35533906 262.91168825 164.42640687 0.00000000 154.35533906 86.01219331 308.02438662 192.49747468 183.12489168 324.13708499 185.71067812
296.82337649 550.27922061 428.65180362 296.13708499 473.40916293 336.26702730 212.53910524 397.29646456 263.63961031 131.18376618 171.35533906 308.91168825 251.49747468 114.35533906 390.15432893 298.98275606 154.35533906 0.00000000 220.56854249 439.26702730 122.08326112 184.95331881 455.37972568 316.95331881
433.43354955 450.76450199 372.83556980 371.79393924 363.26702730 288.06601718 297.20815280 282.81118318 210.61017306 275.16652224 184.36753237 186.56854249 112.28427125 185.91168825 267.81118318 150.11269837 86.01219331 220.56854249 0.00000000 224.49747468 182.87005769 172.66904756 240.61017306 102.18376618
639.70562748 376.69343418 380.76450199 510.53405461 293.33809512 366.58073580 498.45079349 217.46803743 343.02438662 488.06601718 386.78174593 248.19595949 269.46803743 404.61017306 113.94112550 167.39696962 308.02438662 439.26702730 224.49747468 0.00000000 382.94112550 371.85281374 99.52691193 237.85281374
418.32085117 606.01933598 484.39191899 417.00714267 529.14927830 392.00714267 338.27922061 453.03657993 319.37972568 250.92388155 227.09545443 369.43860018 295.15432893 156.74011537 433.22539674 332.39696962 192.49747468 122.08326112 182.87005769 382.94112550 0.00000000 130.28427125 399.05382387 260.62741700
480.11984105 662.50461736 540.87720036 473.49242405 532.01933598 448.49242405 394.76450199 451.56349186 375.86500705 311.55129855 283.58073580 359.23759005 284.95331881 214.88225099 425.45079349 324.62236636 183.12489168 184.95331881 172.66904756 371.85281374 130.28427125 0.00000000 281.11269837 142.28427125
672.06096654 478.90663761 475.46298680 534.16147161 395.55129855 396.00714267 527.87720036 312.16652224 372.45079349 517.39191899 420.30865787 281.72287143 302.99494937 420.72287143 214.49747468 186.05382387 324.13708499 455.37972568 240.61017306 99.52691193 399.05382387 281.11269837 0.00000000 147.11269837
533.13203436 484.84776311 480.19090886 471.49242405 397.35028843 387.76450199 396.90663761 316.89444430 310.30865787 378.96551211 284.06601718 286.26702730 211.98275606 282.29646456 290.78174593 189.95331881 185.71067812 316.95331881 102.18376618 237.85281374 260.62741700 142.28427125 147.11269837 0.00000000
