0.00000000 73.36258104 60.75874396 38.51446206 90.75134850 71.10259003 42.11426747 81.86445264 76.16312745 59.88473350 67.84545802 97.66913068 112.28178048 82.03099561 103.26655201 124.35599941 92.78486654 70.88918813 121.56794328 128.54001260 108.14384303 131.11126728 154.36567120 143.90872540
73.36258104 0.00000000 12.66711021 40.84505495 26.28671697 28.27479543 56.04080160 32.17497157 39.86507967 73.96213812 56.88162127 66.99068790 79.74884433 65.45434658 38.82937250 56.11693804 101.12195038 92.00601231 113.19969954 63.95078168 106.11656654 108.89250593 73.32928003 118.78867686
60.75874396 12.66711021 0.00000000 28.24121788 28.43558389 16.81511873 43.43696452 21.75187704 28.40540297 61.35830104 45.42194457 40.47389287 63.68390636 53.99466988 43.15397641 42.95054372 89.66227368 80.54633560 97.01124396 68.42743700 94.65688983 97.43282923 72.94743125 105.62228254
38.51446206 40.84505495 28.24121788 0.00000000 58.23382242 37.46734169 20.45076612 49.34692655 45.80816759 38.37210264 44.93036325 64.03388233 81.92682062 53.50308856 70.74902593 90.72075106 69.65017712 76.77321794 98.43325386 96.02248651 94.16530851 96.94124791 120.73042285 120.77403598
90.75134850 26.28671697 28.43558389 58.23382242 0.00000000 40.28917856 79.67234566 6.78275686 32.77600840 66.41889365 51.48501091 41.88020323 54.35662961 60.05773622 13.53804123 30.72472333 94.03287911 86.60940194 87.80748482 38.65945041 100.71995617 128.54349032 48.03794876 93.39646215
71.10259003 28.27479543 16.81511873 37.46734169 40.28917856 0.00000000 39.55182080 19.61322255 10.41499721 43.63061987 28.69673713 27.95701925 45.69350061 37.26946244 41.01532193 54.64388798 71.67186792 63.82112816 79.02083820 66.28878251 77.93168239 80.70762179 84.65355977 101.36162032
42.11426747 56.04080160 43.43696452 20.45076612 79.67234566 39.55182080 0.00000000 57.77456475 41.17499129 25.94966462 33.06881033 66.11836145 77.29364431 41.43960315 79.17666412 92.80523018 58.00821885 64.35077992 86.79129559 104.45012471 82.10182310 84.87776250 122.81490197 109.13207771
81.86445264 32.17497157 21.75187704 49.34692655 6.78275686 19.61322255 57.77456475 0.00000000 17.13911212 50.78199737 35.84811463 26.24330696 47.29950248 44.42083994 23.87102889 23.66759620 78.39598283 70.97250566 80.75035769 49.14448948 85.08305989 121.48636320 53.66448373 86.33933502
76.16312745 39.86507967 28.40540297 45.80816759 32.77600840 10.41499721 41.17499129 17.13911212 0.00000000 33.64288525 18.70900251 25.48290882 36.27707786 27.28172782 38.54121150 52.16977755 62.25544517 53.83339354 69.60441546 63.81467208 67.94394777 70.71988717 82.17944934 91.94519758
59.88473350 73.96213812 61.35830104 38.37210264 66.41889365 43.63061987 25.94966462 50.78199737 33.64288525 0.00000000 18.51453181 59.12579407 57.30080371 24.00768092 72.18409674 87.22202745 43.45394032 44.92300447 72.23701706 97.45755733 64.41774428 67.57001374 113.06021610 83.99366403
67.84545802 56.88162127 45.42194457 44.93036325 51.48501091 28.69673713 33.06881033 35.84811463 18.70900251 18.51453181 0.00000000 44.19191133 38.81807605 8.57272531 75.00240395 68.73929979 24.97121266 35.12439103 53.75428940 100.27586453 49.23494526 52.01088466 98.74897158 76.09507152
97.66913068 66.99068790 40.47389287 64.03388233 41.88020323 27.95701925 66.11836145 26.24330696 25.48290882 59.12579407 44.19191133 0.00000000 41.26494456 82.98611819 34.19819380 27.93508964 84.43072269 109.53778391 74.71579977 59.47165439 126.14415540 124.50140847 57.94476143 97.05658189
112.28178048 79.74884433 63.68390636 81.92682062 54.35662961 45.69350061 77.29364431 47.29950248 36.27707786 57.30080371 38.81807605 41.26494456 0.00000000 46.40457226 40.86772652 34.60462236 40.71898493 72.95623798 33.50444347 66.14118711 84.93279911 83.29005217 64.61429415 55.84522559
82.03099561 65.45434658 53.99466988 53.50308856 60.05773622 37.26946244 41.43960315 44.42083994 27.28172782 24.00768092 8.57272531 82.98611819 46.40457226 0.00000000 82.58890016 76.32579600 28.70147380 27.89818814 48.59682223 104.02887584 40.66228260 43.58330784 89.07351021 60.00695813
103.26655201 38.82937250 43.15397641 70.74902593 13.53804123 41.01532193 79.17666412 23.87102889 38.54121150 72.18409674 75.00240395 34.19819380 40.86772652 82.58890016 0.00000000 17.23582024 84.03350466 109.14056588 74.31858173 25.28638185 114.16016111 108.93937759 34.68496121 73.79234942
124.35599941 56.11693804 42.95054372 90.72075106 30.72472333 54.64388798 92.80523018 23.66759620 52.16977755 87.22202745 68.73929979 27.93508964 34.60462236 76.32579600 17.23582024 0.00000000 64.68889160 99.48438574 57.47435015 31.38960542 103.61203868 98.39125517 30.29301763 63.24422699
92.78486654 101.12195038 89.66227368 69.65017712 94.03287911 71.67186792 58.00821885 78.39598283 62.25544517 43.45394032 24.97121266 84.43072269 40.71898493 28.70147380 84.03350466 64.68889160 0.00000000 38.65310718 28.78307674 95.14577657 52.81074287 50.71021285 80.19041093 51.12385886
70.88918813 92.00601231 80.54633560 76.77321794 86.60940194 63.82112816 64.35077992 70.97250566 53.83339354 44.92300447 35.12439103 109.53778391 72.95623798 27.89818814 109.14056588 99.48438574 38.65310718 0.00000000 63.57857088 119.01062448 38.83209829 61.70706961 104.05525885 74.98870678
121.56794328 113.19969954 97.01124396 98.43325386 87.80748482 79.02083820 86.79129559 80.75035769 69.60441546 72.23701706 53.75428940 74.71579977 33.50444347 48.59682223 74.31858173 57.47435015 28.78307674 63.57857088 0.00000000 68.01194172 52.51825922 50.87551229 53.05657609 23.99002402
128.54001260 63.95078168 68.42743700 96.02248651 38.65945041 66.28878251 104.45012471 49.14448948 63.81467208 97.45755733 100.27586453 59.47165439 66.14118711 104.02887584 25.28638185 31.38960542 95.14577657 119.01062448 68.01194172 0.00000000 112.79430925 84.31990459 17.35661233 49.44136257
108.14384303 106.11656654 94.65688983 94.16530851 100.71995617 77.93168239 82.10182310 85.08305989 67.94394777 64.41774428 49.23494526 126.14415540 84.93279911 40.66228260 114.16016111 103.61203868 52.81074287 38.83209829 52.51825922 112.79430925 0.00000000 47.25566395 97.83894362 68.77239155
131.11126728 108.89250593 97.43282923 96.94124791 128.54349032 80.70762179 84.87776250 121.48636320 70.71988717 67.57001374 52.01088466 124.50140847 83.29005217 43.58330784 108.93937759 98.39125517 50.71021285 61.70706961 50.87551229 84.31990459 47.25566395 0.00000000 70.32999889 43.45112678
154.36567120 73.32928003 72.94743125 120.73042285 48.03794876 84.65355977 122.81490197 53.66448373 82.17944934 113.06021610 98.74897158 57.94476143 64.61429415 89.07351021 34.68496121 30.29301763 80.19041093 104.05525885 53.05657609 17.35661233 97.83894362 70.32999889 0.00000000 35.45145687
143.90872540 118.78867686 105.62228254 120.77403598 93.39646215 101.36162032 109.13207771 86.33933502 91.94519758 83.99366403 76.09507152 97.05658189 55.84522559 60.00695813 73.79234942 63.24422699 51.12385886 74.98870678 23.99002402 49.44136257 68.77239155 43.45112678 35.45145687 0.00000000
