0.00000000 156.23042555 110.62850701 60.27560765 171.65050643 125.28063098 67.08555289 175.02474390 135.52861609 91.02544232 117.56061826 174.80211572 184.45586031 133.62729628 216.30446781 217.67123786 162.62276820 133.05346710 206.04927906 265.48762784 192.11998738 222.24385091 291.90857210 248.88833293
156.23042555 0.00000000 45.88208324 101.22019064 46.81888166 82.70903117 136.84343733 75.47771817 112.26514928 174.82806995 150.66065237 117.51956074 150.06111910 177.79959618 108.41410024 125.72370484 189.69159763 222.02334783 203.28285050 157.02417830 248.15247036 269.83571229 193.86766939 222.23330163
110.62850701 45.88208324 0.00000000 55.61827211 62.30101156 39.61797800 91.24151879 66.02795474 69.17409612 129.22615141 107.56959920 83.07761893 118.07315947 134.70854301 107.30767864 115.10203757 146.60054447 178.93229467 170.98460392 156.49083867 205.06141720 226.74465913 189.08445155 211.61163436
60.27560765 101.22019064 55.61827211 0.00000000 116.64027153 69.76077434 39.55939008 120.01450900 81.16344948 77.54402271 84.92450594 119.28225909 130.09069370 112.06344975 161.29423290 162.15138122 129.13127415 139.52643749 172.55778501 210.47739293 182.41632393 204.09956586 236.38871547 215.39683888
171.65050643 46.81888166 62.30101156 116.64027153 0.00000000 63.31984991 126.94133376 30.86913689 84.59057637 151.03460469 125.22728232 75.93265595 105.45253782 152.36622612 65.09860138 81.11512356 162.01702472 196.58997778 158.67426923 113.70867943 222.71910031 236.45880049 150.55217052 177.62472035
125.28063098 82.70903117 39.61797800 69.76077434 63.31984991 0.00000000 63.71111950 61.38284904 32.13404495 93.80389923 67.99657685 51.27682958 81.03310829 95.13552066 102.66257294 94.14595171 109.56049329 139.35927231 133.94455275 151.84573298 165.48839484 187.17163677 168.38328596 176.78360662
67.08555289 136.84343733 91.24151879 39.55939008 126.94133376 63.71111950 0.00000000 123.33862371 72.57868288 43.95141298 55.53453211 113.23260425 121.50592710 82.07545340 164.61834762 156.10172638 100.59668205 105.93382776 144.02319292 213.80150765 152.42832758 174.11156951 230.33906063 186.86224679
175.02474390 75.47771817 66.02795474 120.01450900 30.86913689 61.38284904 123.33862371 0.00000000 53.69097354 120.13500186 94.32767949 45.03305312 76.02621431 121.46662329 43.89444112 51.68880005 131.11742189 165.69037495 129.24794571 93.07760115 191.81949748 207.03247698 125.67121403 148.19839684
135.52861609 112.26514928 69.17409612 81.16344948 84.59057637 32.13404495 72.57868288 53.69097354 0.00000000 66.44402832 40.63670594 43.58495408 50.98808867 67.77564975 94.97069744 86.45407621 79.51547367 111.99940140 103.89953313 144.15385748 138.12852393 159.81176587 160.69141046 146.73858700
91.02544232 174.82806995 129.22615141 77.54402271 151.03460469 93.80389923 43.95141298 120.13500186 66.44402832 0.00000000 39.96638551 110.02898240 107.05680431 45.20851089 161.41472576 152.43174911 85.02853545 67.04595714 128.45504631 210.59788580 114.68972237 137.80377002 221.14122424 165.09198556
117.56061826 150.66065237 107.56959920 84.92450594 125.22728232 67.99657685 55.53453211 94.32767949 40.63670594 39.96638551 0.00000000 84.22166002 67.10632088 27.13894381 127.18855368 112.48126567 45.07805201 71.36269546 88.50456287 176.37171372 97.49181799 119.17505992 186.71859992 131.34361674
174.80211572 117.51956074 83.07761893 119.28225909 75.93265595 51.27682958 113.23260425 45.03305312 43.58495408 110.02898240 84.22166002 0.00000000 43.40610018 108.47677254 58.94610501 44.23881700 100.96874746 152.70052419 96.62783159 108.12926505 177.90059490 176.05291972 118.47615125 139.46688546
184.45586031 150.06111910 118.07315947 130.09069370 105.45253782 81.03310829 121.50592710 76.02621431 50.98808867 107.05680431 67.10632088 43.40610018 0.00000000 73.27208102 68.28364146 53.57635345 64.07446947 117.49583267 53.24852554 117.46680150 134.52128885 132.67361367 127.81368770 96.08757941
133.62729628 177.79959618 134.70854301 112.06344975 152.36622612 95.13552066 82.07545340 121.46662329 67.77564975 45.20851089 27.13894381 108.47677254 73.27208102 0.00000000 133.35431382 118.64702581 50.67829027 50.64959401 87.56590358 179.90343815 70.35290551 92.60574664 175.94320086 119.89396218
216.30446781 108.41410024 107.30767864 161.29423290 65.09860138 102.66257294 164.61834762 43.89444112 94.97069744 161.41472576 127.18855368 58.94610501 68.28364146 133.35431382 0.00000000 43.94622720 125.84628874 177.57806548 121.50537287 49.18962066 191.55242930 188.35563600 85.54609598 129.52155586
217.67123786 125.72370484 115.10203757 162.15138122 81.11512356 94.14595171 156.10172638 51.68880005 86.45407621 152.43174911 112.48126567 44.23881700 53.57635345 118.64702581 43.94622720 0.00000000 93.26974513 158.06258098 82.44380119 70.31860564 158.82671431 155.62992102 74.37900717 96.79584087
162.62276820 189.69159763 146.60054447 129.13127415 162.01702472 109.56049329 100.59668205 131.11742189 79.51547367 85.02853545 45.07805201 100.96874746 64.07446947 50.67829027 125.84628874 93.26974513 0.00000000 73.12376113 43.42651086 146.27504070 88.82261422 86.99457563 142.31480341 86.26556473
133.05346710 222.02334783 178.93229467 139.52643749 196.58997778 139.35927231 105.93382776 165.69037495 111.99940140 67.04595714 71.36269546 152.70052419 117.49583267 50.64959401 177.57806548 158.06258098 73.12376113 0.00000000 108.21934671 200.55688128 59.63406178 90.16456680 196.59664398 140.54740531
206.04927906 203.28285050 170.98460392 172.55778501 158.67426923 133.94455275 144.02319292 129.24794571 103.89953313 128.45504631 88.50456287 96.62783159 53.24852554 87.56590358 121.50537287 82.44380119 43.42651086 108.21934671 0.00000000 104.41873520 81.81771511 79.97003993 100.45849791 44.40925923
265.48762784 157.02417830 156.49083867 210.47739293 113.70867943 151.84573298 213.80150765 93.07760115 144.15385748 210.59788580 176.37171372 108.12926505 117.46680150 179.90343815 49.18962066 70.31860564 146.27504070 200.55688128 104.41873520 0.00000000 173.47002449 156.72604401 40.67363762 99.08677300
192.11998738 248.15247036 205.06141720 182.41632393 222.71910031 165.48839484 152.42832758 191.81949748 138.12852393 114.68972237 97.49181799 177.90059490 134.52128885 70.35290551 191.55242930 158.82671431 88.82261422 59.63406178 81.81771511 173.47002449 0.00000000 62.88274498 169.50978720 113.46054852
222.24385091 269.83571229 226.74465913 204.09956586 236.45880049 187.17163677 174.11156951 207.03247698 159.81176587 137.80377002 119.17505992 176.05291972 132.67361367 92.60574664 188.35563600 155.62992102 86.99457563 90.16456680 79.97003993 156.72604401 62.88274498 0.00000000 119.49880896 64.41084477
291.90857210 193.86766939 189.08445155 236.38871547 150.55217052 168.38328596 230.33906063 125.67121403 160.69141046 221.14122424 186.71859992 118.47615125 127.81368770 175.94320086 85.54609598 74.37900717 142.31480341 196.59664398 100.45849791 40.67363762 169.50978720 119.49880896 0.00000000 61.85953795
248.88833293 222.23330163 211.61163436 215.39683888 177.62472035 176.78360662 186.86224679 148.19839684 146.73858700 165.09198556 131.34361674 139.46688546 96.08757941 119.89396218 129.52155586 96.79584087 86.26556473 140.54740531 44.40925923 99.08677300 113.46054852 64.41084477 61.85953795 0.00000000
