0.00000000 159.88225099 69.38477631 83.28427125 37.97056275 37.38477631 55.11269837 138.28427125 113.25483400 104.87005769 102.15432893 83.76955262 80.72792206 128.43860018 181.58073580 181.92388155 160.58073580 163.65180362 165.78174593 188.27922061 176.30865787 206.06601718 206.96551211 251.17871555 237.45079349 265.24978336 237.99494937
159.88225099 0.00000000 204.33809512 76.59797975 158.88225099 127.46803743 169.29646456 57.21320344 227.43860018 91.45584412 112.49747468 197.95331881 166.22539674 242.62236636 197.58073580 110.76955262 263.99494937 217.99494937 179.33809512 206.58073580 243.62236636 219.62236636 297.63455967 206.81118318 295.93607486 213.81118318 251.55129855
69.38477631 204.33809512 0.00000000 127.74011537 45.45584412 81.84062043 60.69848481 172.05382387 65.28427125 138.63961031 135.92388155 101.11269837 114.49747468 131.53910524 186.33809512 215.69343418 161.92388155 168.40916293 199.55129855 193.03657993 181.06601718 239.83556980 210.06601718 284.94826817 242.20815280 299.01933598 271.76450199
83.28427125 76.59797975 127.74011537 0.00000000 82.28427125 50.87005769 92.69848481 92.25483400 150.84062043 126.49747468 127.88225099 121.35533906 107.28427125 166.02438662 209.75230868 149.95331881 198.16652224 201.23759005 191.50966799 225.86500705 213.89444430 231.79393924 244.55129855 245.99494937 275.03657993 252.99494937 263.72287143
37.97056275 158.88225099 45.45584412 82.28427125 0.00000000 36.38477631 17.72792206 126.59797975 83.48528137 93.18376618 90.46803743 55.65685425 69.04163056 98.66904756 153.46803743 170.23759005 129.05382387 135.53910524 154.09545443 160.16652224 148.19595949 194.37972568 177.19595949 239.49242405 209.33809512 253.56349186 226.30865787
37.38477631 127.46803743 81.84062043 50.87005769 36.38477631 0.00000000 46.79898987 115.62741700 104.94112550 82.21320344 79.49747468 75.45584412 58.89949494 120.12489168 161.36753237 159.26702730 152.26702730 155.33809512 143.12489168 179.96551211 167.99494937 183.40916293 198.65180362 228.52186130 229.13708499 242.59292911 215.33809512
55.11269837 169.29646456 60.69848481 92.69848481 17.72792206 46.79898987 0.00000000 137.01219331 74.14213562 103.59797975 100.88225099 47.97056275 79.45584412 89.32590181 142.46803743 180.65180362 119.71067812 124.53910524 164.50966799 149.16652224 137.19595949 204.79393924 167.85281374 249.90663761 198.33809512 263.97770542 236.72287143
138.28427125 57.21320344 172.05382387 92.25483400 126.59797975 115.62741700 137.01219331 0.00000000 190.42640687 35.89949494 62.21320344 160.94112550 117.11269837 205.61017306 147.29646456 66.62741700 213.71067812 167.71067812 129.05382387 156.29646456 193.33809512 169.33809512 247.35028843 162.66904756 245.65180362 169.66904756 201.26702730
113.25483400 227.43860018 65.28427125 150.84062043 83.48528137 104.94112550 74.14213562 190.42640687 0.00000000 157.01219331 154.29646456 72.59797975 132.87005769 70.94112550 125.74011537 234.06601718 101.32590181 107.81118318 193.96551211 132.43860018 120.46803743 179.37972568 149.46803743 281.52186130 181.61017306 295.59292911 212.96551211
104.87005769 91.45584412 138.63961031 126.49747468 93.18376618 82.21320344 103.59797975 35.89949494 157.01219331 0.00000000 51.62741700 127.52691193 83.69848481 172.19595949 134.66904756 90.18376618 201.08326112 155.08326112 116.42640687 143.66904756 180.71067812 156.71067812 234.72287143 186.22539674 233.02438662 193.22539674 188.63961031
102.15432893 112.49747468 135.92388155 127.88225099 90.46803743 79.49747468 100.88225099 62.21320344 154.29646456 51.62741700 0.00000000 124.81118318 53.72792206 167.74011537 88.59797975 81.42640687 155.01219331 109.01219331 70.35533906 97.59797975 134.63961031 110.63961031 188.65180362 155.75230868 186.95331881 169.82337649 142.56854249
83.76955262 197.95331881 101.11269837 121.35533906 55.65685425 75.45584412 47.97056275 160.94112550 72.59797975 127.52691193 124.81118318 0.00000000 103.38477631 58.62741700 104.84062043 204.58073580 83.84062043 86.91168825 173.06601718 111.53910524 99.56854249 158.48023074 133.15432893 260.62236636 160.71067812 274.69343418 192.06601718
80.72792206 166.22539674 114.49747468 107.28427125 69.04163056 58.89949494 79.45584412 117.11269837 132.87005769 83.69848481 53.72792206 103.38477631 0.00000000 148.05382387 118.66904756 135.15432893 180.19595949 139.08326112 100.42640687 127.66904756 164.71067812 140.71067812 226.58073580 185.82337649 217.02438662 199.89444430 172.63961031
128.43860018 242.62236636 131.53910524 166.02438662 98.66904756 120.12489168 89.32590181 205.61017306 70.94112550 172.19595949 167.74011537 58.62741700 148.05382387 0.00000000 87.42640687 252.27922061 38.48528137 69.49747468 155.65180362 94.12489168 82.15432893 141.06601718 86.62741700 243.20815280 129.19595949 257.27922061 174.65180362
181.58073580 197.58073580 186.33809512 209.75230868 153.46803743 161.36753237 142.46803743 147.29646456 125.74011537 134.66904756 88.59797975 104.84062043 118.66904756 87.42640687 0.00000000 170.50966799 76.35533906 33.28427125 94.66904756 51.62741700 58.32590181 81.84062043 113.50966799 166.40916293 112.98275606 180.48023074 115.42640687
181.92388155 110.76955262 215.69343418 149.95331881 170.23759005 159.26702730 180.65180362 66.62741700 234.06601718 90.18376618 81.42640687 204.58073580 135.15432893 252.27922061 170.50966799 0.00000000 232.92388155 183.95331881 115.49747468 158.15432893 200.95331881 133.15432893 254.96551211 96.87005769 219.30865787 103.87005769 160.39696962
160.58073580 263.99494937 161.92388155 198.16652224 129.05382387 152.26702730 119.71067812 213.71067812 101.32590181 201.08326112 155.01219331 83.84062043 180.19595949 38.48528137 76.35533906 232.92388155 0.00000000 50.14213562 136.29646456 74.76955262 59.87005769 121.71067812 63.31370850 223.85281374 105.88225099 237.92388155 155.29646456
163.65180362 217.99494937 168.40916293 201.23759005 135.53910524 155.33809512 124.53910524 167.71067812 107.81118318 155.08326112 109.01219331 86.91168825 139.08326112 69.49747468 33.28427125 183.95331881 50.14213562 0.00000000 87.32590181 25.79898987 25.62741700 72.74011537 80.22539674 174.88225099 79.69848481 188.95331881 106.32590181
165.78174593 179.33809512 199.55129855 191.50966799 154.09545443 143.12489168 164.50966799 129.05382387 193.96551211 116.42640687 70.35533906 173.06601718 100.42640687 155.65180362 94.66904756 115.49747468 136.29646456 87.32590181 0.00000000 61.52691193 104.32590181 42.62741700 158.33809512 111.39696962 132.29646456 125.46803743 74.55634919
188.27922061 206.58073580 193.03657993 225.86500705 160.16652224 179.96551211 149.16652224 156.29646456 132.43860018 143.66904756 97.59797975 111.53910524 127.66904756 94.12489168 51.62741700 158.15432893 74.76955262 25.79898987 61.52691193 0.00000000 42.79898987 46.94112550 96.81118318 149.08326112 95.11269837 163.15432893 80.52691193
176.30865787 243.62236636 181.06601718 213.89444430 148.19595949 167.99494937 137.19595949 193.33809512 120.46803743 180.71067812 134.63961031 99.56854249 164.71067812 82.15432893 58.32590181 200.95331881 59.87005769 25.62741700 104.32590181 42.79898987 0.00000000 89.74011537 56.35533906 191.88225099 60.79898987 205.95331881 118.63961031
206.06601718 219.62236636 239.83556980 231.79393924 194.37972568 183.40916293 204.79393924 169.33809512 179.37972568 156.71067812 110.63961031 158.48023074 140.71067812 141.06601718 81.84062043 133.15432893 121.71067812 72.74011537 42.62741700 46.94112550 89.74011537 0.00000000 130.19595949 124.08326112 87.32590181 138.15432893 36.89949494
206.96551211 297.63455967 210.06601718 244.55129855 177.19595949 198.65180362 167.85281374 247.35028843 149.46803743 234.72287143 188.65180362 133.15432893 226.58073580 86.62741700 113.50966799 254.96551211 63.31370850 80.22539674 158.33809512 96.81118318 56.35533906 130.19595949 0.00000000 245.89444430 51.35533906 259.96551211 131.63961031
251.17871555 206.81118318 284.94826817 245.99494937 239.49242405 228.52186130 249.90663761 162.66904756 281.52186130 186.22539674 155.75230868 260.62236636 185.82337649 243.20815280 166.40916293 96.87005769 223.85281374 174.88225099 111.39696962 149.08326112 191.88225099 124.08326112 245.89444430 0.00000000 210.23759005 46.69848481 151.32590181
237.45079349 295.93607486 242.20815280 275.03657993 209.33809512 229.13708499 198.33809512 245.65180362 181.61017306 233.02438662 186.95331881 160.71067812 217.02438662 129.19595949 112.98275606 219.30865787 105.88225099 79.69848481 132.29646456 95.11269837 60.79898987 87.32590181 51.35533906 210.23759005 0.00000000 224.30865787 88.76955262
265.24978336 213.81118318 299.01933598 252.99494937 253.56349186 242.59292911 263.97770542 169.66904756 295.59292911 193.22539674 169.82337649 274.69343418 199.89444430 257.27922061 180.48023074 103.87005769 237.92388155 188.95331881 125.46803743 163.15432893 205.95331881 138.15432893 259.96551211 46.69848481 224.30865787 0.00000000 165.39696962
237.99494937 251.55129855 271.76450199 263.72287143 226.30865787 215.33809512 236.72287143 201.26702730 212.96551211 188.63961031 142.56854249 192.06601718 172.63961031 174.65180362 115.42640687 160.39696962 155.29646456 106.32590181 74.55634919 80.52691193 118.63961031 36.89949494 131.63961031 151.32590181 88.76955262 165.39696962 0.00000000
