0.00000000 0.05101497 0.00753568 0.03305015 0.00366797 0.00784431 0.00705178 0.07975840 0.01893871 0.07613277 0.09751590 0.01307209 0.04618258 0.01004070 0.06366182 0.16447453 0.01123817 0.04856625 0.20595116 0.04710731 0.03884304 0.23089373 0.01360780 0.33315823 0.05793663 0.33460290 0.27655333
0.05101497 0.00000000 0.05421721 0.01728658 0.04879098 0.04101678 0.04969859 0.00496069 0.06152530 0.00981628 0.03666246 0.05565868 0.10167543 0.05262729 0.11531678 0.07170844 0.12651220 0.11601020 0.14688757 0.11339392 0.11813445 0.17183014 0.14547169 0.14879487 0.13677112 0.13684111 0.21748974
0.00753263 0.05421721 0.00000000 0.03625239 0.00542623 0.01105937 0.00667298 0.08184015 0.05582413 0.07821451 0.09959765 0.01357117 0.04826433 0.07436423 0.12222044 0.16655628 0.07556170 0.10716816 0.20803291 0.10525856 0.09744496 0.23297547 0.07793133 0.33523998 0.11653855 0.33668465 0.27863508
0.03305015 0.01728658 0.03625239 0.00000000 0.03082615 0.02294973 0.03173377 0.02129154 0.04356048 0.02614712 0.11801671 0.03769386 0.06721753 0.03466247 0.19488118 0.08787803 0.03585994 0.07318802 0.22645197 0.07127842 0.06346481 0.25139454 0.03822957 0.16496446 0.08255841 0.15301300 0.29705414
0.00366797 0.04879098 0.00542623 0.03082615 0.00000000 0.00563314 0.00145778 0.07641391 0.01375092 0.07278828 0.09417141 0.00816907 0.04283809 0.00485291 0.05871551 0.16113005 0.00605038 0.04366323 0.20260667 0.04175363 0.03394002 0.22754924 0.00842001 0.32981374 0.05303361 0.33125842 0.27320884
0.00784431 0.04101678 0.01105937 0.02294973 0.00563314 0.00000000 0.00654075 0.07619418 0.01838991 0.07256854 0.09395168 0.01252329 0.04315250 0.00949190 0.17081615 0.16091031 0.01068937 0.04801745 0.20238694 0.04610785 0.03829424 0.22732950 0.01305900 0.32959401 0.05738784 0.33103868 0.27298911
0.00711484 0.04969859 0.00667298 0.03173377 0.00145778 0.00654075 0.00000000 0.07706901 0.01272364 0.07344338 0.09482651 0.00727927 0.04349319 0.00382563 0.05179261 0.16178514 0.00502310 0.03674033 0.20326177 0.03483073 0.02701712 0.04404793 0.00739273 0.33046884 0.04611072 0.33191351 0.27386394
0.07982145 0.00496069 0.08184015 0.02129154 0.07641391 0.07619418 0.07708002 0.00000000 0.08876542 0.00388546 0.02938987 0.08289880 0.10400435 0.07986741 0.10804420 0.06833634 0.11923962 0.10873762 0.13961499 0.10612134 0.11086186 0.16455755 0.13819911 0.14542276 0.12949854 0.13346900 0.21021716
0.01900176 0.06152530 0.05580112 0.04356048 0.01375092 0.01838991 0.01272364 0.08876542 0.00000000 0.08513979 0.10652292 0.01162464 0.05518960 0.00734336 0.05519958 0.17348155 0.00854083 0.04014730 0.05390952 0.03823770 0.03042409 0.04745490 0.01091046 0.18469476 0.04951769 0.18613944 0.09239712
0.07619582 0.00981628 0.07821451 0.02614712 0.07278828 0.07256854 0.07345439 0.00388546 0.08513979 0.00000000 0.03626451 0.07927316 0.10037872 0.07624177 0.11649172 0.07350190 0.12768715 0.11718514 0.14806251 0.11456887 0.11930939 0.17300508 0.14664663 0.15058832 0.13794607 0.13863456 0.21866468
0.09757895 0.03666246 0.09959765 0.11801671 0.09417141 0.09395168 0.09483753 0.02938987 0.11081852 0.03626451 0.00000000 0.10065630 0.06501298 0.11582158 0.07338438 0.06829539 0.08457981 0.07407780 0.10495517 0.07146153 0.07620205 0.12989774 0.10353929 0.23216224 0.09483873 0.23360692 0.17555734
0.01313514 0.05565868 0.01356945 0.03769386 0.00817337 0.01252329 0.00727927 0.08289880 0.01151059 0.07927316 0.10065630 0.00000000 0.04932298 0.00561959 0.05337662 0.16761493 0.00671809 0.03832434 0.05208656 0.03641474 0.02860113 0.04563194 0.00902774 0.18287180 0.04769472 0.18431648 0.09057415
0.04624563 0.10184157 0.04826433 0.06721753 0.04283809 0.04315250 0.04350420 0.10400435 0.05518960 0.10037872 0.06503599 0.04932298 0.00000000 0.04629159 0.11392453 0.13496596 0.04748906 0.11461795 0.14549532 0.11200167 0.11674219 0.17043788 0.04985869 0.27270238 0.13537887 0.27414706 0.21609749
0.01010375 0.05262729 0.07436423 0.03466247 0.00485291 0.00949190 0.00382563 0.07986741 0.00734336 0.07624177 0.11584459 0.00569140 0.04629159 0.00000000 0.04793990 0.20667600 0.00108902 0.03288763 0.04664985 0.03097802 0.01831467 0.04019523 0.00348985 0.17743509 0.02553574 0.17887977 0.08513744
0.06368158 0.11531678 0.12222044 0.19488118 0.05871981 0.17081615 0.05179261 0.10804420 0.05519958 0.11649172 0.07340740 0.05344843 0.11392453 0.04793990 0.00000000 0.15387747 0.01689608 0.00524219 0.05179348 0.00487578 0.00839746 0.01324624 0.03336694 0.17835299 0.02647001 0.17979767 0.05818845
0.16489918 0.07170844 0.16655628 0.08787803 0.16113005 0.16091031 0.16179616 0.06837776 0.17777715 0.07350190 0.06833453 0.16626197 0.13496596 0.19496171 0.15387747 0.00000000 0.16001824 0.15025398 0.13448861 0.14831214 0.15136286 0.15382526 0.18114221 0.07994198 0.25248452 0.06798822 0.20060358
0.01130122 0.12667366 0.07556170 0.03585994 0.00605038 0.01068937 0.00502310 0.11923962 0.00854083 0.12768715 0.08460282 0.00678990 0.04748906 0.00108902 0.01688112 0.16001824 0.00000000 0.00999293 0.02737792 0.01170610 0.00813511 0.02092331 0.00287065 0.15816317 0.02485093 0.15960784 0.06586552
0.04862930 0.11639604 0.10716816 0.07318802 0.04366754 0.04801745 0.03674033 0.10872593 0.04014730 0.11717346 0.07408913 0.03839615 0.11460626 0.03288763 0.00522628 0.15025398 0.00996875 0.00000000 0.01761367 0.00194184 0.00235723 0.01115905 0.02814066 0.14839891 0.02124373 0.14984359 0.05610126
0.20599178 0.14686513 0.20801047 0.22642953 0.20258424 0.20236450 0.20325035 0.13959255 0.05388708 0.14804008 0.10495575 0.05213593 0.14547288 0.04662741 0.05177105 0.13448861 0.02735549 0.01759123 0.00000000 0.01564939 0.01870011 0.02384356 0.04847946 0.13903319 0.12245831 0.14047786 0.06950317
0.04671970 0.11339392 0.10525856 0.07127842 0.04175793 0.04610785 0.03483073 0.10612134 0.03823770 0.11456887 0.07148454 0.03648655 0.11200167 0.03097802 0.00487945 0.14831214 0.01170610 0.00194184 0.01567182 0.00000000 0.00305072 0.00921721 0.03283007 0.14645707 0.02183904 0.14790174 0.05415942
0.03890609 0.11874638 0.09744496 0.06346481 0.03394433 0.03829424 0.02701712 0.11086186 0.03042409 0.11930939 0.07622506 0.02867294 0.11674219 0.01831467 0.00836533 0.15136286 0.00813511 0.00235723 0.01872254 0.00305072 0.00000000 0.01226792 0.02414917 0.14950779 0.02092251 0.15095246 0.04592583
0.23095678 0.17183014 0.23297547 0.25139454 0.22754924 0.22732950 0.04404793 0.16455755 0.04745490 0.17300508 0.12992075 0.04570375 0.17043788 0.04019523 0.01324624 0.15382526 0.02092331 0.01115905 0.02386600 0.00921721 0.01226792 0.00000000 0.11317506 0.15197019 0.08538300 0.15341486 0.03609383
0.01367085 0.14606378 0.07793133 0.03822957 0.00842001 0.01305900 0.00739273 0.13817927 0.01092186 0.14662679 0.10354246 0.00909955 0.04985869 0.00349435 0.03334710 0.18112237 0.00287065 0.02812082 0.04848206 0.03281023 0.02417779 0.11316702 0.00000000 0.17926730 0.01765405 0.18071198 0.13400060
0.33322128 0.14879487 0.33523998 0.16496446 0.32981374 0.32959401 0.33047985 0.14546418 0.18469476 0.15058832 0.23218525 0.18294361 0.27270238 0.17743509 0.17835299 0.07994198 0.15816317 0.14839891 0.13903319 0.14645707 0.14950779 0.15197019 0.17928714 0.00000000 0.25062945 0.00866717 0.19874851
0.05799969 0.13721003 0.11653855 0.08255841 0.05303792 0.05738784 0.04611072 0.12949854 0.04951769 0.13794607 0.09486174 0.04776653 0.13537887 0.02540724 0.02647001 0.25248452 0.02471792 0.02124373 0.12248075 0.02183904 0.02092251 0.08538300 0.01766209 0.25062945 0.00000000 0.25207413 0.10621657
0.33466595 0.13684111 0.33668465 0.15301070 0.33125842 0.33103868 0.33192453 0.13351043 0.18613944 0.13863456 0.23362993 0.18438829 0.27414706 0.17887977 0.17979767 0.06798822 0.15960784 0.14984359 0.14047786 0.14790174 0.15095246 0.15341486 0.18073181 0.00866717 0.25207413 0.00000000 0.20019318
0.27661638 0.21748974 0.27863508 0.29705414 0.27320884 0.27298911 0.27387495 0.21021716 0.09239712 0.21866468 0.17558036 0.09064596 0.21609749 0.08513744 0.05818845 0.20060358 0.06586552 0.05610126 0.06952560 0.05415942 0.04592583 0.03609383 0.13400864 0.19874851 0.10621657 0.20019318 0.00000000
