0.00000000 67.82002399 31.06744075 36.68561667 15.31418842 16.66788004 23.50608627 59.55714919 51.39947350 46.08811119 44.87487094 37.91470838 36.04305273 56.90591660 79.75049756 80.40914868 71.74515045 73.46363743 74.04943334 84.54665106 79.22854833 92.26121974 91.77629424 111.64986221 104.43039037 117.23560124 106.64661574
67.74949067 0.00000000 88.17383008 31.13532969 67.57385385 54.10793356 72.70290695 24.84318071 98.82169908 41.00095069 49.95421654 85.33693396 74.30263643 104.32814218 87.72051479 47.54775134 115.89232190 95.04328594 79.59433430 91.98361664 106.57686780 97.80612070 130.96223387 87.23317295 130.33930231 92.81891198 112.19151670
31.13830569 88.24336592 0.00000000 57.10895860 20.67086167 37.18895663 26.20802074 76.52929501 28.12657269 63.06025701 61.84701676 45.04498778 51.59647115 54.18333500 80.47141070 97.38129450 69.16305888 74.18455057 91.02157916 85.26756420 79.94946147 106.60850503 89.19420267 128.62200803 105.15130351 134.20774706 120.11287378
36.61373375 31.13440732 57.03807316 0.00000000 36.43809693 22.97194624 41.56695395 39.00969877 67.68574608 55.16746875 57.23078676 54.20098096 48.51674029 73.19218918 94.53152965 61.71427859 88.03142303 89.74991001 86.40534915 98.79463149 95.51482092 104.61713555 108.06256682 101.39970021 120.71666295 106.98543923 119.00253155
15.31418842 67.57250425 20.59997623 36.43809693 0.00000000 16.51809497 8.12064647 55.85843335 37.78766292 42.38939534 41.17615510 24.30287611 30.92560948 43.29410602 66.13887745 76.71043283 58.13353034 59.85201733 70.35071749 70.93503096 65.61692823 88.56250389 78.16467413 107.95114636 90.81877026 113.53688539 102.94789989
16.59599712 54.18684699 37.11777452 23.05243967 16.51779829 0.00000000 19.78481150 50.13092256 45.90360363 36.66188455 35.44864431 32.41883851 26.73459784 51.41004674 72.74938720 70.98292204 66.24928058 67.96776757 64.62320670 77.01248905 73.73267847 82.83499310 86.28042437 102.22363558 98.93452050 107.80937460 97.22038910
23.57733397 72.77709870 26.20837860 41.64269138 8.19188976 19.85620143 0.00000000 58.68109971 33.75159055 45.21206170 43.99882146 21.05747873 33.74827585 39.25803366 62.10261461 79.53309919 54.09726750 55.81575449 73.17338385 66.89876812 61.58066539 88.23970895 74.12841129 110.77381273 86.78250742 116.35955175 101.74407770
59.48526627 24.84318071 76.45827368 39.00969877 55.85829745 50.13092256 58.63600459 0.00000000 84.82602027 16.22753179 28.22331972 71.34125516 52.57173962 90.33246338 65.98961797 29.77743635 94.16142508 73.31238912 57.86343748 70.25271982 84.84597098 76.07522388 109.23133705 69.46285797 108.60840549 75.04859699 90.46061988
51.40051595 98.89367316 28.12657269 67.75926584 37.85898884 45.97508492 33.79666031 84.89759668 0.00000000 71.42855867 70.21531843 33.05543114 59.96477281 28.88143537 55.16951106 105.74959616 43.86115924 48.88265094 87.94499417 59.96566457 54.64756184 81.30660540 63.89230303 126.04843302 79.84940387 131.63417205 94.81097415
45.96360945 41.00095069 62.98161686 55.16746875 42.38164062 36.60926573 45.15934776 16.22789234 71.34936345 0.00000000 22.47680868 57.86459833 37.91801983 76.85580655 60.42435687 39.70812050 88.59616398 67.74712802 52.29783777 64.68745872 79.28070987 70.50962417 103.66607595 79.39354212 103.04314439 84.97928114 84.89502017
44.75272605 50.02021690 61.77073346 57.22987229 41.17075723 35.39838234 43.94846437 28.21890404 70.13848005 22.47680868 0.00000000 56.65371494 24.27334747 75.64492316 40.32533300 35.46280003 68.49714011 47.64810416 32.19915251 44.58843485 59.18168601 50.41093891 83.56705208 69.79958138 82.94412052 75.38532041 64.79633491
37.84425208 85.33742676 45.04502267 54.20301944 24.30287611 32.41883851 21.05716920 71.38635028 33.17272889 57.91731227 56.70407203 0.00000000 46.45352641 25.10733198 45.79119018 92.23834976 37.78584307 39.50433005 78.56667329 50.58734369 45.26924096 71.92828452 57.81698686 116.67011214 70.47108299 122.25585117 85.43265326
36.04305273 74.30434487 51.59303740 48.52108779 30.99306117 26.73459784 33.77076831 52.50303201 59.96078399 37.91801983 24.27334747 46.47601888 0.00000000 65.46722710 53.26730004 59.07114685 80.30646094 60.59007119 45.14111954 57.53040188 72.12365304 63.35290594 96.50901911 82.74154841 95.88608755 88.32728744 77.73830194
56.83565403 104.32881124 54.18357520 73.19440392 43.29412692 51.41022299 39.18679839 90.33273475 28.88269364 76.86369675 75.65045650 25.10704026 65.39991089 0.00000000 37.78415722 108.25986759 17.23101804 31.42943341 70.56156960 42.58223628 36.47093641 63.92318083 37.26216183 108.66500845 56.49636933 114.25074748 76.63434872
79.72592132 87.71550434 80.47154008 94.53081020 66.18337665 72.69932024 62.12085765 65.91419148 55.17065852 60.42473744 40.32550260 45.76463340 53.19765094 37.71227172 0.00000000 72.48309744 34.50866935 15.05126599 36.41353288 23.14635486 25.86616782 37.19025873 49.98765980 74.05896175 51.13802445 79.64470078 51.87369696
80.28709824 47.61792652 97.30510566 61.78444458 76.70512942 70.93275453 79.48283656 29.84761391 105.67285224 39.77829806 35.46097250 92.18808713 59.06340855 108.17609683 72.48128691 0.00000000 100.65309402 79.78064344 48.15884163 68.02778985 87.50231197 57.08084123 111.88741439 39.68261232 96.48089248 45.26835135 69.43002238
71.67551929 115.95528843 69.16325859 88.03426918 58.13297462 66.25008825 54.16648178 94.15397557 43.86237703 88.66452152 68.56528669 37.71423136 80.23977615 17.15977002 34.57991720 100.72288153 0.00000000 22.33577529 61.54068422 33.56135090 26.88215945 54.90229545 28.63482188 99.64412307 47.86902938 105.22986210 67.61785982
73.43906120 95.10910600 74.18467995 89.79781109 59.89651653 68.01363016 55.83399752 73.30779314 48.88379840 67.81833909 47.71910426 39.47777327 60.59125259 31.42354347 15.05126599 79.85184684 22.26451839 0.00000000 39.80339925 11.82406593 11.60451376 33.16501048 35.92131917 77.90683810 36.15834329 83.49257713 47.31996235
73.95433731 79.61617769 90.97234472 86.43148355 70.37236849 64.59999359 73.15007562 57.81486484 87.97029841 52.32541079 32.22617596 78.56427328 45.09832429 70.50995491 36.48570487 48.23219105 61.49441090 39.75633756 0.00000000 28.00348397 47.47800609 19.33161974 71.86310850 49.59206098 58.46818250 55.17780001 33.71701574
84.52207483 92.04985736 85.26769358 98.86516322 70.97953016 77.03367326 66.91701115 70.24854450 59.96681203 64.75909046 44.65985562 50.56078690 57.53200396 42.50646076 23.07578663 68.09902925 33.49091675 11.75284217 28.05058167 0.00000000 19.47451194 21.41219290 43.85961435 66.15402052 43.23752157 71.73975955 36.09623434
79.20612111 106.57185735 79.95173986 95.56487100 65.66357644 73.78069007 61.60105743 84.77054449 54.65085831 79.28109044 59.18185561 45.24483318 72.05400394 36.39971569 25.79423937 87.50229954 26.85672557 11.60459039 47.45385195 19.47451864 0.00000000 40.81546318 24.45634835 85.55729081 27.58168715 91.14302983 53.53117918
92.14087235 97.80271273 106.60863935 104.61801858 88.55890352 82.78652863 88.25795691 76.00139987 81.30775779 70.51194583 50.41271099 71.90173267 63.28485933 63.84741430 37.11892877 57.08121360 54.83187029 33.09379694 19.26567538 21.34094336 40.81546548 0.00000000 58.60968541 55.13583250 39.40073439 60.72157152 16.38740750
91.70666308 131.02887766 89.19441459 108.06541297 78.16411841 86.28123204 74.19763778 109.22756480 63.89353304 103.73811076 83.63887592 57.74537515 96.51102426 37.19093709 49.98571147 111.95989498 28.63482188 35.98972284 71.91144739 43.93211407 24.45513988 58.56371031 0.00000000 110.01488624 22.92479578 115.60062527 59.44772661
111.57932513 87.22900909 128.59733254 101.39552715 107.99735631 102.22498142 110.77506345 69.45869648 126.04959555 79.38938063 69.85116378 116.64357043 82.72331211 108.58925206 74.11069269 39.68304548 99.57370805 77.83563470 49.57009522 66.08278112 85.55730324 55.13583250 109.94240565 0.00000000 94.53588375 19.81388888 67.48501365
104.40892692 130.33453503 105.15454568 120.76767681 90.86638226 98.98349589 86.80386325 108.53322217 79.85366413 103.04376812 82.94453329 70.44763900 95.81668162 56.42514459 51.06862224 96.49144916 47.86902938 36.08737502 58.40111235 43.19277144 27.58287475 39.39975929 22.92479578 94.54477558 0.00000000 100.13051461 40.28377559
117.16506416 92.81474811 134.18307157 106.98126618 113.58309534 107.81072044 116.36080248 75.04443551 131.63533458 84.97511966 75.43690281 122.22930945 88.30905114 114.17499108 79.69643172 45.26878451 105.15944708 83.42137373 55.15583425 71.66852014 91.14304226 60.72157152 115.52814468 19.85926269 100.12162277 0.00000000 73.07075267
106.59393537 112.25577576 120.11511266 119.07108161 103.01196655 97.23959166 101.76443023 90.45446290 94.81423111 84.96500885 64.86577402 85.40820598 77.73792235 76.63450434 51.80303606 69.43168722 67.54747310 47.31985980 33.71562931 36.02498480 53.48606829 16.31703820 59.56475038 67.48501365 40.35579936 73.07075267 0.00000000
