0.00000000 2.37500000 12.82500000 15.67500000 13.30000000 11.87500000 13.30000000 21.37500000 20.90000000 33.25000000 27.55000000 29.92500000 31.82500000 23.75000000 32.77500000 37.05000000 43.70000000 41.32500000 43.22500000 47.02500000 52.72500000
2.37500000 0.00000000 2.85000000 12.35000000 12.82500000 12.82500000 13.77500000 18.05000000 19.95000000 32.30000000 23.27500000 23.75000000 29.45000000 30.87500000 30.40000000 26.60000000 38.00000000 44.65000000 37.05000000 41.32500000 41.32500000
12.82500000 2.85000000 0.00000000 2.85000000 3.32500000 2.37500000 3.80000000 9.50000000 10.45000000 22.80000000 15.67500000 19.47500000 19.95000000 21.37500000 20.90000000 28.50000000 28.50000000 35.15000000 29.92500000 31.82500000 39.42500000
14.72500000 12.35000000 2.85000000 0.00000000 0.47500000 0.95000000 1.42500000 10.45000000 7.60000000 13.30000000 16.62500000 19.00000000 13.77500000 10.45000000 21.85000000 26.12500000 24.70000000 21.37500000 32.30000000 25.17500000 32.77500000
13.30000000 12.82500000 3.32500000 0.47500000 0.00000000 1.42500000 1.90000000 10.92500000 8.07500000 15.67500000 17.10000000 19.47500000 21.37500000 19.00000000 22.32500000 26.60000000 26.12500000 23.75000000 32.77500000 29.45000000 35.15000000
11.87500000 12.82500000 1.90000000 0.95000000 1.42500000 0.00000000 1.90000000 7.60000000 8.55000000 20.90000000 19.47500000 21.85000000 18.05000000 19.47500000 26.60000000 30.87500000 26.60000000 33.25000000 32.30000000 29.92500000 37.52500000
13.30000000 13.77500000 3.32500000 1.42500000 1.90000000 1.90000000 0.00000000 7.60000000 13.77500000 11.87500000 5.70000000 9.02500000 9.02500000 12.35000000 12.82500000 9.02500000 24.22500000 24.22500000 19.47500000 29.45000000 23.75000000
21.37500000 19.00000000 9.50000000 10.45000000 10.92500000 7.60000000 7.60000000 0.00000000 18.05000000 8.07500000 0.95000000 5.22500000 5.22500000 8.55000000 6.17500000 10.45000000 20.42500000 20.42500000 16.62500000 25.65000000 23.75000000
19.95000000 19.95000000 10.45000000 7.60000000 8.07500000 8.55000000 13.77500000 18.05000000 0.00000000 5.70000000 7.12500000 11.40000000 6.17500000 5.22500000 10.45000000 16.62500000 16.15000000 13.77500000 22.80000000 16.62500000 25.17500000
32.30000000 32.30000000 22.80000000 13.30000000 15.67500000 20.90000000 11.87500000 8.07500000 5.70000000 0.00000000 5.22500000 9.50000000 4.27500000 4.27500000 8.55000000 14.72500000 16.15000000 16.15000000 20.90000000 19.47500000 23.27500000
27.55000000 23.27500000 15.67500000 16.62500000 17.10000000 19.47500000 5.70000000 0.95000000 7.12500000 5.22500000 0.00000000 3.32500000 2.37500000 5.70000000 6.65000000 12.82500000 17.57500000 17.57500000 19.00000000 22.80000000 17.57500000
29.92500000 22.80000000 19.00000000 19.00000000 19.47500000 21.85000000 9.02500000 5.22500000 11.40000000 9.50000000 3.32500000 0.00000000 6.65000000 9.97500000 10.45000000 2.37500000 21.85000000 21.85000000 14.72500000 25.65000000 24.70000000
32.77500000 29.45000000 19.95000000 13.77500000 22.32500000 18.05000000 9.02500000 5.22500000 6.17500000 4.27500000 2.37500000 6.65000000 0.00000000 4.75000000 5.70000000 11.87500000 1.90000000 13.77500000 18.05000000 19.00000000 19.47500000
23.75000000 30.87500000 21.37500000 11.40000000 19.00000000 19.47500000 12.35000000 8.55000000 5.22500000 4.27500000 5.70000000 9.97500000 4.75000000 0.00000000 9.02500000 15.20000000 3.32500000 8.55000000 18.52500000 9.02500000 16.15000000
31.82500000 29.45000000 19.95000000 20.90000000 21.37500000 27.55000000 11.87500000 5.22500000 11.40000000 9.50000000 5.70000000 9.50000000 7.60000000 9.97500000 0.00000000 0.95000000 4.27500000 4.75000000 6.17500000 10.92500000 9.97500000
37.05000000 26.60000000 28.02500000 26.12500000 26.60000000 30.87500000 9.02500000 10.45000000 16.62500000 14.72500000 12.82500000 2.37500000 11.87500000 15.20000000 0.95000000 0.00000000 11.40000000 7.60000000 3.80000000 13.77500000 12.82500000
42.75000000 38.00000000 28.50000000 23.75000000 26.12500000 26.60000000 24.22500000 20.42500000 16.15000000 16.15000000 17.57500000 21.85000000 1.90000000 3.32500000 4.27500000 11.40000000 0.00000000 1.90000000 13.30000000 3.32500000 10.92500000
40.37500000 45.60000000 35.15000000 21.37500000 23.75000000 33.25000000 24.22500000 20.42500000 13.77500000 16.15000000 17.57500000 21.85000000 13.77500000 8.55000000 4.75000000 7.60000000 1.90000000 0.00000000 9.50000000 5.70000000 7.12500000
44.17500000 37.05000000 29.45000000 33.25000000 31.82500000 32.30000000 19.47500000 17.57500000 22.80000000 20.90000000 19.00000000 14.72500000 19.00000000 18.52500000 6.17500000 3.80000000 13.30000000 9.50000000 0.00000000 15.67500000 14.25000000
46.07500000 42.27500000 33.72500000 24.22500000 29.45000000 31.82500000 29.45000000 25.65000000 14.72500000 19.47500000 22.80000000 25.65000000 19.00000000 9.02500000 10.92500000 13.77500000 3.32500000 5.70000000 15.67500000 0.00000000 13.30000000
51.77500000 41.32500000 38.47500000 32.77500000 35.15000000 39.42500000 24.70000000 22.80000000 25.17500000 23.27500000 17.57500000 24.70000000 20.42500000 16.15000000 9.97500000 12.82500000 10.92500000 7.12500000 14.25000000 13.30000000 0.00000000
