0.00000000 195.35533906 133.85281374 77.32590181 77.49747468 159.95331881 234.61017306 142.16652224 132.43860018 214.33809512 199.83556980 264.22034611 199.52186130 192.86500705 235.63455967 249.74725805 217.89444430 237.83556980 304.27416998 281.73506474 329.54624792
195.35533906 0.00000000 125.36753237 247.56854249 187.98275606 88.63961031 102.32590181 184.36753237 271.79393924 278.62236636 177.40916293 176.13708499 241.72287143 323.97770542 218.17871555 218.20815280 344.66399692 299.14927830 261.27922061 408.50461736 328.71782079
133.85281374 125.36753237 0.00000000 137.79898987 78.21320344 41.69848481 116.35533906 74.59797975 162.02438662 168.85281374 132.26702730 145.96551211 131.95331881 214.20815280 168.06601718 180.03657993 234.89444430 189.37972568 228.90663761 298.73506474 269.83556980
77.32590181 247.56854249 137.79898987 0.00000000 60.41421356 163.07106781 237.72792206 145.28427125 56.87005769 153.19595949 202.95331881 267.33809512 181.85281374 117.29646456 238.75230868 252.86500705 156.75230868 176.69343418 307.39191899 211.82337649 268.40411229
77.49747468 187.98275606 78.21320344 60.41421356 0.00000000 103.48528137 178.14213562 85.69848481 84.63961031 153.95331881 143.36753237 207.75230868 143.05382387 136.82337649 179.16652224 193.27922061 157.50966799 177.45079349 247.80613255 221.35028843 269.16147161
159.95331881 88.63961031 41.69848481 163.07106781 103.48528137 0.00000000 78.79898987 99.87005769 187.29646456 194.12489168 99.84062043 110.71067812 157.22539674 239.48023074 140.61017306 144.78174593 260.16652224 214.65180362 193.65180362 324.00714267 251.14927830
234.61017306 102.32590181 116.35533906 237.72792206 178.14213562 78.79898987 0.00000000 133.33809512 250.33809512 175.95331881 76.74011537 77.66904756 139.05382387 271.02438662 117.50966799 117.53910524 253.85281374 196.48023074 160.61017306 310.32085117 228.04877324
142.16652224 184.36753237 74.59797975 145.28427125 85.69848481 99.87005769 133.33809512 0.00000000 169.50966799 94.25483400 58.25483400 126.98275606 57.35533906 189.32590181 94.05382387 108.16652224 172.15432893 114.78174593 162.69343418 228.62236636 195.23759005
132.43860018 271.79393924 162.02438662 56.87005769 84.63961031 187.29646456 250.33809512 169.50966799 0.00000000 96.32590181 175.25483400 243.98275606 124.98275606 67.59797975 180.65180362 225.16652224 99.88225099 119.82337649 279.69343418 154.95331881 211.53405461
214.33809512 278.62236636 168.85281374 153.19595949 153.95331881 194.12489168 175.95331881 94.25483400 96.32590181 0.00000000 100.87005769 169.59797975 50.59797975 117.01219331 106.26702730 150.78174593 99.84062043 95.15432893 205.30865787 163.68124087 184.37972568
199.83556980 177.40916293 132.26702730 202.95331881 143.36753237 99.84062043 76.74011537 58.25483400 175.25483400 100.87005769 0.00000000 70.38477631 63.97056275 195.94112550 52.62741700 61.76955262 178.76955262 121.39696962 116.29646456 235.23759005 163.16652224
264.22034611 176.13708499 145.96551211 267.33809512 207.75230868 110.71067812 77.66904756 126.98275606 243.98275606 169.59797975 70.38477631 0.00000000 132.69848481 264.66904756 111.15432893 56.49747468 247.49747468 190.12489168 99.56854249 296.99494937 213.89444430
199.52186130 241.72287143 131.95331881 181.85281374 143.05382387 157.22539674 139.05382387 57.35533906 124.98275606 50.59797975 63.97056275 132.69848481 0.00000000 145.66904756 58.59797975 113.88225099 117.06601718 57.42640687 157.29646456 171.26702730 139.53910524
192.86500705 323.97770542 214.20815280 117.29646456 136.82337649 239.48023074 271.02438662 189.32590181 67.59797975 117.01219331 195.94112550 264.66904756 145.66904756 0.00000000 201.33809512 245.85281374 59.25483400 136.55129855 284.33809512 101.98275606 214.52186130
235.63455967 218.17871555 168.06601718 238.75230868 179.16652224 140.61017306 117.50966799 94.05382387 180.65180362 106.26702730 52.62741700 111.15432893 58.59797975 201.33809512 0.00000000 57.32590181 159.62236636 92.91168825 110.68124087 193.63961031 110.53910524
249.74725805 218.20815280 180.03657993 252.86500705 193.27922061 144.78174593 117.53910524 108.16652224 225.16652224 150.78174593 61.76955262 56.49747468 113.88225099 245.85281374 57.32590181 0.00000000 210.94112550 142.11269837 54.52691193 242.84062043 159.74011537
217.89444430 344.66399692 234.89444430 156.75230868 157.50966799 260.16652224 253.85281374 172.15432893 99.88225099 99.84062043 178.76955262 247.49747468 117.06601718 59.25483400 159.62236636 210.94112550 0.00000000 78.95331881 230.35533906 63.84062043 160.53910524
237.83556980 299.14927830 189.37972568 176.69343418 177.45079349 214.65180362 196.48023074 114.78174593 119.82337649 95.15432893 121.39696962 190.12489168 57.42640687 136.55129855 92.91168825 142.11269837 78.95331881 0.00000000 161.52691193 114.42640687 91.71067812
304.27416998 261.27922061 228.90663761 307.39191899 247.80613255 193.65180362 160.61017306 162.69343418 279.69343418 205.30865787 116.29646456 99.56854249 157.29646456 284.33809512 110.68124087 54.52691193 230.35533906 161.52691193 0.00000000 262.25483400 128.12489168
281.73506474 408.50461736 298.73506474 211.82337649 221.35028843 324.00714267 310.32085117 228.62236636 154.95331881 163.68124087 235.23759005 296.99494937 171.26702730 101.98275606 193.63961031 242.84062043 63.84062043 114.42640687 262.25483400 0.00000000 192.43860018
329.54624792 328.71782079 269.83556980 268.40411229 269.16147161 251.14927830 228.04877324 195.23759005 211.53405461 184.37972568 163.16652224 213.89444430 139.53910524 214.52186130 110.53910524 159.74011537 160.53910524 91.71067812 128.12489168 192.43860018 0.00000000
