0.00000000 82.94884064 46.15359018 35.50022825 32.08575685 59.59716645 76.02448841 75.20855909 56.66796666 62.54258095 98.63093746 92.53782807 100.59577126 62.93853002 122.08091398 121.71260431 108.10780746 111.35698416 137.54958860 71.96682884 120.06941891
82.94884064 0.00000000 39.44151469 115.38182338 85.47766170 29.80321533 20.25559225 67.35074158 114.94133347 83.21313192 31.64639408 25.40928896 92.76550939 126.48036489 44.56026622 34.50584646 122.26261072 105.00300504 44.51426795 130.68827584 57.48987500
46.15359018 39.44151469 0.00000000 87.44644098 57.54227931 13.44740594 29.87472791 36.54326283 87.00595108 54.60584882 61.41640216 46.38806756 65.37578035 97.87308179 60.91193772 52.49073050 93.65532762 77.61327600 62.49915199 102.08099274 85.91712812
35.50022825 115.38182338 87.44644098 0.00000000 30.28408085 89.20685742 105.86541417 74.45451026 23.10306075 46.16803501 97.87688863 110.38213785 84.22122532 29.41327503 95.16820261 120.95855548 37.94752088 103.20788032 110.98191302 38.44157385 103.69487297
32.08575685 85.47766170 57.54227931 30.28408085 0.00000000 59.30269575 75.96125250 44.55034859 29.67351820 26.58940643 67.97272696 80.47797618 64.64259675 60.62595903 75.58957404 91.05439381 63.78948570 75.40380964 106.89137810 71.02241244 84.11624440
59.59716645 29.80321533 13.44740594 89.20685742 59.30269575 0.00000000 20.10008839 38.46376483 88.76636751 57.03816596 41.04222506 39.43222705 63.87853264 100.30539893 53.95609721 45.53488999 96.08764476 76.11602829 55.54331148 104.51330988 71.62493004
76.02448841 20.25559225 29.87472791 105.86541417 75.96125250 20.10008839 0.00000000 51.78499210 105.42492427 79.35809619 11.74807317 8.50486262 47.38459309 105.13039704 24.66194532 14.60752556 52.10456338 36.79047269 24.61594704 52.90727795 37.59155410
75.20855909 67.35074158 36.54326283 74.45451026 44.55034859 38.46376483 51.78499210 0.00000000 57.80266783 24.64672692 25.99358200 38.49883122 28.79080872 69.30457289 49.44355852 49.07524885 65.08681872 41.02830437 64.91223314 73.51248384 49.33215649
56.66796666 114.94133347 87.00595108 23.10306075 29.67351820 88.76636751 105.42492427 57.80266783 0.00000000 36.44743400 102.21471662 114.12428581 74.50062431 39.00132369 85.44760161 103.24769694 45.38016628 81.49598230 101.26131202 49.39777710 95.38826869
62.54258095 83.21313192 54.60584882 46.16803501 26.58940643 57.03816596 79.35809619 24.64672692 36.44743400 0.00000000 65.82769877 77.73726796 38.11360647 44.52449738 49.06058376 66.86067909 40.30674321 48.87481937 64.87429417 48.73240833 57.58725412
98.63093746 31.64639408 61.41640216 97.87688863 67.97272696 41.04222506 11.74807317 25.99358200 102.21471662 65.82769877 0.00000000 10.12724494 33.85419567 91.59999962 18.46010466 19.19216333 87.38224545 47.88959078 35.02914762 46.70543729 36.12893749
92.53782807 25.40928896 46.38806756 110.38213785 80.47797618 39.43222705 8.50486262 38.49883122 114.12428581 77.73726796 10.12724494 0.00000000 45.76376486 103.50956881 23.04111709 7.60610808 45.11572950 29.80163881 17.60502545 45.91844406 30.58063250
100.59577126 92.76550939 65.37578035 84.22122532 64.64259675 63.87853264 47.38459309 28.79080872 74.50062431 38.11360647 33.85419567 45.76376486 0.00000000 61.22736342 12.10282833 29.90292366 31.87947680 14.12607164 27.91653874 32.68219137 20.62949869
62.93853002 126.48036489 97.87308179 29.41327503 60.62595903 100.30539893 105.13039704 69.30457289 39.00132369 44.52449738 91.59999962 103.50956881 61.22736342 0.00000000 34.20062849 44.11563438 8.54672738 22.80062375 46.66579126 9.02829882 34.20408878
122.08091398 44.56026622 60.91193772 95.16820261 75.58957404 53.95609721 24.66194532 49.44355852 85.44760161 49.06058376 18.46010466 23.04111709 12.10282833 34.20062849 0.00000000 18.05116719 29.19413647 13.88004577 21.76336728 29.99685103 19.42035123
121.71260431 34.50584646 52.49073050 120.95855548 91.05439381 45.53488999 14.60752556 49.07524885 103.24769694 66.86067909 19.19216333 7.60610808 29.90292366 44.11563438 18.05116719 0.00000000 39.10914236 23.79505167 15.17990045 39.91185692 24.57404536
108.10780746 122.26261072 93.65532762 37.94752088 63.78948570 96.08764476 52.10456338 65.08681872 45.38016628 40.30674321 87.38224545 45.11572950 31.87947680 8.54672738 29.19413647 39.10914236 0.00000000 17.79413173 41.65929924 8.42566512 29.19759675
111.35698416 105.00300504 77.61327600 103.20788032 75.40380964 76.11602829 36.79047269 41.02830437 81.49598230 48.87481937 47.88959078 29.80163881 14.12607164 22.80062375 13.88004577 23.79505167 17.79413173 0.00000000 26.34520854 18.59684629 13.88350606
137.54958860 44.51426795 62.49915199 110.98191302 106.89137810 55.54331148 24.61594704 64.91223314 101.26131202 64.87429417 35.02914762 17.60502545 27.91653874 46.66579126 21.76336728 15.17990045 41.65929924 26.34520854 0.00000000 42.46201380 27.12420224
71.96682884 130.68827584 102.08099274 38.44157385 71.02241244 104.51330988 52.90727795 73.51248384 49.39777710 48.73240833 46.70543729 45.91844406 32.68219137 9.02829882 29.99685103 39.91185692 8.42566512 18.59684629 42.46201380 0.00000000 23.98250668
120.06941891 57.48987500 85.91712812 103.69487297 84.11624440 71.62493004 37.59155410 49.33215649 95.38826869 57.58725412 36.12893749 30.58063250 20.62949869 34.20408878 19.42035123 24.57404536 29.19759675 13.88350606 27.12420224 23.98250668 0.00000000
