0.00000000 107.43602523 67.68965850 43.29913633 42.80609351 89.57174318 125.77205030 82.48596292 73.35825337 81.31595453 115.49800225 145.08662920 115.25650729 102.63405228 138.98354103 144.32028431 127.58210129 137.09967739 173.48808326 148.42144077 179.18931649
107.43602523 0.00000000 64.57355225 137.08474307 102.63226609 46.06511657 49.66469877 90.27361102 148.45459832 111.83388715 85.44976017 83.36635751 114.28003200 176.13731716 105.84789882 104.37290917 164.40132762 141.28816551 125.78697900 195.33383092 156.06873324
67.68965850 64.57355225 0.00000000 84.76201371 50.30953673 21.88323359 58.08354071 43.95241056 96.13186896 59.64095843 73.80675313 77.39811961 79.05628442 123.94438843 94.83406977 97.67595006 112.20839889 106.06441793 119.09001989 143.14090220 143.51683137
43.29913633 137.08474307 84.76201371 0.00000000 35.30924902 94.00879639 130.27847395 82.66110758 31.12241650 57.17262561 115.67314691 148.92964162 91.11317836 60.41011069 119.41149519 144.49542897 86.03867799 113.12242297 166.85375311 106.19749917 155.04598756
42.80609351 102.63226609 50.30953673 35.30924902 0.00000000 59.55631942 95.82599698 48.20863060 46.29671160 39.85644460 81.22066993 114.47716465 73.79699736 77.56884924 102.09531419 110.04295199 90.25337718 95.64016746 139.21075094 119.38219211 137.72980656
89.57174318 46.06511657 21.88323359 94.00879639 59.55631942 0.00000000 39.20283213 44.36745055 105.37865164 68.75794048 56.86091292 59.82310142 68.37387154 133.06137048 77.25905157 80.10093187 121.32538094 95.38200504 101.51500170 152.25788425 128.51226316
125.77205030 49.66469877 58.08354071 130.27847395 95.82599698 39.20283213 0.00000000 71.32186532 141.64832920 102.10433974 37.07658478 35.72190333 76.63288029 153.66371165 57.47472343 55.99973378 136.95286723 102.15680325 77.41380361 151.39964876 107.69555785
82.48596292 90.27361102 43.95241056 82.66110758 48.20863060 44.36745055 71.32186532 0.00000000 85.10156469 36.62362232 35.02921498 68.28570969 35.51659172 100.71947989 58.51475375 63.85149704 88.98349035 62.52472523 93.01929599 119.91599366 99.97713867
73.35825337 148.45459832 96.13186896 31.12241650 46.29671160 105.37865164 141.64832920 85.10156469 0.00000000 51.44330172 117.63307343 150.13821472 85.38385447 41.06219305 113.68217130 145.16078245 60.85120994 83.43838634 161.12442922 82.87553593 126.63276174
81.31595453 111.83388715 59.64095843 57.17262561 39.85644460 68.75794048 102.10433974 36.62362232 51.44330172 0.00000000 66.24786712 98.75300840 33.99864815 64.36482132 62.29696499 93.77557613 52.62883178 55.84181825 109.73922290 83.56133509 97.93145736
115.49800225 85.44976017 73.80675313 115.67314691 81.22066993 56.86091292 37.07658478 35.02921498 117.63307343 66.24786712 0.00000000 33.72525345 40.77640767 117.80723903 26.97319585 31.49369452 106.07124949 67.87169473 60.66149347 120.89812118 78.22640745
145.08662920 83.36635751 77.39811961 148.92964162 114.47716465 59.82310142 35.72190333 68.28570969 150.13821472 98.75300840 33.72525345 0.00000000 73.28154896 150.31238032 54.12339210 26.51899859 129.07924109 94.28317711 47.93198495 143.52602261 78.21373919
115.25650729 114.28003200 79.05628442 91.11317836 73.79699736 68.37387154 76.63288029 35.51659172 85.38385447 33.99864815 40.77640767 73.28154896 0.00000000 84.20756714 29.15025897 60.62887012 69.34023019 27.23278526 76.59251689 83.78701172 64.78475134
102.63405228 176.13731716 123.94438843 60.41011069 77.56884924 133.06137048 153.66371165 100.71947989 41.06219305 64.36482132 117.80723903 150.31238032 84.20756714 0.00000000 103.69713553 129.82587868 27.92601377 66.00720821 138.84572714 45.78738849 101.92483786
138.98354103 105.84789882 94.83406977 119.41149519 102.09531419 77.25905157 57.47472343 58.51475375 113.68217130 62.29696499 26.97319585 54.12339210 29.15025897 103.69713553 0.00000000 31.55393271 79.90591829 45.10985431 58.58453832 94.35269981 51.68098608
144.32028431 104.37290917 97.67595006 144.49542897 110.04295199 80.10093187 55.99973378 63.85149704 145.16078245 93.77557613 31.49369452 26.51899859 60.62887012 129.82587868 31.55393271 0.00000000 106.03466144 71.23859746 29.48574986 120.48144296 55.16915954
127.58210129 164.40132762 112.20839889 86.03867799 90.25337718 121.32538094 136.95286723 88.98349035 60.85120994 52.62883178 106.07124949 129.07924109 69.34023019 27.92601377 79.90591829 106.03466144 0.00000000 42.21599097 115.05450989 30.93250331 78.13362062
137.09967739 141.28816551 106.06441793 113.12242297 95.64016746 95.38200504 102.15680325 62.52472523 83.43838634 55.84181825 67.87169473 94.28317711 27.23278526 66.00720821 45.10985431 71.23859746 42.21599097 0.00000000 80.25844591 56.66277249 43.33755664
173.48808326 125.78697900 119.09001989 166.85375311 139.21075094 101.51500170 77.41380361 93.01929599 161.12442922 109.73922290 60.66149347 47.93198495 76.59251689 138.84572714 58.58453832 29.48574986 115.05450989 80.25844591 0.00000000 129.50129142 64.18900799
148.42144077 195.33383092 143.14090220 106.19749917 119.38219211 152.25788425 151.39964876 119.91599366 82.87553593 83.56133509 120.89812118 143.52602261 83.78701172 45.78738849 94.35269981 120.48144296 30.93250331 56.66277249 129.50129142 0.00000000 80.96343431
179.18931649 156.06873324 143.51683137 155.04598756 137.72980656 128.51226316 107.69555785 99.97713867 126.63276174 97.93145736 78.22640745 78.21373919 64.78475134 101.92483786 51.68098608 55.16915954 78.13362062 43.33755664 64.18900799 80.96343431 0.00000000
