0.00000000 27.18525802 64.73761620 54.24408273 151.80225734 236.88085239 93.87442839 86.15062582 204.03320983 121.20995474 149.39417064 154.07950671 248.22663976 208.10451719 238.46632541 225.99084890 357.10268420 256.36544819 300.25617008 321.68389698
27.18525802 0.00000000 55.02776156 37.57128611 161.28857348 246.82467177 69.67609486 62.44580488 213.59808806 107.40131885 125.68876671 130.37468577 234.41800387 194.29588129 224.65768952 202.28602796 343.29404831 242.55681230 286.44753419 307.87526109
64.73761620 55.02776156 0.00000000 44.42204881 106.26081192 191.79691021 92.91178532 73.30362400 158.57032650 91.31998997 136.76087697 131.12180196 210.92548297 178.21455242 208.57636065 213.14326191 311.75713089 226.47548342 270.36620532 288.76169198
54.24408273 37.57128611 44.42204881 0.00000000 150.68286073 236.21895902 48.65179062 32.00484806 202.99237531 74.72813024 95.26161152 99.93372895 202.24284839 162.12072582 192.48253404 171.84507114 311.11889283 210.38165682 254.27237872 275.70010561
151.80225734 161.28857348 106.26081192 150.68286073 0.00000000 89.47052645 195.76794034 173.22070804 52.33594845 158.64027677 227.90303292 198.16060353 106.77406922 162.68420067 163.80022136 282.80631636 207.60571713 200.78009357 173.22928408 184.61027823
236.88085239 246.82467177 191.79691021 236.21895902 89.47052645 0.00000000 285.22940836 262.68217606 55.98367778 248.10174479 292.95377445 262.38527020 135.02469916 191.60234720 192.71836789 328.69326029 170.50529975 229.69824010 198.93878697 197.21904450
93.87442839 69.67609486 92.91178532 48.65179062 195.76794034 285.22940836 0.00000000 30.86247495 247.96753493 114.83225454 66.77727501 92.95866084 240.21415061 179.49419132 211.60472366 142.04049555 349.09019505 219.98716265 268.56216444 289.98989133
86.15062582 62.44580488 73.30362400 32.00484806 173.22070804 262.68217606 30.86247495 0.00000000 225.42030263 92.28502224 65.09272085 70.11083497 217.36632474 156.64636545 188.75689779 141.53053828 326.24236918 197.14597503 245.71433857 267.14206546
204.03320983 213.59808806 158.57032650 202.99237531 52.33594845 55.98367778 247.96753493 225.42030263 0.00000000 201.86681456 237.08271894 206.51421469 79.15814849 135.73129169 136.84731238 272.82220478 167.13060245 173.82718459 143.07250774 149.19719730
121.20995474 107.40131885 91.31998997 74.72813024 158.64027677 248.10174479 114.83225454 92.28502224 201.86681456 0.00000000 69.54424138 39.80181199 147.50340863 99.16001749 129.52182572 124.81235199 256.37945306 144.40660110 188.29732299 209.72504989
149.39417064 125.68876671 136.76087697 95.26161152 227.90303292 292.95377445 66.77727501 65.09272085 237.08271894 69.54424138 0.00000000 33.50748805 180.76297783 120.04301854 152.15355088 89.04265190 289.63902227 160.53598987 209.11099165 230.53871855
154.07950671 130.37468577 131.12180196 99.93372895 198.16060353 262.38527020 92.95866084 70.11083497 206.51421469 39.80181199 33.50748805 0.00000000 147.26108307 86.54112378 118.65165612 85.25309259 256.13712751 127.18660349 175.60909690 197.03682379
248.22663976 234.41800387 210.92548297 202.24284839 106.77406922 135.02469916 240.21415061 217.36632474 79.15814849 147.50340863 180.76297783 147.26108307 0.00000000 69.56951981 70.53702266 206.66043291 108.87645770 107.51689487 73.26204268 84.72136724
208.10451719 194.29588129 178.21455242 162.12072582 162.68420067 191.60234720 179.49419132 156.64636545 135.73129169 99.16001749 120.04301854 86.54112378 69.56951981 0.00000000 32.11053234 137.09091310 175.63167282 53.95518471 94.60137803 116.02910493
238.46632541 224.65768952 208.57636065 192.48253404 163.80022136 192.71836789 211.60472366 188.75689779 136.84731238 129.52182572 152.15355088 118.65165612 70.53702266 32.11053234 0.00000000 161.78438729 145.33019265 39.46579686 64.29989786 85.72762476
225.99084890 202.28602796 213.14326191 171.84507114 282.80631636 328.69326029 142.04049555 141.53053828 272.82220478 124.81235199 89.04265190 85.25309259 206.66043291 137.09091310 161.78438729 0.00000000 287.26955898 139.86570665 205.59325777 226.89837010
357.10268420 343.29404831 311.75713089 311.11889283 207.60571713 170.50529975 349.09019505 326.24236918 167.13060245 256.37945306 289.63902227 256.13712751 108.87645770 175.63167282 145.33019265 287.26955898 0.00000000 148.91657688 83.00330926 67.96342716
256.36544819 242.55681230 226.47548342 210.38165682 200.78009357 229.69824010 219.98716265 197.14597503 173.82718459 144.40660110 160.53598987 127.18660349 107.51689487 53.95518471 39.46579686 139.86570665 148.91657688 0.00000000 65.91326762 87.28753638
300.25617008 286.44753419 270.36620532 254.27237872 173.22928408 198.93878697 268.56216444 245.71433857 143.07250774 188.29732299 209.11099165 175.60909690 73.26204268 94.60137803 64.29989786 205.59325777 83.00330926 65.91326762 0.00000000 21.42929632
321.68389698 307.87526109 288.76169198 275.70010561 184.61027823 197.21904450 289.98989133 267.14206546 149.19719730 209.72504989 230.53871855 197.03682379 84.72136724 116.02910493 85.72762476 226.89837010 67.96342716 87.28753638 21.42929632 0.00000000
