0.00000000 201.81118318 45.82842712 191.22539674 47.24264069 56.07106781 178.81118318 73.38477631 92.01219331 164.98275606 85.72792206 89.28427125 89.28427125 84.94112550 107.35533906 99.31370850 155.56854249 112.84062043 118.18376618 111.28427125 135.94112550 134.35533906 138.74011537
201.81118318 0.00000000 185.25483400 14.72792206 208.66904756 171.35533906 24.65685425 184.18376618 110.38477631 45.89949494 150.38477631 197.11269837 168.62741700 214.04163056 135.04163056 157.52691193 70.48528137 193.11269837 120.69848481 230.42640687 138.59797975 156.32590181 215.29646456
45.82842712 185.25483400 0.00000000 174.66904756 31.89949494 16.24264069 162.25483400 31.07106781 75.45584412 148.42640687 44.24264069 74.62741700 46.97056275 92.38477631 66.45584412 57.82842712 139.01219331 74.76955262 91.18376618 108.76955262 110.11269837 92.87005769 101.11269837
191.22539674 14.72792206 174.66904756 0.00000000 198.08326112 160.76955262 15.72792206 173.59797975 99.79898987 34.48528137 139.79898987 186.52691193 158.04163056 203.45584412 124.45584412 146.94112550 59.89949494 182.52691193 110.11269837 219.84062043 128.01219331 145.74011537 204.71067812
47.24264069 208.66904756 31.89949494 198.08326112 0.00000000 37.07106781 185.66904756 26.48528137 97.21320344 171.84062043 60.14213562 45.31370850 40.62741700 66.28427125 79.42640687 61.42640687 160.76955262 56.14213562 104.15432893 81.94112550 117.22539674 99.98275606 92.52691193
56.07106781 171.35533906 16.24264069 160.76955262 37.07106781 0.00000000 148.35533906 27.65685425 60.97056275 134.52691193 34.82842712 67.69848481 40.04163056 85.45584412 58.11269837 50.07106781 125.11269837 67.84062043 82.84062043 101.84062043 102.35533906 85.11269837 94.18376618
178.81118318 24.65685425 162.25483400 15.72792206 185.66904756 148.35533906 0.00000000 161.18376618 87.38477631 22.89949494 127.38477631 174.11269837 145.62741700 191.04163056 112.04163056 134.52691193 47.48528137 170.11269837 97.69848481 207.42640687 115.59797975 133.32590181 192.29646456
73.38477631 184.18376618 31.07106781 173.59797975 26.48528137 27.65685425 161.18376618 0.00000000 87.79898987 147.35533906 33.89949494 43.79898987 22.00000000 61.55634919 54.94112550 42.79898987 136.28427125 47.45584412 79.66904756 77.94112550 95.08326112 77.84062043 76.62741700
92.01219331 110.38477631 75.45584412 99.79898987 97.21320344 60.97056275 87.38477631 87.79898987 0.00000000 73.55634919 52.72792206 111.94112550 84.28427125 129.69848481 65.62741700 82.35533906 64.14213562 112.08326112 55.04163056 146.08326112 78.45584412 90.66904756 132.56854249
164.98275606 45.89949494 148.42640687 34.48528137 171.84062043 134.52691193 22.89949494 147.35533906 73.55634919 0.00000000 113.55634919 160.28427125 131.79898987 177.21320344 98.21320344 120.69848481 33.65685425 156.28427125 83.87005769 193.59797975 101.76955262 119.49747468 178.46803743
85.72792206 150.38477631 44.24264069 139.79898987 60.14213562 34.82842712 127.38477631 33.89949494 52.72792206 113.55634919 0.00000000 59.21320344 31.55634919 76.97056275 34.21320344 33.72792206 104.14213562 59.35533906 58.35533906 93.35533906 74.94112550 62.97056275 78.66904756
89.28427125 197.11269837 74.62741700 186.52691193 45.31370850 67.69848481 174.11269837 43.79898987 111.94112550 160.28427125 59.21320344 0.00000000 28.48528137 21.89949494 67.87005769 48.69848481 149.21320344 27.31370850 92.59797975 42.38477631 105.66904756 88.42640687 58.72792206
89.28427125 168.62741700 46.97056275 158.04163056 40.62741700 40.04163056 145.62741700 22.00000000 84.28427125 131.79898987 31.55634919 28.48528137 0.00000000 45.41421356 39.38477631 20.79898987 120.72792206 27.79898987 64.11269837 61.79898987 77.18376618 59.94112550 54.62741700
84.94112550 214.04163056 92.38477631 203.45584412 66.28427125 85.45584412 191.04163056 61.55634919 129.69848481 177.21320344 76.97056275 21.89949494 45.41421356 0.00000000 84.79898987 65.62741700 166.14213562 41.31370850 109.52691193 31.07106781 122.59797975 105.35533906 64.04163056
107.35533906 135.04163056 66.45584412 124.45584412 79.42640687 58.11269837 112.04163056 54.94112550 65.62741700 98.21320344 34.21320344 67.87005769 39.38477631 84.79898987 0.00000000 23.31370850 87.14213562 63.04163056 24.72792206 101.18376618 41.31370850 40.31370850 73.52691193
99.31370850 157.52691193 57.82842712 146.94112550 61.42640687 50.07106781 134.52691193 42.79898987 82.35533906 120.69848481 33.72792206 48.69848481 20.79898987 65.62741700 23.31370850 0.00000000 109.62741700 43.87005769 48.04163056 64.89949494 56.97056275 39.72792206 50.21320344
155.56854249 70.48528137 139.01219331 59.89949494 160.76955262 125.11269837 47.48528137 136.28427125 64.14213562 33.65685425 104.14213562 149.21320344 120.72792206 166.14213562 87.14213562 109.62741700 0.00000000 145.21320344 72.79898987 182.52691193 90.69848481 108.42640687 167.39696962
112.84062043 193.11269837 74.76955262 182.52691193 56.14213562 67.84062043 170.11269837 47.45584412 112.08326112 156.28427125 59.35533906 27.31370850 27.79898987 41.31370850 63.04163056 43.87005769 145.21320344 0.00000000 87.76955262 31.07106781 100.84062043 83.59797975 36.38477631
118.18376618 120.69848481 91.18376618 110.11269837 104.15432893 82.84062043 97.69848481 79.66904756 55.04163056 83.87005769 58.35533906 92.59797975 64.11269837 109.52691193 24.72792206 48.04163056 72.79898987 87.76955262 0.00000000 125.91168825 23.41421356 35.62741700 94.59797975
111.28427125 230.42640687 108.76955262 219.84062043 81.94112550 101.84062043 207.42640687 77.94112550 146.08326112 193.59797975 93.35533906 42.38477631 61.79898987 31.07106781 101.18376618 64.89949494 182.52691193 31.07106781 125.91168825 0.00000000 120.01219331 95.69848481 36.72792206
135.94112550 138.59797975 110.11269837 128.01219331 117.22539674 102.35533906 115.59797975 95.08326112 78.45584412 101.76955262 74.94112550 105.66904756 77.18376618 122.59797975 41.31370850 56.97056275 90.69848481 100.84062043 23.41421356 120.01219331 0.00000000 23.48528137 83.28427125
134.35533906 156.32590181 92.87005769 145.74011537 99.98275606 85.11269837 133.32590181 77.84062043 90.66904756 119.49747468 62.97056275 88.42640687 59.94112550 105.35533906 40.31370850 39.72792206 108.42640687 83.59797975 35.62741700 95.69848481 23.48528137 0.00000000 58.97056275
138.74011537 215.29646456 101.11269837 204.71067812 92.52691193 94.18376618 192.29646456 76.62741700 132.56854249 178.46803743 78.66904756 58.72792206 54.62741700 64.04163056 73.52691193 50.21320344 167.39696962 36.38477631 94.59797975 36.72792206 83.28427125 58.97056275 0.00000000
