0.00000000 69.53096384 15.71105053 67.68517312 16.93721901 18.26879652 65.29279458 23.82530312 41.59560693 62.82212144 32.01713129 27.04614700 28.31455918 26.37945351 39.57862373 34.35934952 60.74174776 31.43583056 60.81138717 30.88409249 64.47488349 44.74551539 35.04396393
69.53096384 0.00000000 61.74123612 2.69320543 89.44418813 48.36030760 4.70312649 72.70699775 28.09876375 8.55015491 48.48139580 73.19703446 67.01559798 76.01605903 45.45834639 64.10696423 13.09162094 72.39798251 31.78001924 78.39888152 34.11315089 39.16543661 54.98210951
15.71105053 61.74123612 0.00000000 59.89544539 24.87994560 4.20747642 57.50306686 9.13074027 33.80587921 55.03239372 17.53296842 19.67138364 13.59358218 22.59404323 23.95813213 18.73353523 52.95202003 19.88395462 35.57277444 24.97686572 32.41042535 29.15838860 36.90238013
67.68517312 2.69320543 59.89544539 0.00000000 87.59839741 46.51451688 3.11205835 70.86120702 26.25297302 6.53006450 46.63560508 71.35124374 65.16980726 74.17026831 43.61255566 62.26117351 11.27839657 70.55219179 29.93422852 76.55309080 32.26736016 37.31964588 53.13631879
16.93721901 89.44418813 24.87994560 87.59839741 0.00000000 12.32723425 85.20601887 10.33820268 32.37070446 82.73534573 24.43067940 22.71216633 22.46871165 21.59301480 35.08992644 28.47607240 80.12781491 25.11642074 46.70456875 28.51475269 43.26635939 40.01432264 31.76786355
18.26879652 48.36030760 4.20747642 46.51451688 12.32723425 0.00000000 44.12213834 8.23157516 20.26092420 41.65146520 15.17129599 17.90639657 11.82859512 20.82905617 23.09265966 17.87338545 39.57109151 18.11896755 34.70730197 23.21187866 31.51158807 28.25955132 35.13739306
65.29279458 4.70312649 57.50306686 3.11205835 85.20601887 44.12213834 0.00000000 68.46882849 23.86059449 4.31198565 44.24322654 68.95886520 62.77742872 71.77788977 41.22017712 59.86879497 8.81269767 68.15981325 27.54184998 74.16071226 29.87498163 34.92726735 50.74394025
23.82530312 72.70699775 9.13074027 70.86120702 10.33820268 8.23157516 68.46882849 0.00000000 28.27504537 65.99815535 15.60270229 11.84840598 7.05885950 14.79669281 18.44752545 12.99682265 63.39062453 12.72791335 30.06216776 17.18917437 26.79141871 23.53938196 29.51025700
41.59560693 28.09876375 33.80587921 26.25297302 32.37070446 20.26092420 23.86059449 28.27504537 0.00000000 21.38992135 20.00295777 41.45355610 35.37365923 44.37412028 37.67246669 46.99865010 19.30954766 41.66403167 18.41223600 46.75694277 23.49498253 25.79765336 68.36610572
62.82212144 8.55015491 55.03239372 6.53006450 82.73534573 41.65146520 4.31198565 65.99815535 21.38992135 0.00000000 41.77255340 66.48819206 60.30675558 69.30721663 38.74950398 57.39812183 6.43612945 65.68914011 25.07117684 71.69003912 27.40430849 32.45659421 48.27326711
32.01713129 48.48139580 17.53296842 46.63560508 24.43067940 15.17129599 44.24322654 15.60270229 20.00295777 41.77255340 0.00000000 21.45059834 15.37070147 24.37116252 19.79125374 19.19426003 39.69217972 21.66107390 31.27341483 26.75398501 34.37518230 26.98194375 39.03375755
27.04614700 73.19703446 19.67138364 71.35124374 22.71216633 17.90639657 68.95886520 11.84840598 41.45355610 66.48819206 21.45059834 0.00000000 6.18143648 3.86626140 18.84277277 11.93580007 63.88066124 5.33813057 30.45741508 7.41483749 27.01920572 23.76716897 9.88863214
28.31455918 67.01559798 13.59358218 65.16980726 22.46871165 11.82859512 62.77742872 7.05885950 35.37365923 60.30675558 15.37070147 6.18143648 0.00000000 9.00046105 12.66133629 5.89465082 57.69922476 6.29037244 24.27597860 11.38328354 20.83776924 17.58573249 22.51921438
26.37945351 76.01605903 22.59404323 74.17026831 21.59301480 20.82905617 71.77788977 14.79669281 44.37412028 69.30721663 24.37116252 3.86626140 9.00046105 0.00000000 21.66179734 14.75482464 66.69968581 7.60122656 33.27643965 5.61490778 29.83823029 26.58619354 10.67419984
39.57862373 45.45834639 23.95813213 43.61255566 35.08992644 23.09265966 41.22017712 18.44752545 37.67246669 38.74950398 19.79125374 18.84277277 12.66133629 21.66179734 0.00000000 8.32583696 36.14197317 17.82930806 9.43294714 24.04461983 12.58093556 11.70042959 29.75466928
34.35934952 64.10696423 18.73353523 62.26117351 28.47607240 17.87338545 59.86879497 12.99682265 46.99865010 57.39812183 19.19426003 11.93580007 5.89465082 14.75482464 8.32583696 0.00000000 54.79059101 11.08287648 19.22960491 26.50294006 15.61812719 12.36609044 22.13214746
60.74174776 13.09162094 52.95202003 11.27839657 80.12781491 39.57109151 8.81269767 63.39062453 19.30954766 6.43612945 39.69217972 63.88066124 57.69922476 66.69968581 36.14197317 54.79059101 0.00000000 63.08160929 22.54712839 69.08250830 25.06911342 29.93254576 45.74921866
31.43583056 72.39798251 19.88395462 70.55219179 25.11642074 18.11896755 68.15981325 12.72791335 41.66403167 65.68914011 21.66107390 5.33813057 6.29037244 7.60122656 17.82930806 11.08287648 63.08160929 0.00000000 29.44395037 5.48925536 26.00574101 22.75370426 6.65144281
60.81138717 31.78001924 35.57277444 29.93422852 46.70456875 34.70730197 27.54184998 30.06216776 18.41223600 25.07117684 31.27341483 30.45741508 24.27597860 33.27643965 9.43294714 19.22960491 22.54712839 29.44395037 0.00000000 35.65926214 5.01343949 7.31611032 23.13278323
30.88409249 78.39888152 24.97686572 76.55309080 28.51475269 23.21187866 74.16071226 17.18917437 46.75694277 71.69003912 26.75398501 7.41483749 11.38328354 5.61490778 24.04461983 26.50294006 69.08250830 5.48925536 35.65926214 0.00000000 26.46437611 21.70245595 5.86763029
64.47488349 34.11315089 32.41042535 32.26736016 43.26635939 31.51158807 29.87498163 26.79141871 23.49498253 27.40430849 34.37518230 27.01920572 20.83776924 29.83823029 12.58093556 15.61812719 25.06911342 26.00574101 5.01343949 26.46437611 0.00000000 4.54038323 20.52606444
44.74551539 39.16543661 29.15838860 37.31964588 40.01432264 28.25955132 34.92726735 23.53938196 25.79765336 32.45659421 26.98194375 23.76716897 17.58573249 26.58619354 11.70042959 12.36609044 29.93254576 22.75370426 7.31611032 21.70245595 4.54038323 0.00000000 15.76414429
35.04396393 54.98210951 36.90238013 53.13631879 31.76786355 35.13739306 50.74394025 29.51025700 68.36610572 48.27326711 39.03375755 9.88863214 22.51921438 10.67419984 29.75466928 22.13214746 45.74921866 6.65144281 23.13278323 5.86763029 20.52606444 15.76414429 0.00000000
