0.00000000 125.86794000 31.45321431 120.26899225 32.64994597 37.89572938 113.65336618 49.69615630 61.93786124 106.78194456 58.16317276 52.91210550 56.89865503 49.09426350 68.01523469 62.59201347 100.90009170 65.14834996 80.63532317 65.12655383 91.00530946 83.88950480 82.07729902
125.86794000 0.00000000 115.17846116 8.34634792 126.12233326 105.30499678 13.83126896 109.60550739 64.40410480 25.51111054 95.02461651 112.39044928 98.41901537 119.76993270 81.76778408 93.81585538 38.57645644 113.54524361 69.86931786 132.35245276 81.56800672 90.28793265 127.28059879
31.45321431 115.17846116 0.00000000 109.57951341 25.72492949 10.35520025 102.96388734 20.85202459 51.24838240 96.09246572 29.82018464 41.71366896 28.10469641 49.45561375 39.48850100 33.98878192 90.21061286 43.28098036 55.39359226 62.03813380 64.07564788 55.29787950 63.81110073
120.26899225 8.34634792 109.57951341 0.00000000 120.52338552 99.70604903 8.80454402 104.00655965 58.80515705 19.82999933 89.42566876 106.79150153 92.82006762 114.17098496 76.16883633 88.21690764 32.99665872 107.94629587 64.27037012 126.75350501 75.96905898 84.68898490 121.68165104
32.64994597 126.12233326 25.72492949 120.52338552 0.00000000 25.18682232 113.90775944 18.54395400 65.55979702 107.03633783 41.79489050 31.79870988 27.86678610 39.34864887 47.98735855 39.46769409 100.75226431 37.29283562 63.89244981 52.62224666 70.64240467 61.86463630 59.60109968
37.89572938 105.30499678 10.35520025 99.70604903 25.18682232 0.00000000 93.09042296 18.83398168 40.96320481 86.21900134 24.86169899 37.60854960 23.99957704 45.35049438 35.11615670 29.69293549 80.33714848 39.17586099 51.02124796 57.93301444 59.76819519 50.99042682 59.70598136
113.65336618 13.83126896 102.96388734 8.80454402 113.90775944 93.09042296 0.00000000 97.39093358 52.18953098 13.29653672 82.81004269 100.17587546 86.20444155 107.55535889 69.55321026 81.60128156 26.33121484 101.33066979 57.65474404 120.13787894 69.35343290 78.07335883 115.06602497
49.69615630 109.60550739 20.85202459 104.00655965 18.54395400 18.83398168 97.39093358 0.00000000 59.20695638 90.51951196 24.67631529 24.97407458 13.87412589 32.72370754 31.49896950 24.61536254 84.23543844 27.82853406 47.40406076 45.30912531 54.86754868 46.08978031 48.72767647
61.93786124 64.40410480 51.24838240 58.80515705 65.55979702 40.96320481 52.18953098 59.20695638 0.00000000 45.31810936 36.40161017 70.29839821 56.68879703 78.03971437 47.03211785 55.90802791 39.43625650 71.86508098 35.85844932 90.62223442 49.48083359 56.27706410 88.97577466
106.78194456 25.51111054 96.09246572 19.82999933 107.03633783 86.21900134 13.29653672 90.51951196 45.31810936 0.00000000 75.93862107 93.30445384 79.33301993 100.68393727 62.68178864 74.72985994 19.59079064 94.45924818 50.78332243 113.26645732 62.48201129 71.20193721 108.19460335
58.16317276 95.02461651 29.82018464 89.42566876 41.79489050 24.86169899 82.81004269 24.67631529 36.40161017 75.93862107 0.00000000 33.89678803 20.28718686 41.63810419 23.65322344 22.61750869 70.05676821 35.46347081 39.36666920 54.22062425 48.86028147 41.02237031 53.31519509
52.91210550 112.39044928 41.71366896 106.79150153 31.79870988 37.60854960 100.17587546 24.97407458 70.29839821 93.30445384 33.89678803 0.00000000 13.97143391 11.17329786 34.25547457 25.78446343 87.02038032 15.89370729 50.16056583 24.39032364 56.91052069 48.13275232 35.30384686
56.89865503 98.41901537 28.10469641 92.82006762 27.86678610 23.99957704 86.20444155 13.87412589 56.68879703 79.33301993 20.28718686 13.97143391 0.00000000 21.35091734 20.28404066 11.77017918 73.04894641 15.17628395 36.18913192 33.93343739 42.93908678 34.16131841 35.67015064
49.09426350 119.76993270 49.45561375 114.17098496 39.34864887 45.35049438 107.55535889 32.72370754 78.03971437 100.68393727 41.63810419 11.17329786 21.35091734 0.00000000 41.63495800 33.16394686 94.39986375 22.24928496 57.54004925 18.75619420 64.29000411 55.51223574 38.45225278
68.01523469 81.76778408 39.48850100 76.16883633 47.98735855 35.11615670 69.55321026 31.49896950 47.03211785 62.68178864 23.65322344 34.25547457 20.28404066 41.63495800 0.00000000 13.57297295 56.39771512 35.34220503 16.12844110 54.21747805 25.57468545 26.09792449 46.65913270
62.59201347 93.81585538 33.98878192 88.21690764 39.46769409 29.69293549 81.60128156 24.61536254 55.90802791 74.72985994 22.61750869 25.78446343 11.77017918 33.16394686 13.57297295 0.00000000 68.44578642 25.84965150 29.58814182 44.18957997 34.03180456 25.25403619 34.87529151
100.90009170 38.57645644 90.21061286 32.99665872 100.75226431 80.33714848 26.33121484 84.23543844 39.43625650 19.59079064 70.05676821 87.02038032 73.04894641 94.39986375 56.39771512 68.44578642 0.00000000 88.17517466 44.49592723 106.98238380 56.03996762 64.91454201 101.90720815
65.14834996 113.54524361 43.28098036 107.94629587 37.29283562 39.17586099 101.33066979 27.82853406 71.86508098 94.45924818 35.46347081 15.89370729 15.17628395 22.24928496 35.34220503 25.84965150 88.17517466 0.00000000 51.24729629 19.67580928 57.99725115 49.21948278 22.30826406
80.63532317 69.86931786 55.39359226 64.27037012 63.89244981 51.02124796 57.65474404 47.40406076 35.85844932 50.78332243 39.36666920 50.16056583 36.18913192 57.54004925 16.12844110 29.58814182 44.49592723 51.24729629 0.00000000 70.12256931 13.91804412 20.71427463 57.70694078
65.12655383 132.35245276 62.03813380 126.75350501 52.62224666 57.93301444 120.13787894 45.30912531 90.62223442 113.26645732 54.22062425 24.39032364 33.93343739 18.75619420 54.21747805 44.18957997 106.98238380 19.67580928 70.12256931 0.00000000 72.06786728 60.02529427 22.87778236
91.00530946 81.56800672 64.07564788 75.96905898 70.64240467 59.76819519 69.35343290 54.86754868 49.48083359 62.48201129 48.86028147 56.91052069 42.93908678 64.29000411 25.57468545 34.03180456 56.03996762 57.99725115 13.91804412 72.06786728 0.00000000 12.75314852 49.81611003
83.88950480 90.28793265 55.29787950 84.68898490 61.86463630 50.99042682 78.07335883 46.08978031 56.27706410 71.20193721 41.02237031 48.13275232 34.16131841 55.51223574 26.09792449 25.25403619 64.91454201 49.21948278 20.71427463 60.02529427 12.75314852 0.00000000 37.77353702
82.07729902 127.28059879 63.81110073 121.68165104 59.60109968 59.70598136 115.06602497 48.72767647 88.97577466 108.19460335 53.31519509 35.30384686 35.67015064 38.45225278 46.65913270 34.87529151 101.90720815 22.30826406 57.70694078 22.87778236 49.81611003 37.77353702 0.00000000
