0.00000000 83.89949494 74.55634919 193.86500705 303.52186130 125.85281374 264.43354955 161.81118318 201.02438662 327.94826817 276.17871555 299.16652224 474.67113960 342.24978336 400.61731573
83.89949494 0.00000000 60.35533906 136.22539674 245.88225099 125.12489168 206.79393924 118.69848481 179.75230868 274.06601718 233.06601718 279.10764774 412.64675298 299.13708499 357.50461736
74.55634919 60.35533906 0.00000000 196.58073580 306.23759005 64.76955262 267.14927830 94.91168825 126.46803743 261.04877324 209.27922061 224.61017306 407.77164466 275.35028843 333.71782079
193.86500705 136.22539674 196.58073580 0.00000000 112.97056275 248.43860018 70.56854249 200.48023074 289.45079349 140.76955262 213.16652224 361.85995642 279.35028843 260.35028843 228.42640687
303.52186130 245.88225099 306.23759005 112.97056275 0.00000000 361.40916293 74.18376618 313.45079349 378.62236636 181.58073580 253.97770542 425.13203436 218.25483400 301.16147161 265.09545443
125.85281374 125.12489168 64.76955262 248.43860018 361.40916293 0.00000000 319.00714267 147.25483400 88.04163056 312.48023074 236.69343418 189.49747468 459.20310217 286.94826817 354.10259710
264.43354955 206.79393924 267.14927830 70.56854249 74.18376618 319.00714267 0.00000000 255.10764774 304.43860018 107.39696962 179.79393924 350.94826817 216.98275606 226.97770542 190.91168825
161.81118318 118.69848481 94.91168825 200.48023074 313.45079349 147.25483400 255.10764774 0.00000000 88.97056275 186.23759005 122.16652224 161.37972568 332.96046148 187.06601718 245.43354955
201.02438662 179.75230868 126.46803743 289.45079349 378.62236636 88.04163056 304.43860018 88.97056275 0.00000000 234.39696962 158.61017306 112.22539674 381.11984105 208.86500705 276.01933598
327.94826817 274.06601718 261.04877324 140.76955262 181.58073580 312.48023074 107.39696962 186.23759005 234.39696962 0.00000000 89.04163056 260.19595949 146.72287143 136.22539674 93.45584412
276.17871555 233.06601718 209.27922061 213.16652224 253.97770542 236.69343418 179.79393924 122.16652224 158.61017306 89.04163056 0.00000000 171.15432893 227.19595949 67.24264069 122.09545443
299.16652224 279.10764774 224.61017306 361.85995642 425.13203436 189.49747468 350.94826817 161.37972568 112.22539674 260.19595949 171.15432893 0.00000000 369.25483400 176.25483400 263.32590181
474.67113960 412.64675298 407.77164466 279.35028843 218.25483400 459.20310217 216.98275606 332.96046148 381.11984105 146.72287143 227.19595949 369.25483400 0.00000000 197.97056275 110.89949494
342.24978336 299.13708499 275.35028843 260.35028843 301.16147161 286.94826817 226.97770542 187.06601718 208.86500705 136.22539674 67.24264069 176.25483400 197.97056275 0.00000000 87.07106781
400.61731573 357.50461736 333.71782079 228.42640687 265.09545443 354.10259710 190.91168825 245.43354955 276.01933598 93.45584412 122.09545443 263.32590181 110.89949494 87.07106781 0.00000000
