0.00000000 17.82200475 13.69758870 67.11472262 99.05337125 34.15144319 86.00120756 37.42548811 55.42255900 97.21774898 82.09749098 82.13629332 133.28499294 111.10386663 125.64800998
17.82200475 0.00000000 10.32704161 52.44612538 85.79977436 31.33403944 70.10173363 32.52304235 39.14747507 88.15216409 77.19504523 84.87604553 116.20358122 106.20142088 120.74556422
13.69758870 10.32704161 0.00000000 62.77316699 96.12681597 22.08735859 80.42877523 30.48456952 42.33019628 90.28057913 75.16032114 69.09407111 126.34782310 104.16669679 118.71084013
67.11472262 52.44612538 62.77316699 0.00000000 48.47407100 89.66453587 19.58645799 74.37559645 105.48074676 39.69619460 73.80596518 148.06001937 67.74761174 105.09086709 63.71671964
99.05337125 85.79977436 96.12681597 48.47407100 0.00000000 138.07821729 20.92383604 122.78927787 147.45980710 46.67812035 81.63993747 180.66380718 78.66013940 112.92483937 70.52409077
34.15144319 31.33403944 22.08735859 89.66453587 138.07821729 0.00000000 108.34196814 43.23024532 31.90200900 121.72115463 86.30820495 52.40750086 157.78839859 118.00068078 130.11277416
86.00120756 70.10173363 80.42877523 19.58645799 20.92383604 108.34196814 0.00000000 115.61255907 127.28678625 26.53513173 61.46691661 160.49078633 80.80278680 92.75181852 50.38291176
37.42548811 32.52304235 30.48456952 74.37559645 122.78927787 43.23024532 115.61255907 0.00000000 32.44181245 94.29083711 70.34798612 75.59637672 130.35808107 88.96138713 103.50553047
55.42255900 39.14747507 42.33019628 105.48074676 147.45980710 31.90200900 127.28678625 32.44181245 0.00000000 94.13939579 58.72644611 47.98346910 130.20663976 90.41892194 102.53101532
97.21774898 88.15216409 90.28057913 39.69619460 46.67812035 121.72115463 26.53513173 94.29083711 94.13939579 0.00000000 38.09540065 137.11927037 36.06999901 68.39521322 27.13696235
82.09749098 77.19504523 75.16032114 73.80596518 81.63993747 86.30820495 61.46691661 70.34798612 58.72644611 38.09540065 0.00000000 99.02386972 74.95706456 45.90224154 44.75352399
82.13629332 84.87604553 69.09407111 148.06001937 180.66380718 52.40750086 160.49078633 75.59637672 47.98346910 137.11927037 99.02386972 0.00000000 144.78139453 78.88431879 110.63077191
133.28499294 116.20358122 126.34782310 67.74761174 78.66013940 157.78839859 80.80278680 130.35808107 130.20663976 36.06999901 74.95706456 144.78139453 0.00000000 68.59188935 35.50175500
111.10386663 106.20142088 104.16669679 105.09086709 112.92483937 118.00068078 92.75181852 88.96138713 90.41892194 68.39521322 45.90224154 78.88431879 68.59188935 0.00000000 33.09013434
125.64800998 120.74556422 118.71084013 63.71671964 70.52409077 130.11277416 50.38291176 103.50553047 102.53101532 27.13696235 44.75352399 110.63077191 35.50175500 33.09013434 0.00000000
