0.00000000 64.73761620 54.24408273 151.80225734 236.88085239 93.87442839 204.03320983 121.20995474 149.39417064 248.22663976 208.10451719 225.99084890 357.10268420 256.36544819 300.25617008
64.73761620 0.00000000 44.42204881 106.26081192 191.79691021 92.91178532 158.57032650 91.31998997 136.76087697 210.92548297 178.21455242 213.14326191 311.75713089 226.47548342 270.36620532
54.24408273 44.42204881 0.00000000 150.68286073 236.21895902 48.65179062 202.99237531 74.72813024 95.26161152 202.24284839 162.12072582 171.84507114 311.11889283 210.38165682 254.27237872
151.80225734 106.26081192 150.68286073 0.00000000 89.47052645 195.76794034 52.33594845 158.64027677 227.90303292 106.77406922 162.68420067 282.80631636 207.60571713 200.78009357 173.22928408
236.88085239 191.79691021 236.21895902 89.47052645 0.00000000 285.22940836 55.98367778 248.10174479 292.95377445 135.02469916 191.60234720 328.69326029 170.50529975 229.69824010 198.93878697
93.87442839 92.91178532 48.65179062 195.76794034 285.22940836 0.00000000 247.96753493 114.83225454 66.77727501 240.21415061 179.49419132 142.04049555 349.09019505 219.98716265 268.56216444
204.03320983 158.57032650 202.99237531 52.33594845 55.98367778 247.96753493 0.00000000 201.86681456 237.08271894 79.15814849 135.73129169 272.82220478 167.13060245 173.82718459 143.07250774
121.20995474 91.31998997 74.72813024 158.64027677 248.10174479 114.83225454 201.86681456 0.00000000 69.54424138 147.50340863 99.16001749 124.81235199 256.37945306 144.40660110 188.29732299
149.39417064 136.76087697 95.26161152 227.90303292 292.95377445 66.77727501 237.08271894 69.54424138 0.00000000 180.76297783 120.04301854 89.04265190 289.63902227 160.53598987 209.11099165
248.22663976 210.92548297 202.24284839 106.77406922 135.02469916 240.21415061 79.15814849 147.50340863 180.76297783 0.00000000 69.56951981 206.66043291 108.87645770 107.51689487 73.26204268
208.10451719 178.21455242 162.12072582 162.68420067 191.60234720 179.49419132 135.73129169 99.16001749 120.04301854 69.56951981 0.00000000 137.09091310 175.63167282 53.95518471 94.60137803
225.99084890 213.14326191 171.84507114 282.80631636 328.69326029 142.04049555 272.82220478 124.81235199 89.04265190 206.66043291 137.09091310 0.00000000 287.26955898 139.86570665 205.59325777
357.10268420 311.75713089 311.11889283 207.60571713 170.50529975 349.09019505 167.13060245 256.37945306 289.63902227 108.87645770 175.63167282 287.26955898 0.00000000 148.91657688 83.00330926
256.36544819 226.47548342 210.38165682 200.78009357 229.69824010 219.98716265 173.82718459 144.40660110 160.53598987 107.51689487 53.95518471 139.86570665 148.91657688 0.00000000 65.91326762
300.25617008 270.36620532 254.27237872 173.22928408 198.93878697 268.56216444 143.07250774 188.29732299 209.11099165 73.26204268 94.60137803 205.59325777 83.00330926 65.91326762 0.00000000
