0.11 0.119 0.129 0.141 0.155 0.173 0.196 0.227 0.268 0.326 0.402 0.48 0.517 0.478 0.397 0.32 0.26 0.218 0.187 0.164
0.116 0.126 0.137 0.152 0.169 0.191 0.22 0.26 0.321 0.418 0.58 0.813 0.957 0.81 0.573 0.408 0.309 0.248 0.207 0.179
0.122 0.133 0.147 0.163 0.184 0.211 0.246 0.296 0.375 0.52 0.837 1.597 2.464 1.592 0.827 0.505 0.357 0.276 0.227 0.193
0.128 0.141 0.156 0.176 0.201 0.232 0.274 0.332 0.421 0.591 1.014 2.498 6.037 2.49 0.998 0.567 0.392 0.301 0.245 0.207
0.134 0.149 0.166 0.189 0.219 0.259 0.31 0.375 0.463 0.608 0.918 1.673 2.536 1.661 0.892 0.565 0.409 0.32 0.262 0.221
0.141 0.157 0.177 0.204 0.241 0.292 0.362 0.447 0.534 0.623 0.76 0.974 1.109 0.959 0.718 0.54 0.422 0.34 0.28 0.235
0.147 0.165 0.188 0.219 0.265 0.335 0.447 0.608 0.738 0.738 0.716 0.744 0.771 0.738 0.655 0.553 0.454 0.369 0.302 0.251
0.154 0.173 0.198 0.233 0.287 0.381 0.572 1.005 1.507 1.109 0.786 0.711 0.731 0.766 0.753 0.662 0.533 0.418 0.332 0.27
0.161 0.181 0.208 0.245 0.302 0.407 0.652 1.463 3.367 1.556 0.853 0.747 0.842 1.051 1.173 0.98 0.693 0.492 0.367 0.289
0.169 0.191 0.218 0.254 0.308 0.398 0.583 1.009 1.502 1.098 0.785 0.78 1.056 1.856 2.787 1.803 0.941 0.574 0.401 0.306
0.178 0.203 0.231 0.266 0.311 0.374 0.474 0.616 0.723 0.696 0.664 0.763 1.182 2.793 6.688 2.754 1.097 0.615 0.419 0.317
0.191 0.22 0.253 0.289 0.326 0.365 0.412 0.464 0.504 0.525 0.561 0.677 0.996 1.818 2.765 1.794 0.943 0.583 0.415 0.321
0.209 0.247 0.292 0.337 0.373 0.392 0.402 0.412 0.424 0.442 0.479 0.561 0.722 0.97 1.125 0.963 0.703 0.519 0.402 0.323
0.231 0.288 0.363 0.445 0.494 0.485 0.445 0.41 0.393 0.394 0.416 0.462 0.537 0.623 0.671 0.641 0.565 0.482 0.405 0.335
0.257 0.345 0.491 0.7 0.837 0.732 0.554 0.44 0.384 0.365 0.369 0.393 0.431 0.476 0.515 0.539 0.547 0.524 0.458 0.373
0.28 0.406 0.681 1.332 2.076 1.357 0.731 0.483 0.383 0.344 0.335 0.346 0.371 0.41 0.467 0.558 0.687 0.755 0.634 0.457
0.287 0.432 0.796 2.056 5.05 2.077 0.838 0.495 0.372 0.323 0.307 0.312 0.334 0.377 0.463 0.659 1.145 1.699 1.11 0.593
0.272 0.397 0.669 1.317 2.057 1.335 0.704 0.449 0.343 0.298 0.282 0.284 0.304 0.35 0.451 0.72 1.687 4.006 1.663 0.673
0.242 0.326 0.467 0.67 0.799 0.684 0.497 0.371 0.303 0.269 0.256 0.258 0.276 0.316 0.401 0.601 1.094 1.657 1.076 0.566
0.209 0.26 0.327 0.399 0.436 0.411 0.352 0.297 0.26 0.239 0.23 0.232 0.246 0.276 0.331 0.43 0.577 0.665 0.563 0.403
