0.00000000 0.47500000 0.95000000 1.42500000 2.07500000 2.37500000 1.42500000 0.47500000 2.85000000 2.85000000 1.90000000 1.90000000 0.95000000 3.32500000 5.70000000 1.60000000 5.22500000 2.37500000 6.35000000 3.32500000
0.47500000 0.00000000 1.60000000 1.42500000 2.55000000 2.37500000 1.90000000 2.07500000 2.85000000 1.42500000 2.37500000 4.27500000 3.32500000 2.85000000 4.27500000 2.07500000 4.27500000 3.80000000 4.92500000 1.90000000
0.95000000 1.60000000 0.00000000 2.37500000 0.95000000 1.42500000 1.42500000 2.55000000 1.42500000 2.37500000 4.75000000 1.90000000 5.70000000 2.85000000 2.85000000 3.80000000 3.50000000 2.85000000 2.85000000 4.75000000
1.42500000 2.37500000 3.32500000 0.00000000 2.07500000 1.90000000 1.42500000 0.47500000 3.02500000 2.37500000 0.47500000 1.90000000 0.95000000 3.32500000 5.22500000 1.42500000 5.22500000 2.37500000 5.87500000 0.95000000
2.55000000 2.55000000 0.95000000 2.07500000 0.00000000 0.47500000 0.95000000 1.30000000 0.95000000 0.95000000 3.80000000 1.42500000 4.75000000 2.85000000 0.95000000 2.55000000 0.95000000 1.90000000 0.65000000 2.37500000
2.37500000 2.37500000 2.37500000 1.90000000 0.47500000 0.00000000 0.47500000 0.65000000 0.47500000 2.37500000 2.85000000 0.95000000 3.80000000 0.95000000 1.90000000 1.90000000 2.37500000 0.95000000 1.90000000 1.90000000
1.90000000 1.90000000 1.42500000 1.42500000 0.95000000 0.47500000 0.00000000 1.60000000 0.95000000 1.42500000 1.90000000 3.32500000 2.85000000 2.85000000 1.30000000 1.90000000 1.60000000 2.85000000 1.60000000 2.37500000
0.47500000 2.07500000 2.55000000 0.47500000 1.30000000 0.65000000 1.60000000 0.00000000 3.20000000 3.02500000 0.47500000 2.07500000 0.47500000 3.50000000 2.55000000 0.95000000 3.50000000 2.55000000 3.32500000 0.95000000
2.85000000 2.85000000 1.42500000 3.02500000 0.95000000 0.47500000 0.95000000 3.20000000 0.00000000 2.07500000 3.20000000 0.95000000 2.55000000 0.47500000 1.90000000 1.90000000 2.85000000 0.95000000 1.90000000 1.90000000
2.85000000 1.42500000 2.37500000 2.37500000 0.95000000 2.37500000 1.42500000 3.02500000 2.07500000 0.00000000 1.60000000 0.95000000 1.90000000 2.37500000 1.42500000 0.95000000 1.42500000 1.42500000 2.07500000 1.90000000
1.90000000 2.37500000 3.80000000 0.47500000 2.85000000 2.85000000 2.85000000 0.47500000 3.20000000 1.60000000 0.00000000 2.07500000 0.95000000 1.60000000 1.60000000 1.90000000 1.60000000 2.25000000 3.32500000 1.42500000
2.37500000 4.27500000 1.90000000 1.90000000 1.42500000 0.95000000 3.32500000 2.07500000 0.95000000 0.95000000 2.07500000 0.00000000 1.42500000 1.42500000 0.47500000 0.47500000 1.60000000 0.47500000 0.95000000 0.95000000
0.95000000 3.32500000 4.75000000 0.95000000 3.80000000 3.80000000 3.80000000 0.47500000 2.55000000 1.90000000 0.95000000 1.42500000 0.00000000 2.85000000 2.85000000 0.65000000 1.90000000 2.55000000 3.32500000 0.47500000
3.32500000 2.85000000 2.85000000 3.32500000 2.85000000 0.95000000 2.85000000 3.50000000 0.47500000 2.37500000 1.60000000 1.42500000 2.85000000 0.00000000 0.00000000 0.95000000 0.95000000 0.47500000 0.95000000 1.42500000
5.70000000 4.27500000 2.85000000 5.22500000 0.95000000 1.90000000 1.30000000 2.55000000 1.90000000 1.42500000 1.60000000 0.47500000 2.85000000 0.00000000 0.00000000 0.95000000 1.42500000 0.95000000 0.95000000 1.90000000
1.60000000 2.07500000 3.80000000 1.42500000 2.55000000 1.90000000 1.90000000 0.95000000 1.90000000 0.95000000 1.90000000 0.47500000 0.65000000 0.95000000 0.95000000 0.00000000 0.95000000 2.07500000 1.42500000 0.95000000
5.22500000 4.27500000 3.50000000 5.22500000 0.95000000 2.37500000 1.60000000 3.50000000 3.80000000 1.42500000 1.60000000 1.60000000 1.90000000 0.95000000 1.42500000 0.95000000 0.00000000 1.12500000 0.47500000 1.42500000
2.37500000 3.80000000 2.85000000 2.37500000 1.90000000 0.95000000 2.85000000 2.55000000 0.95000000 1.42500000 2.25000000 0.47500000 2.55000000 0.47500000 0.95000000 2.07500000 1.12500000 0.00000000 0.65000000 2.07500000
6.35000000 4.92500000 2.85000000 5.87500000 0.65000000 1.90000000 1.60000000 3.32500000 1.90000000 2.07500000 3.32500000 0.95000000 3.32500000 0.95000000 0.95000000 1.42500000 0.47500000 0.65000000 0.00000000 0.47500000
3.32500000 1.90000000 4.75000000 0.95000000 2.37500000 1.90000000 2.37500000 0.95000000 1.90000000 1.90000000 1.42500000 0.95000000 0.47500000 1.42500000 1.90000000 0.95000000 1.42500000 2.07500000 0.47500000 0.00000000
