0.00000000 7.82842712 20.82842712 12.65685425 19.65685425 29.72792206 19.07106781 13.48528137 29.97056275 20.07106781 21.31370850 31.55634919 26.97056275 39.87005769 30.55634919 26.24264069 41.55634919 46.69848481 35.55634919 35.65685425
7.82842712 0.00000000 15.82842712 20.48528137 11.82842712 21.89949494 11.24264069 21.31370850 22.14213562 17.07106781 20.55634919 23.72792206 34.79898987 32.04163056 30.97056275 26.31370850 33.72792206 38.87005769 32.31370850 35.72792206
20.82842712 15.82842712 0.00000000 33.48528137 15.65685425 11.24264069 12.48528137 34.31370850 13.82842712 23.14213562 32.97056275 18.24264069 47.79898987 23.72792206 25.48528137 31.79898987 28.24264069 30.55634919 32.97056275 40.87005769
12.65685425 20.48528137 33.48528137 0.00000000 20.65685425 42.38477631 31.72792206 8.24264069 42.62741700 20.14213562 16.89949494 44.21320344 19.24264069 52.52691193 32.38477631 25.14213562 38.45584412 59.35533906 36.79898987 30.31370850
19.65685425 11.82842712 15.65685425 20.65685425 0.00000000 18.41421356 4.82842712 15.00000000 18.65685425 9.24264069 16.48528137 16.48528137 26.72792206 28.55634919 15.82842712 19.31370850 26.14213562 35.38477631 24.48528137 28.72792206
29.72792206 21.89949494 11.24264069 42.38477631 18.41421356 0.00000000 16.65685425 32.00000000 7.65685425 26.72792206 36.55634919 14.89949494 43.38477631 14.24264069 22.14213562 32.55634919 24.31370850 21.07106781 29.62741700 41.04163056
19.07106781 11.24264069 12.48528137 31.72792206 4.82842712 16.65685425 0.00000000 18.41421356 13.82842712 10.07106781 19.31370850 11.65685425 29.31370850 23.72792206 15.00000000 20.48528137 22.48528137 30.55634919 24.24264069 29.55634919
13.48528137 21.31370850 34.31370850 8.24264069 15.00000000 32.00000000 18.41421356 0.00000000 32.48528137 14.82842712 7.82842712 30.55634919 13.48528137 37.31370850 23.31370850 16.07106781 29.38477631 39.21320344 27.72792206 24.65685425
29.97056275 22.14213562 13.82842712 42.62741700 18.65685425 7.65685425 13.82842712 32.48528137 0.00000000 20.48528137 30.31370850 7.24264069 37.14213562 8.24264069 14.48528137 24.89949494 16.07106781 17.89949494 21.97056275 33.38477631
20.07106781 17.07106781 23.14213562 20.14213562 9.24264069 26.72792206 10.07106781 14.82842712 20.48528137 0.00000000 9.82842712 14.07106781 16.65685425 26.14213562 9.07106781 10.41421356 16.89949494 26.72792206 15.24264069 19.48528137
21.31370850 20.55634919 32.97056275 16.89949494 16.48528137 36.55634919 19.31370850 7.82842712 30.31370850 9.82842712 0.00000000 23.89949494 8.24264069 30.65685425 16.65685425 8.24264069 22.72792206 32.55634919 21.07106781 16.82842712
31.55634919 23.72792206 18.24264069 44.21320344 16.48528137 14.89949494 11.65685425 30.55634919 7.24264069 14.07106781 23.89949494 0.00000000 30.72792206 9.24264069 7.24264069 17.65685425 10.82842712 11.48528137 14.72792206 26.14213562
26.97056275 34.79898987 47.79898987 19.24264069 26.72792206 43.38477631 29.31370850 13.48528137 37.14213562 16.65685425 8.24264069 30.72792206 0.00000000 37.48528137 23.48528137 13.07106781 28.72792206 38.55634919 25.89949494 11.07106781
39.87005769 32.04163056 23.72792206 52.52691193 28.55634919 14.24264069 23.72792206 37.31370850 8.24264069 26.14213562 30.65685425 9.24264069 37.48528137 0.00000000 14.00000000 24.41421356 12.07106781 7.65685425 20.89949494 32.31370850
30.55634919 30.97056275 25.48528137 32.38477631 15.82842712 22.14213562 15.00000000 23.31370850 14.48528137 9.07106781 16.65685425 7.24264069 23.48528137 14.00000000 0.00000000 10.41421356 7.24264069 17.07106781 9.24264069 18.89949494
26.24264069 26.31370850 31.79898987 25.14213562 19.31370850 32.55634919 20.48528137 16.07106781 24.89949494 10.41421356 8.24264069 17.65685425 13.07106781 24.41421356 10.41421356 0.00000000 15.65685425 25.48528137 12.82842712 10.82842712
41.55634919 33.72792206 28.24264069 38.45584412 26.14213562 24.31370850 22.48528137 29.38477631 16.07106781 16.89949494 22.72792206 10.82842712 28.72792206 12.07106781 7.24264069 15.65685425 0.00000000 9.82842712 8.82842712 20.24264069
46.69848481 38.87005769 30.55634919 59.35533906 35.38477631 21.07106781 30.55634919 39.21320344 17.89949494 26.72792206 32.55634919 11.48528137 38.55634919 7.65685425 17.07106781 25.48528137 9.82842712 0.00000000 17.82842712 29.24264069
35.55634919 32.31370850 32.97056275 36.79898987 24.48528137 29.62741700 24.24264069 27.72792206 21.97056275 15.24264069 21.07106781 14.72792206 25.89949494 20.89949494 9.24264069 12.82842712 8.82842712 17.82842712 0.00000000 11.41421356
35.65685425 35.72792206 40.87005769 30.31370850 28.72792206 41.04163056 29.55634919 24.65685425 33.38477631 19.48528137 16.82842712 26.14213562 11.07106781 32.31370850 18.89949494 10.82842712 20.24264069 29.24264069 11.41421356 0.00000000
