0.00000000 1.86104076 21.18905771 12.62403246 18.14239682 24.76268253 14.93424494 20.42321210 20.44877993 38.26028137 27.58891845 25.54637877 27.33821390 22.62083187 49.36658872 38.74630555 47.35398808 23.98009594 48.27069947 56.09539285
1.86104076 0.00000000 16.74596500 14.48507322 16.28135606 22.90164176 13.07320418 22.28425287 18.58773916 40.78408476 37.50582066 23.68533801 29.19925466 20.75979110 41.49350827 44.85967709 45.49294731 22.11905517 57.72507068 62.20876439
21.18905771 16.74596500 0.00000000 33.81309017 22.56107827 20.67018469 16.03760677 41.61226981 18.25313275 38.43750322 47.04128568 23.31490511 48.52727161 19.91289068 41.12307538 48.10628314 45.12251442 21.27215475 51.88996280 63.34255044
12.62403246 14.48507322 33.81309017 0.00000000 36.34501659 37.38671499 27.55827740 6.71304653 33.07281238 24.46633439 8.94751442 38.17041123 9.42952886 35.24486433 28.67395849 18.28347509 38.94316952 36.60412839 29.02579615 38.82771137
18.14239682 16.28135606 22.56107827 36.34501659 0.00000000 26.34829473 8.60080303 30.93000000 21.68995562 22.93664789 29.77224889 29.03562805 37.52927991 23.86200756 39.41647366 33.08204687 49.32938272 25.22127163 39.87763382 48.84698157
24.76268253 22.90164176 20.67018469 37.38671499 26.34829473 0.00000000 13.97535101 58.01000000 2.77537626 35.22544082 43.82922328 10.52746391 59.75032680 3.33690909 28.33563418 40.28005589 24.83019262 4.69617316 39.10252160 54.74983653
14.93424494 13.07320418 16.03760677 27.55827740 8.60080303 13.97535101 0.00000000 38.76883297 14.00123412 24.91877126 34.47430083 20.43482502 43.91742133 16.17328607 37.11500000 35.59283764 41.46276008 17.53255013 41.53195706 50.82910494
20.42321210 22.28425287 41.61226981 6.71304653 30.93000000 58.01000000 38.76883297 0.00000000 53.23197798 14.96543723 7.16570635 44.30902125 7.84581349 57.38085099 26.50085099 16.50166702 36.77006202 55.65401692 26.85268866 34.62188996
20.44877993 18.58773916 18.25313275 33.07281238 21.68995562 2.77537626 14.00123412 53.23197798 0.00000000 34.89854219 43.50232465 8.25723484 59.42342818 6.76062013 26.06540510 38.00982682 25.57159739 4.92230014 36.83229253 52.47960746
38.26028137 40.78408476 38.43750322 24.46633439 22.93664789 35.22544082 24.91877126 14.96543723 34.89854219 0.00000000 8.60378246 35.24844551 24.52488599 39.89444189 16.75840979 10.67406638 26.39273483 45.27668973 16.94098592 25.91033368
27.58891845 37.50582066 47.04128568 8.94751442 29.77224889 43.82922328 34.47430083 7.16570635 43.50232465 8.60378246 0.00000000 36.22778100 16.72959162 49.29961074 18.41961074 9.33596067 28.68882177 47.57277667 18.77144840 27.45618362
25.54637877 23.68533801 23.31490511 38.17041123 29.03562805 10.52746391 20.43482502 44.30902125 8.25723484 35.24844551 36.22778100 0.00000000 52.14888453 14.54027091 17.80817026 29.75259198 21.02793506 20.32908043 28.57505769 44.22237262
27.33821390 29.19925466 48.52727161 9.42952886 37.52927991 59.75032680 43.91742133 7.84581349 59.42342818 24.52488599 16.72959162 52.14888453 0.00000000 65.22071427 34.34071427 24.85298303 43.93868504 62.82263994 36.35664356 29.39818252
22.62083187 20.75979110 19.91289068 35.24486433 23.86200756 3.33690909 16.17328607 57.38085099 6.76062013 39.89444189 49.29961074 14.54027091 65.22071427 0.00000000 30.88000000 42.82442172 19.80682646 2.99431024 30.85337588 49.04045740
49.36658872 41.49350827 41.12307538 28.67395849 39.41647366 28.33563418 37.11500000 26.50085099 26.06540510 16.75840979 18.41961074 17.80817026 34.34071427 30.88000000 0.00000000 11.94442172 14.48629689 33.37025179 10.45798123 26.41420236
38.74630555 44.85967709 48.10628314 18.28347509 33.08204687 40.28005589 35.59283764 16.50166702 38.00982682 10.67406638 9.33596067 29.75259198 24.85298303 42.82442172 11.94442172 0.00000000 19.08570201 37.96965692 11.50366053 17.50248917
47.35398808 45.49294731 45.12251442 38.94316952 49.32938272 24.83019262 41.46276008 36.77006202 25.57159739 26.39273483 28.68882177 21.02793506 43.93868504 19.80682646 14.48629689 19.08570201 0.00000000 18.88395490 11.04654942 29.23363094
23.98009594 22.11905517 21.27215475 36.60412839 25.22127163 4.69617316 17.53255013 55.65401692 4.92230014 45.27668973 47.57277667 20.32908043 62.82263994 2.99431024 33.37025179 37.96965692 18.88395490 0.00000000 30.59544769 48.78252921
48.27069947 57.72507068 51.88996280 29.02579615 39.87763382 39.10252160 41.53195706 26.85268866 36.83229253 16.94098592 18.77144840 28.57505769 36.35664356 30.85337588 10.45798123 11.50366053 11.04654942 30.59544769 0.00000000 18.18708153
56.09539285 62.20876439 63.34255044 38.82771137 48.84698157 54.74983653 50.82910494 34.62188996 52.47960746 25.91033368 27.45618362 44.22237262 29.39818252 49.04045740 26.41420236 17.50248917 29.23363094 48.78252921 18.18708153 0.00000000
