0.00000000 4.43590156 13.32507239 5.74264069 9.08857232 17.37746755 11.34154679 7.47830672 18.17958718 9.76981228 11.62008258 16.24235340 14.61341356 21.68243337 15.39662090 16.12473265 19.58318602 23.43581424 19.85695879 21.60616016
4.67102061 0.00000000 10.78205349 9.66402983 8.46596449 13.45748794 7.77407647 10.79349868 14.25960757 10.12718304 12.88521904 14.66603775 17.26637627 18.82517178 15.75399166 16.58481058 19.94055678 21.85615683 20.21432955 22.11453998
13.55602478 10.77788683 0.00000000 19.29866546 10.44479743 6.08940083 7.97305235 19.86933166 9.16236118 14.21189410 20.11465996 12.19781882 24.49581719 13.23412150 16.43296037 20.51105655 18.90979520 17.23651760 21.33677442 26.22234707
5.74264069 9.42891078 19.06771308 0.00000000 10.78454688 21.39824310 13.03752135 4.61173947 21.63040217 11.24820052 9.56491405 17.93832796 10.28462937 23.37840793 16.87500914 14.63854998 21.06157427 25.13178880 21.33534704 17.30231048
9.32994137 8.47221449 10.45521410 11.02591593 0.00000000 11.56232065 3.27254690 10.05322934 12.36444029 5.45136093 10.45591061 9.85266868 14.83706784 15.29274865 10.50733813 12.21544429 14.72336754 17.04612952 15.05027325 17.74517370
17.40295120 13.24785255 5.88393211 21.42372676 11.34643526 0.00000000 8.79844092 20.72581349 4.44000999 15.02869389 20.97114179 8.95192915 25.35229902 7.17228766 13.59374251 20.86070970 14.21168435 11.17468376 17.64993993 25.45379890
11.58291584 7.78032647 7.98346901 13.27889040 3.27254690 9.01432631 0.00000000 12.28735152 9.37816449 6.34136358 12.25450142 7.63704848 16.63565865 12.71581256 10.80834758 13.38776739 13.54254780 14.82716756 15.59255061 18.93357387
7.70925910 10.78933201 19.86933166 4.84269185 10.04281268 20.93128221 12.27693486 0.00000000 20.76968258 9.33289874 5.49039398 17.07760837 7.95334848 22.51768834 14.68280315 10.95416613 18.86936827 24.27106921 18.89239204 15.09296579
18.41262290 14.25752424 9.16444451 21.86343788 12.35610696 4.64756204 9.36983116 20.77176591 0.00000000 12.51530797 19.06098402 4.66641609 23.51254666 4.89694357 9.30822945 16.57519663 10.48276201 8.99033609 13.36442687 21.16828584
9.87259314 9.99484485 14.08372258 11.35098138 5.31277274 15.10599109 6.20277539 9.20472722 12.38505312 0.00000000 6.63628492 8.69297891 11.15238648 14.13305888 5.63866521 7.16402121 9.82523033 15.88643975 10.09900310 12.92727979
11.88020163 12.91021904 20.14382663 9.82503310 10.47466061 21.20577718 12.27325142 5.51956065 19.08806735 6.79362311 0.00000000 15.39599315 5.49551510 20.72548148 11.44523592 5.63776695 15.14328864 21.84691108 13.57599286 10.11612705
16.35346759 14.54203289 12.07798063 18.04944215 9.72241382 9.03755968 7.50679363 16.95777018 4.54449456 8.70131224 15.24698829 0.00000000 19.69855093 5.44007997 4.69968639 11.96665357 6.71197638 7.19346084 9.13895560 16.94281456
14.84436594 17.26220960 24.49581719 10.51558176 14.82665117 25.55776774 16.62524198 7.95334848 23.51046332 11.28055800 5.46634843 19.81838912 0.00000000 24.96543450 15.68518894 8.65320044 19.01476683 25.17653606 14.63173946 7.13961731
21.76636194 18.67398130 13.08709769 23.46233651 15.13530817 7.23073257 12.55837209 22.37066453 4.74783643 14.11420659 20.54929100 5.41289435 24.81841069 0.00000000 9.11655508 16.38352227 7.72248621 4.27008965 13.16858584 20.43077275
15.64423995 15.76649166 16.44962703 17.12262819 10.51358813 13.81587790 10.81459758 14.69946981 9.32281278 5.78350340 11.43273592 4.83619124 15.70185561 9.28024556 0.00000000 7.34504104 4.81337224 10.98749547 6.11099129 12.61680981
16.37443503 16.59939391 20.52980655 14.88825236 12.22377763 21.08492842 13.39610072 10.97291613 16.59186330 7.31094274 5.62735028 12.10524176 8.67195044 16.54929608 7.34712437 0.00000000 10.60940963 17.25781842 8.61434897 7.39312871
19.81205507 19.93430678 18.90771186 21.29044332 14.71086754 14.41506974 13.53004780 18.86728494 10.47859535 9.95131852 15.11203864 6.82973123 19.01268349 7.86742669 4.79462224 10.58857630 0.00000000 6.86028120 5.75487101 13.52937803
23.66884996 21.85407349 17.23860093 25.36482452 17.03779619 11.38223581 14.81883422 24.27315255 8.99033609 16.01669461 21.81982775 7.31538236 25.17861939 4.41919679 10.97291214 17.24115175 6.86444787 0.00000000 11.65066998 18.06212876
20.08999451 20.21224622 21.33885775 21.56838275 15.04193992 17.85749199 15.58421728 18.89447537 13.36442687 10.22925796 13.54890952 9.26087712 14.63382279 13.31769298 6.09640795 8.59768230 5.75903768 11.65066998 0.00000000 7.83957325
21.81398587 22.08724664 26.19922039 17.51013619 17.71163036 25.63614094 18.90003053 15.06983911 21.14307583 13.03232464 10.06383371 17.03952607 7.11649063 20.55466989 12.57701647 7.35125204 13.50833469 18.03691875 7.81436324 0.00000000
