0.106 0.112 0.118 0.124 0.131 0.137 0.143 0.15 0.157 0.166 0.177 0.192 0.211 0.236 0.269 0.31 0.357 0.397 0.413 0.395 0.352 0.303 0.259 0.224 0.197 0.175 0.158 0.144 0.133 0.123
0.113 0.121 0.128 0.136 0.144 0.151 0.158 0.165 0.173 0.182 0.195 0.212 0.237 0.271 0.322 0.395 0.492 0.595 0.642 0.592 0.487 0.386 0.311 0.257 0.22 0.192 0.171 0.155 0.142 0.131
0.122 0.131 0.141 0.151 0.161 0.169 0.176 0.183 0.191 0.201 0.214 0.234 0.264 0.309 0.383 0.507 0.718 1.023 1.212 1.02 0.71 0.496 0.369 0.292 0.243 0.21 0.185 0.166 0.151 0.139
0.133 0.145 0.158 0.172 0.184 0.194 0.201 0.207 0.213 0.221 0.235 0.256 0.29 0.345 0.441 0.627 1.041 2.042 3.183 2.037 1.032 0.614 0.424 0.325 0.266 0.227 0.199 0.178 0.161 0.147
0.145 0.162 0.181 0.201 0.219 0.232 0.238 0.24 0.241 0.246 0.257 0.279 0.314 0.373 0.479 0.697 1.253 3.206 7.865 3.2 1.241 0.68 0.458 0.348 0.285 0.243 0.214 0.191 0.172 0.157
0.16 0.184 0.213 0.246 0.277 0.296 0.298 0.288 0.278 0.275 0.282 0.301 0.336 0.393 0.491 0.678 1.092 2.09 3.229 2.08 1.073 0.653 0.463 0.362 0.301 0.26 0.229 0.205 0.184 0.167
0.176 0.21 0.258 0.32 0.386 0.424 0.409 0.365 0.328 0.31 0.309 0.325 0.358 0.409 0.489 0.615 0.825 1.125 1.308 1.109 0.795 0.578 0.449 0.371 0.318 0.28 0.248 0.222 0.199 0.179
0.193 0.24 0.317 0.443 0.624 0.741 0.648 0.492 0.393 0.348 0.338 0.353 0.385 0.435 0.499 0.579 0.672 0.763 0.796 0.733 0.62 0.516 0.439 0.384 0.342 0.306 0.274 0.244 0.216 0.193
0.207 0.267 0.378 0.619 1.19 1.842 1.215 0.672 0.461 0.385 0.367 0.384 0.426 0.485 0.552 0.61 0.645 0.656 0.639 0.597 0.542 0.49 0.449 0.416 0.385 0.35 0.312 0.274 0.239 0.209
0.215 0.28 0.41 0.731 1.836 4.458 1.862 0.786 0.498 0.408 0.393 0.421 0.485 0.583 0.695 0.765 0.751 0.686 0.618 0.564 0.525 0.501 0.491 0.484 0.466 0.426 0.372 0.317 0.268 0.229
0.214 0.275 0.387 0.629 1.201 1.854 1.229 0.687 0.481 0.412 0.411 0.459 0.567 0.763 1.052 1.242 1.091 0.837 0.669 0.581 0.544 0.547 0.583 0.63 0.64 0.577 0.474 0.379 0.305 0.252
0.208 0.257 0.335 0.463 0.646 0.765 0.674 0.523 0.431 0.401 0.418 0.49 0.654 1.032 1.944 2.987 1.976 1.096 0.748 0.615 0.582 0.624 0.752 0.965 1.09 0.914 0.649 0.462 0.347 0.275
0.2 0.236 0.286 0.351 0.42 0.46 0.449 0.411 0.383 0.381 0.414 0.499 0.693 1.198 2.967 7.176 2.997 1.261 0.79 0.639 0.619 0.71 1.003 1.774 2.662 1.724 0.902 0.551 0.385 0.294
0.192 0.22 0.253 0.29 0.324 0.346 0.352 0.348 0.347 0.36 0.398 0.479 0.646 1.025 1.935 2.978 1.967 1.09 0.75 0.634 0.635 0.759 1.169 2.704 6.406 2.652 1.065 0.598 0.406 0.305
0.188 0.211 0.235 0.26 0.282 0.298 0.307 0.313 0.322 0.34 0.375 0.439 0.552 0.748 1.034 1.22 1.068 0.819 0.666 0.608 0.627 0.739 1.043 1.816 2.702 1.758 0.928 0.571 0.401 0.306
0.188 0.209 0.23 0.25 0.267 0.28 0.289 0.297 0.307 0.323 0.351 0.396 0.465 0.56 0.664 0.723 0.701 0.638 0.591 0.582 0.615 0.697 0.847 1.063 1.179 0.988 0.705 0.504 0.378 0.298
0.193 0.215 0.237 0.256 0.272 0.283 0.289 0.294 0.301 0.312 0.332 0.362 0.403 0.453 0.502 0.534 0.544 0.541 0.547 0.575 0.629 0.702 0.776 0.823 0.804 0.703 0.567 0.445 0.353 0.286
0.204 0.231 0.258 0.283 0.3 0.307 0.306 0.304 0.303 0.308 0.32 0.339 0.365 0.394 0.424 0.45 0.471 0.495 0.535 0.603 0.705 0.824 0.894 0.86 0.753 0.626 0.508 0.409 0.332 0.274
0.222 0.26 0.302 0.341 0.364 0.363 0.347 0.328 0.315 0.311 0.315 0.326 0.344 0.364 0.387 0.41 0.438 0.478 0.545 0.668 0.885 1.205 1.407 1.21 0.885 0.648 0.495 0.391 0.318 0.264
0.247 0.306 0.383 0.465 0.509 0.486 0.427 0.372 0.337 0.321 0.317 0.324 0.336 0.353 0.372 0.394 0.425 0.474 0.564 0.749 1.175 2.212 3.397 2.203 1.153 0.708 0.499 0.381 0.306 0.254
0.276 0.37 0.527 0.75 0.894 0.772 0.57 0.436 0.366 0.335 0.325 0.329 0.341 0.357 0.375 0.395 0.423 0.472 0.569 0.783 1.352 3.377 8.218 3.361 1.319 0.729 0.49 0.367 0.293 0.243
0.302 0.439 0.737 1.447 2.258 1.469 0.781 0.506 0.394 0.35 0.338 0.345 0.361 0.381 0.399 0.415 0.433 0.47 0.549 0.725 1.142 2.172 3.35 2.151 1.1 0.658 0.454 0.343 0.276 0.23
0.311 0.47 0.867 2.244 5.518 2.266 0.911 0.539 0.408 0.361 0.354 0.372 0.403 0.438 0.461 0.466 0.463 0.472 0.515 0.617 0.816 1.119 1.304 1.095 0.765 0.536 0.397 0.312 0.255 0.216
0.296 0.433 0.731 1.441 2.251 1.463 0.776 0.504 0.399 0.365 0.374 0.414 0.484 0.564 0.609 0.586 0.53 0.489 0.484 0.519 0.593 0.68 0.715 0.652 0.534 0.422 0.338 0.277 0.233 0.2
0.265 0.358 0.513 0.736 0.88 0.759 0.56 0.432 0.373 0.363 0.394 0.475 0.631 0.865 1.015 0.881 0.664 0.527 0.465 0.451 0.463 0.481 0.481 0.45 0.396 0.337 0.286 0.244 0.211 0.185
0.229 0.286 0.362 0.442 0.486 0.465 0.409 0.362 0.341 0.353 0.407 0.539 0.85 1.612 2.485 1.624 0.874 0.574 0.452 0.403 0.385 0.376 0.365 0.343 0.312 0.277 0.244 0.215 0.191 0.17
0.198 0.233 0.272 0.309 0.331 0.331 0.318 0.307 0.309 0.335 0.403 0.561 0.981 2.467 6.013 2.475 0.998 0.584 0.431 0.364 0.332 0.313 0.297 0.279 0.258 0.235 0.212 0.191 0.173 0.157
0.172 0.194 0.218 0.239 0.253 0.259 0.261 0.265 0.278 0.309 0.373 0.51 0.824 1.585 2.456 1.591 0.835 0.526 0.392 0.327 0.292 0.27 0.253 0.237 0.22 0.204 0.187 0.172 0.157 0.144
0.152 0.167 0.183 0.197 0.208 0.216 0.223 0.232 0.248 0.276 0.328 0.419 0.578 0.812 0.958 0.816 0.586 0.429 0.34 0.288 0.257 0.236 0.22 0.206 0.193 0.18 0.167 0.155 0.144 0.134
0.136 0.147 0.158 0.169 0.178 0.186 0.195 0.205 0.22 0.243 0.279 0.333 0.407 0.485 0.523 0.488 0.412 0.34 0.287 0.251 0.227 0.209 0.195 0.183 0.172 0.162 0.151 0.142 0.133 0.124
