0.00000000 109.04163056 129.32590181 120.32590181 142.91168825 110.11269837 80.69848481 120.04163056 80.97056275 102.35533906 134.18376618 131.32590181 198.74011537 160.53910524 175.98275606 232.74011537 218.36753237 220.56854249 212.26702730
109.04163056 0.00000000 46.28427125 153.22539674 175.81118318 22.72792206 113.59797975 57.18376618 36.07106781 135.25483400 93.87005769 163.39696962 230.81118318 129.59797975 193.99494937 238.65180362 187.42640687 226.48023074 213.89444430
129.32590181 46.28427125 0.00000000 173.50966799 196.09545443 22.72792206 133.88225099 31.97056275 60.69848481 155.53910524 112.39696962 183.68124087 251.09545443 148.12489168 212.52186130 257.17871555 205.95331881 245.00714267 232.42135624
120.32590181 153.22539674 173.50966799 0.00000000 29.31370850 154.29646456 44.31370850 164.22539674 125.15432893 27.82842712 168.81118318 106.88225099 174.29646456 198.09545443 151.53910524 208.29646456 245.13708499 196.12489168 233.37972568
142.91168825 175.81118318 196.09545443 29.31370850 0.00000000 176.88225099 66.89949494 186.81118318 147.74011537 39.72792206 191.39696962 129.46803743 196.88225099 220.68124087 174.12489168 230.88225099 267.72287143 218.71067812 255.96551211
110.11269837 22.72792206 22.72792206 154.29646456 176.88225099 0.00000000 114.66904756 34.45584412 37.97056275 136.32590181 94.94112550 164.46803743 231.88225099 130.66904756 195.06601718 239.72287143 188.49747468 227.55129855 214.96551211
80.69848481 113.59797975 133.88225099 44.31370850 66.89949494 114.66904756 0.00000000 124.59797975 85.52691193 31.31370850 129.18376618 73.49747468 140.91168825 158.46803743 118.15432893 174.91168825 205.50966799 162.74011537 193.75230868
120.04163056 57.18376618 31.97056275 164.22539674 186.81118318 34.45584412 124.59797975 0.00000000 58.24264069 146.25483400 103.11269837 174.39696962 241.81118318 138.84062043 203.23759005 247.89444430 196.66904756 235.72287143 223.13708499
80.97056275 36.07106781 60.69848481 125.15432893 147.74011537 37.97056275 85.52691193 58.24264069 0.00000000 107.18376618 75.69848481 135.32590181 202.74011537 111.42640687 165.33809512 209.99494937 169.25483400 197.82337649 195.72287143
102.35533906 135.25483400 155.53910524 27.82842712 39.72792206 136.32590181 31.31370850 146.25483400 107.18376618 0.00000000 150.84062043 88.91168825 156.32590181 180.12489168 133.56854249 190.32590181 227.16652224 178.15432893 215.40916293
134.18376618 93.87005769 112.39696962 168.81118318 191.39696962 94.94112550 129.18376618 103.11269837 75.69848481 150.84062043 0.00000000 178.98275606 225.26702730 78.79898987 193.78174593 238.43860018 136.62741700 226.26702730 164.75230868
131.32590181 163.39696962 183.68124087 106.88225099 129.46803743 164.46803743 73.49747468 174.39696962 135.32590181 88.91168825 178.98275606 0.00000000 107.69848481 208.26702730 84.94112550 141.69848481 235.99494937 129.52691193 165.16652224
198.74011537 230.81118318 251.09545443 174.29646456 196.88225099 231.88225099 140.91168825 241.81118318 202.74011537 156.32590181 225.26702730 107.69848481 0.00000000 229.96551211 62.89949494 122.14213562 257.55129855 109.97056275 149.75230868
160.53910524 129.59797975 148.12489168 198.09545443 220.68124087 130.66904756 158.46803743 138.84062043 111.42640687 180.12489168 78.79898987 208.26702730 229.96551211 0.00000000 197.89444430 237.48023074 86.45584412 225.30865787 116.33809512
175.98275606 193.99494937 212.52186130 151.53910524 174.12489168 195.06601718 118.15432893 203.23759005 165.33809512 133.56854249 193.78174593 84.94112550 62.89949494 197.89444430 0.00000000 87.72792206 225.48023074 75.55634919 117.68124087
232.74011537 238.65180362 257.17871555 208.29646456 230.88225099 239.72287143 174.91168825 247.89444430 209.99494937 190.32590181 238.43860018 141.69848481 122.14213562 237.48023074 87.72792206 0.00000000 265.06601718 48.65685425 157.26702730
218.36753237 187.42640687 205.95331881 245.13708499 267.72287143 188.49747468 205.50966799 196.66904756 169.25483400 227.16652224 136.62741700 235.99494937 257.55129855 86.45584412 225.48023074 265.06601718 0.00000000 252.89444430 143.92388155
220.56854249 226.48023074 245.00714267 196.12489168 218.71067812 227.55129855 162.74011537 235.72287143 197.82337649 178.15432893 226.26702730 129.52691193 109.97056275 225.30865787 75.55634919 48.65685425 252.89444430 0.00000000 145.09545443
212.26702730 213.89444430 232.42135624 233.37972568 255.96551211 214.96551211 193.75230868 223.13708499 195.72287143 215.40916293 164.75230868 165.16652224 149.75230868 116.33809512 117.68124087 157.26702730 143.92388155 145.09545443 0.00000000
