0.00000000 38.53201628 45.58572057 46.13316224 51.22553717 39.10156191 38.80589030 49.81450584 33.38891246 44.49279704 57.04361847 52.40946394 75.11507025 63.90350955 74.79367830 97.99199293 73.27325102 93.57825901 71.63260037
38.53201628 0.00000000 11.01613982 46.25768053 51.35005547 4.58743382 39.03647757 22.67655531 6.94673948 44.61731534 29.66178888 52.90462447 75.61023079 38.25052874 76.18047135 95.29662998 47.62027021 90.88289606 61.20279964
45.58572057 11.01613982 0.00000000 53.47033184 58.56270677 6.37886870 46.24912887 9.40349725 13.92060755 51.82996664 36.27127936 60.11727578 82.82288209 44.86001922 82.90750250 102.02366114 54.22976070 97.60992721 67.81229013
46.13316224 46.25768053 53.47033184 0.00000000 4.77898996 46.82722616 8.46419888 57.80579352 41.04130021 9.92188094 62.73290809 25.30370103 48.08099375 66.51244360 47.75960179 70.95791642 64.23232794 66.54418250 66.58721738
51.22553717 51.35005547 58.56270677 4.77898996 0.00000000 51.91960110 13.55657381 62.89816846 46.13367514 12.79538894 67.82528303 30.39607596 53.17336868 71.60481853 52.85197672 76.05029136 69.32470287 71.63655743 71.67959231
39.10156191 4.58743382 6.37886870 46.82722616 51.91960110 0.00000000 39.60602320 18.24347142 7.70523873 45.18686097 30.23133451 53.47417010 76.17977642 38.82007437 76.75001698 95.86617561 48.18981584 91.45244169 61.77234527
38.80589030 39.03647757 46.24912887 8.46419888 13.55657381 39.60602320 0.00000000 50.58459056 33.82009725 8.25842663 55.51170513 19.21610671 41.99339942 59.29124064 41.67200747 64.87032210 57.01112498 60.45658818 59.36601442
49.81450584 22.67655531 9.40349725 57.80579352 62.89816846 18.24347142 50.58459056 0.00000000 21.03461407 56.16542833 40.48213951 64.45273746 87.15834378 49.07087937 87.11836265 106.23452128 58.44062084 101.82078736 72.02315027
33.38891246 6.94673948 13.92060755 41.04130021 46.13367514 7.70523873 33.82009725 21.03461407 0.00000000 39.40093501 28.51532874 47.68824415 70.39385047 36.80966340 70.79166703 89.90782567 46.17940488 85.49409174 59.76193431
44.49279704 44.61731534 51.82996664 9.92188094 12.79538894 45.18686097 8.25842663 56.16542833 39.40093501 0.00000000 61.09254290 23.66333584 46.44062855 64.87207841 46.11923659 69.31755123 62.59196274 64.90381730 64.94685218
57.04361847 29.66178888 36.27127936 62.73290809 67.82528303 30.23133451 55.51170513 40.48213951 28.51532874 61.09254290 0.00000000 69.37985203 95.06173451 16.75994922 91.49995159 110.61611022 26.12969070 106.20237630 39.27856257
52.40946394 52.90462447 60.11727578 25.30370103 30.39607596 53.47417010 19.21610671 64.45273746 47.68824415 23.66333584 69.37985203 0.00000000 28.58462214 73.15938754 28.26323019 51.46154482 77.86971266 47.04781090 66.45974228
75.11507025 75.61023079 82.82288209 48.08099375 53.17336868 76.17977642 41.99339942 87.15834378 70.39385047 46.44062855 95.06173451 28.58462214 0.00000000 68.36805914 20.43515648 41.99644724 72.17591596 37.47614330 60.79150715
63.90350955 38.25052874 44.86001922 66.51244360 71.60481853 38.82007437 59.29124064 49.07087937 36.80966340 64.87207841 16.75994922 73.15938754 68.36805914 0.00000000 65.13961182 84.69629844 13.66560807 81.06028892 27.13858177
74.79367830 76.18047135 82.90750250 47.75960179 52.85197672 76.75001698 41.67200747 87.11836265 70.79166703 46.11923659 91.49995159 28.26323019 20.43515648 65.13961182 0.00000000 37.05279213 68.94746863 32.53248819 57.56305982
97.99199293 95.29662998 102.02366114 70.95791642 76.05029136 95.86617561 64.87032210 106.23452128 89.90782567 69.31755123 110.61611022 51.46154482 41.99644724 84.69629844 37.05279213 0.00000000 88.50415526 14.14073601 77.11974645
73.27325102 47.62027021 54.22976070 64.23232794 69.32470287 48.18981584 57.01112498 58.44062084 46.17940488 62.59196274 26.12969070 77.86971266 72.17591596 13.66560807 68.94746863 88.50415526 0.00000000 84.86814573 30.94643859
93.57825901 90.88289606 97.60992721 66.54418250 71.63655743 91.45244169 60.45658818 101.82078736 85.49409174 64.90381730 106.20237630 47.04781090 37.47614330 81.06028892 32.53248819 14.14073601 84.86814573 0.00000000 73.48373692
71.63260037 61.20279964 67.81229013 66.58721738 71.67959231 61.77234527 59.36601442 72.02315027 59.76193431 64.94685218 39.27856257 66.45974228 60.79150715 27.13858177 57.56305982 77.11974645 30.94643859 73.48373692 0.00000000
