0.00000000 60.84056002 72.07230603 65.18548808 74.53526379 61.97400430 46.43009774 70.10461047 47.91840056 57.31730991 74.95941152 69.83016833 105.80048382 89.53756238 95.07048698 128.48431071 113.56656119 120.26332974 110.48477958
60.84056002 0.00000000 23.34457494 77.42492211 86.77469782 11.19124714 58.72256626 32.88541681 18.07470149 69.55674393 48.17115241 82.00639534 117.97671082 64.82942601 106.16871931 133.61029952 88.85842482 125.38931855 101.33665474
72.07230603 23.34457494 0.00000000 88.51708080 97.86685651 12.07052596 69.81472495 17.10361398 31.02160553 80.64890263 58.62089670 93.09855404 129.06886952 75.27917029 116.65014235 144.09172256 99.30816910 135.87074159 111.78639903
65.18548808 77.42492211 88.51708080 0.00000000 13.47467976 78.55836639 22.20104222 86.55679143 64.67327724 15.47213939 88.75057308 51.63867940 87.64483808 101.75555637 76.91484125 110.32866498 123.77785929 102.10768401 117.32744899
74.53526379 86.77469782 97.86685651 13.47467976 0.00000000 87.90814210 31.55081793 95.90656715 74.02305296 20.43298989 98.10034879 60.98845512 96.99461380 111.10533208 86.26461696 119.67844069 133.12763500 111.45745972 126.67722470
61.97400430 11.19124714 12.07052596 78.55836639 87.90814210 0.00000000 59.85601054 21.90371291 19.31716611 70.69018821 49.30459669 83.13983962 119.11015511 65.96287029 107.30216359 134.74374380 89.99186910 126.52276283 102.47009902
46.43009774 58.72256626 69.81472495 22.20104222 31.55081793 59.85601054 0.00000000 67.85443559 45.97092140 16.06605670 70.04821723 35.30013567 71.30629435 83.05320052 60.57629751 93.99012124 105.07550344 85.76914028 98.62509314
70.10461047 32.88541681 17.10361398 86.55679143 95.90656715 21.90371291 67.85443559 0.00000000 32.78491558 78.68861326 56.64626652 91.13826467 127.10858015 73.30454011 114.67551217 142.11709238 97.33353892 133.89611141 109.81176885
47.91840056 18.07470149 31.02160553 64.67327724 74.02305296 19.31716611 45.97092140 32.78491558 0.00000000 56.80509907 40.09755270 69.25475048 105.22506596 56.74141533 93.74958398 121.19116419 80.77041414 112.97018322 93.24864407
57.31730991 69.55674393 80.64890263 15.47213939 20.43298989 70.69018821 16.06605670 78.68861326 56.80509907 0.00000000 80.88239491 43.77050123 79.77665991 93.88737820 69.04666307 102.46048680 115.90968112 94.23950584 109.45927081
74.95941152 48.17115241 58.62089670 88.75057308 98.10034879 49.30459669 70.04821723 56.64626652 40.09755270 80.88239491 0.00000000 93.33204632 125.60892334 35.42347259 110.78277274 138.22435295 59.45247140 130.00337198 72.21092882
69.83016833 82.00639534 93.09855404 51.63867940 60.98845512 83.13983962 35.30013567 91.13826467 69.25475048 43.77050123 93.33204632 0.00000000 55.24663984 106.33702961 44.51664300 77.93046673 124.51605889 69.70948576 89.14179646
105.80048382 117.97671082 129.06886952 87.64483808 96.99461380 119.11015511 71.30629435 127.10858015 105.22506596 79.77665991 125.60892334 55.24663984 0.00000000 114.62927913 35.67843818 70.95712250 127.06705493 62.76851727 83.68891468
89.53756238 64.82942601 75.27917029 101.75555637 111.10533208 65.96287029 83.05320052 73.30454011 56.74141533 93.88737820 35.42347259 106.33702961 114.62927913 0.00000000 99.67214481 125.53626259 39.31643183 117.30653909 52.57289500
95.07048698 106.16871931 116.65014235 76.91484125 86.26461696 107.30216359 60.57629751 114.67551217 93.74958398 69.04666307 110.78277274 44.51664300 35.67843818 99.67214481 0.00000000 54.21496240 112.10992061 46.02635717 68.73178036
128.48431071 133.61029952 144.09172256 110.32866498 119.67844069 134.74374380 93.99012124 142.11709238 121.19116419 102.46048680 138.22435295 77.93046673 70.95712250 125.53626259 54.21496240 0.00000000 137.97403838 27.84650075 94.59589814
113.56656119 88.85842482 99.30816910 123.77785929 133.12763500 89.99186910 105.07550344 97.33353892 80.77041414 115.90968112 59.45247140 124.51605889 127.06705493 39.31643183 112.10992061 137.97403838 0.00000000 129.74431488 65.01067079
120.26332974 125.38931855 135.87074159 102.10768401 111.45745972 126.52276283 85.76914028 133.89611141 112.97018322 94.23950584 130.00337198 69.70948576 62.76851727 117.30653909 46.02635717 27.84650075 129.74431488 0.00000000 86.36617464
110.48477958 101.33665474 111.78639903 117.32744899 126.67722470 102.47009902 98.62509314 109.81176885 93.24864407 109.45927081 72.21092882 89.14179646 83.68891468 52.57289500 68.73178036 94.59589814 65.01067079 86.36617464 0.00000000
