0.00000000 36.31370850 29.48528137 8.41421356 45.65685425 6.65685425 25.48528137 17.24264069 31.65685425 12.41421356 21.48528137 36.07106781 22.24264069 23.07106781 16.82842712 45.07106781 29.65685425 23.07106781 36.72792206 37.07106781 51.14213562 49.72792206 40.31370850 55.38477631 53.72792206 60.14213562 45.14213562 57.55634919 55.79898987 61.62741700 50.97056275 62.97056275 59.14213562 68.45584412 56.79898987 67.38477631 72.28427125 65.55634919 67.45584412 62.62741700
36.31370850 0.00000000 6.82842712 43.31370850 11.00000000 27.89949494 11.41421356 40.72792206 9.82842712 27.89949494 45.31370850 13.65685425 18.65685425 42.55634919 32.31370850 22.65685425 23.48528137 28.31370850 20.41421356 42.31370850 67.55634919 35.31370850 56.72792206 71.79898987 39.31370850 45.72792206 61.55634919 42.31370850 72.21320344 64.38477631 67.38477631 47.72792206 44.72792206 55.55634919 73.21320344 52.14213562 53.97056275 51.14213562 67.04163056 79.04163056
29.48528137 6.82842712 0.00000000 36.48528137 17.82842712 21.07106781 6.82842712 33.89949494 13.82842712 21.07106781 38.48528137 20.48528137 11.82842712 35.72792206 25.48528137 29.48528137 16.65685425 21.48528137 23.48528137 35.48528137 60.72792206 36.14213562 49.89949494 64.97056275 40.14213562 46.55634919 54.72792206 43.97056275 65.38477631 71.21320344 60.55634919 49.38477631 45.55634919 56.38477631 66.38477631 53.79898987 54.79898987 51.97056275 77.04163056 72.21320344
8.41421356 43.31370850 36.48528137 0.00000000 52.65685425 13.65685425 32.48528137 8.82842712 38.65685425 15.65685425 13.07106781 43.07106781 29.24264069 14.65685425 21.48528137 52.07106781 36.65685425 30.07106781 43.72792206 26.31370850 42.72792206 56.72792206 31.89949494 46.97056275 60.72792206 63.04163056 36.72792206 64.55634919 47.38477631 53.21320344 42.55634919 69.97056275 72.52691193 60.04163056 48.38477631 77.69848481 63.87005769 76.11269837 59.04163056 54.21320344
45.65685425 11.00000000 17.82842712 52.65685425 0.00000000 37.24264069 16.41421356 50.07106781 13.41421356 37.24264069 54.65685425 10.41421356 23.41421356 51.89949494 41.65685425 16.82842712 22.82842712 37.65685425 27.65685425 51.65685425 63.38477631 31.48528137 66.07106781 57.97056275 35.48528137 41.89949494 70.89949494 38.48528137 59.55634919 60.55634919 76.72792206 43.89949494 40.89949494 51.72792206 78.45584412 48.31370850 50.14213562 47.31370850 63.21320344 72.62741700
6.65685425 27.89949494 21.07106781 13.65685425 37.24264069 0.00000000 17.07106781 22.48528137 23.24264069 8.82842712 26.72792206 27.65685425 13.82842712 28.31370850 14.65685425 36.65685425 21.24264069 13.82842712 28.31370850 28.65685425 46.14213562 41.31370850 35.31370850 50.38477631 45.31370850 51.72792206 40.14213562 49.14213562 50.79898987 56.62741700 45.97056275 54.55634919 50.72792206 63.45584412 51.79898987 58.97056275 67.28427125 57.14213562 62.45584412 57.62741700
25.48528137 11.41421356 6.82842712 32.48528137 16.41421356 17.07106781 0.00000000 29.89949494 11.00000000 17.07106781 34.48528137 15.41421356 6.41421356 31.72792206 21.48528137 24.41421356 11.24264069 17.48528137 18.07106781 31.48528137 56.72792206 30.72792206 45.89949494 60.97056275 34.72792206 41.14213562 50.72792206 38.55634919 61.38477631 67.21320344 56.55634919 43.97056275 40.14213562 50.97056275 62.38477631 48.38477631 49.38477631 46.55634919 73.04163056 68.21320344
17.24264069 40.72792206 33.89949494 8.82842712 50.07106781 22.48528137 29.89949494 0.00000000 36.07106781 12.82842712 5.41421356 40.48528137 26.65685425 5.82842712 13.48528137 49.48528137 34.07106781 19.48528137 40.31370850 17.48528137 33.89949494 53.31370850 23.07106781 38.14213562 65.45584412 54.21320344 27.89949494 76.69848481 38.55634919 44.38477631 33.72792206 73.28427125 63.69848481 51.21320344 39.55634919 68.87005769 55.04163056 67.28427125 50.21320344 45.38477631
31.65685425 9.82842712 13.82842712 38.65685425 13.41421356 23.24264069 11.00000000 36.07106781 0.00000000 23.24264069 40.65685425 5.82842712 9.41421356 37.89949494 27.65685425 14.82842712 9.41421356 23.65685425 12.82842712 37.65685425 62.89949494 27.48528137 52.07106781 53.97056275 31.48528137 37.89949494 56.89949494 34.48528137 55.55634919 56.55634919 62.72792206 39.89949494 36.89949494 47.72792206 68.55634919 44.31370850 46.14213562 43.31370850 59.21320344 68.62741700
12.41421356 27.89949494 21.07106781 15.65685425 37.24264069 8.82842712 17.07106781 12.82842712 23.24264069 0.00000000 17.41421356 27.65685425 13.82842712 14.65685425 5.82842712 36.65685425 21.24264069 7.82842712 27.48528137 14.65685425 37.31370850 40.48528137 26.48528137 41.55634919 44.48528137 50.89949494 31.31370850 48.31370850 41.97056275 47.79898987 37.14213562 53.72792206 49.89949494 54.62741700 42.97056275 58.14213562 58.45584412 56.31370850 53.62741700 48.79898987
21.48528137 45.31370850 38.48528137 13.07106781 54.65685425 26.72792206 34.48528137 5.41421356 40.65685425 17.41421356 0.00000000 45.07106781 31.24264069 5.82842712 16.07106781 54.07106781 38.65685425 24.89949494 44.89949494 17.48528137 31.07106781 57.89949494 20.82842712 35.31370850 62.62741700 51.38477631 25.07106781 73.87005769 35.72792206 41.55634919 30.89949494 70.45584412 60.87005769 48.38477631 36.72792206 66.04163056 52.21320344 64.45584412 47.38477631 42.55634919
36.07106781 13.65685425 20.48528137 43.07106781 10.41421356 27.65685425 15.41421356 40.48528137 5.82842712 27.65685425 45.07106781 0.00000000 13.82842712 42.31370850 32.07106781 9.00000000 13.24264069 28.07106781 13.24264069 42.07106781 53.55634919 21.65685425 56.48528137 48.14213562 25.65685425 32.07106781 61.31370850 28.65685425 49.72792206 50.72792206 60.55634919 34.07106781 31.07106781 41.89949494 68.62741700 38.48528137 40.31370850 37.48528137 53.38477631 62.79898987
22.24264069 18.65685425 11.82842712 29.24264069 23.41421356 13.82842712 6.41421356 26.65685425 9.41421356 13.82842712 31.24264069 13.82842712 0.00000000 28.48528137 18.24264069 22.82842712 7.41421356 14.24264069 14.24264069 28.24264069 53.48528137 31.48528137 42.65685425 57.72792206 35.48528137 41.89949494 47.48528137 39.31370850 58.14213562 63.97056275 53.31370850 44.72792206 40.89949494 51.72792206 59.14213562 49.14213562 50.14213562 47.31370850 69.79898987 64.97056275
23.07106781 42.55634919 35.72792206 14.65685425 51.89949494 28.31370850 31.72792206 5.82842712 37.89949494 14.65685425 5.82842712 42.31370850 28.48528137 0.00000000 10.82842712 51.31370850 35.89949494 19.65685425 42.14213562 11.65685425 28.07106781 55.14213562 17.24264069 32.31370850 59.62741700 48.38477631 22.07106781 70.87005769 32.72792206 38.55634919 27.89949494 67.45584412 57.87005769 45.38477631 33.72792206 63.04163056 49.21320344 61.45584412 44.38477631 39.55634919
16.82842712 32.31370850 25.48528137 21.48528137 41.65685425 14.65685425 21.48528137 13.48528137 27.65685425 5.82842712 16.07106781 32.07106781 18.24264069 10.82842712 0.00000000 41.07106781 25.65685425 8.82842712 31.89949494 8.82842712 31.48528137 44.89949494 20.65685425 35.72792206 48.89949494 51.79898987 25.48528137 52.72792206 36.14213562 41.97056275 31.31370850 70.87005769 61.28427125 48.79898987 37.14213562 66.45584412 52.62741700 64.87005769 47.79898987 42.97056275
45.07106781 22.65685425 29.48528137 52.07106781 16.82842712 36.65685425 24.41421356 49.48528137 14.82842712 36.65685425 54.07106781 9.00000000 22.82842712 51.31370850 41.07106781 0.00000000 18.48528137 37.07106781 14.82842712 51.07106781 49.97056275 18.07106781 65.04163056 44.55634919 22.07106781 28.48528137 67.28427125 25.07106781 46.14213562 47.14213562 56.97056275 30.48528137 27.48528137 38.31370850 65.04163056 34.89949494 36.72792206 33.89949494 49.79898987 59.21320344
29.65685425 23.48528137 16.65685425 36.65685425 22.82842712 21.24264069 11.24264069 34.07106781 9.41421356 21.24264069 38.65685425 13.24264069 7.41421356 35.89949494 25.65685425 18.48528137 0.00000000 21.65685425 7.41421356 35.65685425 51.97056275 20.07106781 50.07106781 46.55634919 24.07106781 30.48528137 54.89949494 27.89949494 48.14213562 49.14213562 60.72792206 33.31370850 29.48528137 40.31370850 66.55634919 37.72792206 38.72792206 35.89949494 51.79898987 61.21320344
23.07106781 28.31370850 21.48528137 30.07106781 37.65685425 13.82842712 17.48528137 19.48528137 23.65685425 7.82842712 24.89949494 28.07106781 14.24264069 19.65685425 8.82842712 37.07106781 21.65685425 0.00000000 27.89949494 13.41421356 38.65685425 40.89949494 27.82842712 42.89949494 44.89949494 58.97056275 32.65685425 48.72792206 43.31370850 49.14213562 38.48528137 54.14213562 50.31370850 55.97056275 44.31370850 58.55634919 59.79898987 72.04163056 54.97056275 50.14213562
36.72792206 20.41421356 23.48528137 43.72792206 27.65685425 28.31370850 18.07106781 40.31370850 12.82842712 27.48528137 44.89949494 13.24264069 14.24264069 42.14213562 31.89949494 14.82842712 7.41421356 27.89949494 0.00000000 41.89949494 45.72792206 13.82842712 56.31370850 40.31370850 17.82842712 24.24264069 61.14213562 21.65685425 41.89949494 42.89949494 52.72792206 27.07106781 23.24264069 34.07106781 60.79898987 31.48528137 32.48528137 29.65685425 45.55634919 54.97056275
37.07106781 42.31370850 35.48528137 26.31370850 51.65685425 28.65685425 31.48528137 17.48528137 37.65685425 14.65685425 17.48528137 42.07106781 28.24264069 11.65685425 8.82842712 51.07106781 35.65685425 13.41421356 41.89949494 0.00000000 25.82842712 54.89949494 15.00000000 30.07106781 57.38477631 46.14213562 19.82842712 68.62741700 30.48528137 36.31370850 25.65685425 65.21320344 55.62741700 43.14213562 31.48528137 60.79898987 46.97056275 59.21320344 42.14213562 37.31370850
51.14213562 67.55634919 60.72792206 42.72792206 63.38477631 46.14213562 56.72792206 33.89949494 62.89949494 37.31370850 31.07106781 53.55634919 53.48528137 28.07106781 31.48528137 49.97056275 51.97056275 38.65685425 45.72792206 25.82842712 0.00000000 34.48528137 16.82842712 5.41421356 33.31370850 22.07106781 19.07106781 44.55634919 9.82842712 14.24264069 19.48528137 41.14213562 31.55634919 19.07106781 26.72792206 36.72792206 22.89949494 35.14213562 22.89949494 32.31370850
49.72792206 35.31370850 36.14213562 56.72792206 31.48528137 41.31370850 30.72792206 53.31370850 27.48528137 40.48528137 57.89949494 21.65685425 31.48528137 55.14213562 44.89949494 18.07106781 20.07106781 40.89949494 13.82842712 54.89949494 34.48528137 0.00000000 49.55634919 29.07106781 6.82842712 12.41421356 51.79898987 11.24264069 30.65685425 31.65685425 41.48528137 16.07106781 12.24264069 22.82842712 49.55634919 20.48528137 21.48528137 18.65685425 34.31370850 43.72792206
40.31370850 56.72792206 49.89949494 31.89949494 66.07106781 35.31370850 45.89949494 23.07106781 52.07106781 26.48528137 20.82842712 56.48528137 42.65685425 17.24264069 20.65685425 65.04163056 50.07106781 27.82842712 56.31370850 15.00000000 16.82842712 49.55634919 0.00000000 21.07106781 48.38477631 37.14213562 7.41421356 59.62741700 21.48528137 18.48528137 11.82842712 56.21320344 46.62741700 34.14213562 19.07106781 51.79898987 37.97056275 50.21320344 33.14213562 24.89949494
55.38477631 71.79898987 64.97056275 46.97056275 57.97056275 50.38477631 60.97056275 38.14213562 53.97056275 41.55634919 35.31370850 48.14213562 57.72792206 32.31370850 35.72792206 44.55634919 46.55634919 42.89949494 40.31370850 30.07106781 5.41421356 29.07106781 21.07106781 0.00000000 27.89949494 16.65685425 23.31370850 39.14213562 5.82842712 8.82842712 16.65685425 35.72792206 26.14213562 13.65685425 32.72792206 31.31370850 17.48528137 29.72792206 17.48528137 26.89949494
53.72792206 39.31370850 40.14213562 60.72792206 35.48528137 45.31370850 34.72792206 65.45584412 31.48528137 44.48528137 62.62741700 25.65685425 35.48528137 59.62741700 48.89949494 22.07106781 24.07106781 44.89949494 17.82842712 57.38477631 33.31370850 6.82842712 48.38477631 27.89949494 0.00000000 12.41421356 50.62741700 4.41421356 29.48528137 30.48528137 40.31370850 9.24264069 7.65685425 21.31370850 48.38477631 13.65685425 16.89949494 16.65685425 33.14213562 42.55634919
60.14213562 45.72792206 46.55634919 63.04163056 41.89949494 51.72792206 41.14213562 54.21320344 37.89949494 50.89949494 51.38477631 32.07106781 41.89949494 48.38477631 51.79898987 28.48528137 30.48528137 58.97056275 24.24264069 46.14213562 22.07106781 12.41421356 37.14213562 16.65685425 12.41421356 0.00000000 39.38477631 16.00000000 18.24264069 19.24264069 29.07106781 20.82842712 11.24264069 10.41421356 37.14213562 21.24264069 15.41421356 20.48528137 21.89949494 31.31370850
45.14213562 61.55634919 54.72792206 36.72792206 70.89949494 40.14213562 50.72792206 27.89949494 56.89949494 31.31370850 25.07106781 61.31370850 47.48528137 22.07106781 25.48528137 67.28427125 54.89949494 32.65685425 61.14213562 19.82842712 19.07106781 51.79898987 7.41421356 23.31370850 50.62741700 39.38477631 0.00000000 61.87005769 14.65685425 15.07106781 7.82842712 58.45584412 48.87005769 36.38477631 11.65685425 54.04163056 40.21320344 52.45584412 26.89949494 17.48528137
57.55634919 42.31370850 43.97056275 64.55634919 38.48528137 49.14213562 38.55634919 76.69848481 34.48528137 48.31370850 73.87005769 28.65685425 39.31370850 70.87005769 52.72792206 25.07106781 27.89949494 48.72792206 21.65685425 68.62741700 44.55634919 11.24264069 59.62741700 39.14213562 4.41421356 16.00000000 61.87005769 0.00000000 40.72792206 40.89949494 51.55634919 5.41421356 10.65685425 26.65685425 58.79898987 9.82842712 22.24264069 12.82842712 43.55634919 52.97056275
55.79898987 72.21320344 65.38477631 47.38477631 59.55634919 50.79898987 61.38477631 38.55634919 55.55634919 41.97056275 35.72792206 49.72792206 58.14213562 32.72792206 36.14213562 46.14213562 48.14213562 43.31370850 41.89949494 30.48528137 9.82842712 30.65685425 21.48528137 5.82842712 29.48528137 18.24264069 14.65685425 40.72792206 0.00000000 5.00000000 10.82842712 37.31370850 27.72792206 15.24264069 17.48528137 32.89949494 19.07106781 31.31370850 12.24264069 21.65685425
61.62741700 64.38477631 71.21320344 53.21320344 60.55634919 56.62741700 67.21320344 44.38477631 56.55634919 47.79898987 41.55634919 50.72792206 63.97056275 38.55634919 41.97056275 47.14213562 49.14213562 49.14213562 42.89949494 36.31370850 14.24264069 31.65685425 18.48528137 8.82842712 30.48528137 19.24264069 15.07106781 40.89949494 5.00000000 0.00000000 11.24264069 37.48528137 27.89949494 15.41421356 16.24264069 33.07106781 19.24264069 31.48528137 9.24264069 18.65685425
50.97056275 67.38477631 60.55634919 42.55634919 76.72792206 45.97056275 56.55634919 33.72792206 62.72792206 37.14213562 30.89949494 60.55634919 53.31370850 27.89949494 31.31370850 56.97056275 60.72792206 38.48528137 52.72792206 25.65685425 19.48528137 41.48528137 11.82842712 16.65685425 40.31370850 29.07106781 7.82842712 51.55634919 10.82842712 11.24264069 0.00000000 48.14213562 38.55634919 26.07106781 12.65685425 43.72792206 29.89949494 42.14213562 16.48528137 18.48528137
62.97056275 47.72792206 49.38477631 69.97056275 43.89949494 54.55634919 43.97056275 73.28427125 39.89949494 53.72792206 70.45584412 34.07106781 44.72792206 67.45584412 70.87005769 30.48528137 33.31370850 54.14213562 27.07106781 65.21320344 41.14213562 16.07106781 56.21320344 35.72792206 9.24264069 20.82842712 58.45584412 5.41421356 37.31370850 37.48528137 48.14213562 0.00000000 14.41421356 23.24264069 55.38477631 6.41421356 18.82842712 9.41421356 40.14213562 49.55634919
59.14213562 44.72792206 45.55634919 72.52691193 40.89949494 50.72792206 40.14213562 63.69848481 36.89949494 49.89949494 60.87005769 31.07106781 40.89949494 57.87005769 61.28427125 27.48528137 29.48528137 50.31370850 23.24264069 55.62741700 31.55634919 12.24264069 46.62741700 26.14213562 7.65685425 11.24264069 48.87005769 10.65685425 27.72792206 27.89949494 38.55634919 14.41421356 0.00000000 13.65685425 45.79898987 10.00000000 9.24264069 9.24264069 30.55634919 39.97056275
68.45584412 55.55634919 56.38477631 60.04163056 51.72792206 63.45584412 50.97056275 51.21320344 47.72792206 54.62741700 48.38477631 41.89949494 51.72792206 45.38477631 48.79898987 38.31370850 40.31370850 55.97056275 34.07106781 43.14213562 19.07106781 22.82842712 34.14213562 13.65685425 21.31370850 10.41421356 36.38477631 26.65685425 15.24264069 15.41421356 26.07106781 23.24264069 13.65685425 0.00000000 33.31370850 18.82842712 5.00000000 17.24264069 18.07106781 27.48528137
56.79898987 73.21320344 66.38477631 48.38477631 78.45584412 51.79898987 62.38477631 39.55634919 68.55634919 42.97056275 36.72792206 68.62741700 59.14213562 33.72792206 37.14213562 65.04163056 66.55634919 44.31370850 60.79898987 31.48528137 26.72792206 49.55634919 19.07106781 32.72792206 48.38477631 37.14213562 11.65685425 58.79898987 17.48528137 16.24264069 12.65685425 55.38477631 45.79898987 33.31370850 0.00000000 50.97056275 37.14213562 49.38477631 15.24264069 5.82842712
67.38477631 52.14213562 53.79898987 77.69848481 48.31370850 58.97056275 48.38477631 68.87005769 44.31370850 58.14213562 66.04163056 38.48528137 49.14213562 63.04163056 66.45584412 34.89949494 37.72792206 58.55634919 31.48528137 60.79898987 36.72792206 20.48528137 51.79898987 31.31370850 13.65685425 21.24264069 54.04163056 9.82842712 32.89949494 33.07106781 43.72792206 6.41421356 10.00000000 18.82842712 50.97056275 0.00000000 14.41421356 3.00000000 35.72792206 45.14213562
72.28427125 53.97056275 54.79898987 63.87005769 50.14213562 67.28427125 49.38477631 55.04163056 46.14213562 58.45584412 52.21320344 40.31370850 50.14213562 49.21320344 52.62741700 36.72792206 38.72792206 59.79898987 32.48528137 46.97056275 22.89949494 21.48528137 37.97056275 17.48528137 16.89949494 15.41421356 40.21320344 22.24264069 19.07106781 19.24264069 29.89949494 18.82842712 9.24264069 5.00000000 37.14213562 14.41421356 0.00000000 12.82842712 21.89949494 31.31370850
65.55634919 51.14213562 51.97056275 76.11269837 47.31370850 57.14213562 46.55634919 67.28427125 43.31370850 56.31370850 64.45584412 37.48528137 47.31370850 61.45584412 64.87005769 33.89949494 35.89949494 72.04163056 29.65685425 59.21320344 35.14213562 18.65685425 50.21320344 29.72792206 16.65685425 20.48528137 52.45584412 12.82842712 31.31370850 31.48528137 42.14213562 9.41421356 9.24264069 17.24264069 49.38477631 3.00000000 12.82842712 0.00000000 34.14213562 43.55634919
67.45584412 67.04163056 77.04163056 59.04163056 63.21320344 62.45584412 73.04163056 50.21320344 59.21320344 53.62741700 47.38477631 53.38477631 69.79898987 44.38477631 47.79898987 49.79898987 51.79898987 54.97056275 45.55634919 42.14213562 22.89949494 34.31370850 33.14213562 17.48528137 33.14213562 21.89949494 26.89949494 43.55634919 12.24264069 9.24264069 16.48528137 40.14213562 30.55634919 18.07106781 15.24264069 35.72792206 21.89949494 34.14213562 0.00000000 9.41421356
62.62741700 79.04163056 72.21320344 54.21320344 72.62741700 57.62741700 68.21320344 45.38477631 68.62741700 48.79898987 42.55634919 62.79898987 64.97056275 39.55634919 42.97056275 59.21320344 61.21320344 50.14213562 54.97056275 37.31370850 32.31370850 43.72792206 24.89949494 26.89949494 42.55634919 31.31370850 17.48528137 52.97056275 21.65685425 18.65685425 18.48528137 49.55634919 39.97056275 27.48528137 5.82842712 45.14213562 31.31370850 43.55634919 9.41421356 0.00000000
