0.00000000 8.06886868 6.51711724 1.82612698 40.54461508 13.51782538 13.64264681 3.72009668 22.73461508 28.94190476 4.67676190 26.62867099 5.05838095 4.95406638 43.06405771 34.50367099 20.01250396 11.67731060 26.20295777 8.13063492 33.46163130 41.01502884 39.21937734 34.12001225 58.77773050 55.30529796 50.95472834 60.15842205 40.89038851 48.78360749 57.59084053 64.33869117 73.71189355 37.19757106 67.50840546 68.96149383 37.85290114 82.54642495 46.93621679 68.83601477
8.06886868 0.00000000 1.55175144 12.54386868 30.73000000 9.18688384 16.05526912 48.21759631 28.11485461 9.19274170 48.63464646 29.46857611 7.77997041 47.19878605 27.45653029 37.34357611 22.08522041 12.92054437 63.06916306 9.37386868 18.18724963 52.70404905 23.94499567 18.84563059 70.46675070 66.99431816 35.68034667 71.66518828 25.61600685 79.23989824 42.31645886 75.84545740 85.40091375 71.33956816 52.23402379 80.46826007 87.43929471 94.23544515 73.70476152 53.56163310
6.51711724 1.55175144 0.00000000 10.99211724 32.28175144 7.63513239 12.16545815 46.66584487 33.99567243 7.64099026 47.08289501 31.02032755 6.22821897 45.64703461 25.90477885 38.89532755 20.53346897 11.36879292 42.03332357 7.82211724 16.63549819 61.02800754 22.39324423 17.29387914 78.79070919 75.31827666 34.12859523 80.17140074 24.06425540 31.95747438 40.76470742 84.35166986 93.72487225 79.66352665 50.68227235 88.97447253 95.76325320 102.55940364 30.11008368 52.00988166
1.82612698 12.54386868 10.99211724 0.00000000 45.01961508 15.04489645 18.11764681 1.89396970 27.20961508 31.09773916 2.85063492 31.10367099 9.53338095 3.12793939 38.29943576 38.97867099 24.48750396 16.15231060 30.67795777 23.61762769 31.63550432 45.49002884 37.39325035 32.29388527 63.25273050 38.79452019 49.12860136 64.63342205 39.06426153 46.95748050 55.76471355 68.81369117 37.91628209 35.37144407 65.68227848 39.22902812 36.02677416 38.72429724 45.11008981 67.00988778
40.54461508 30.73000000 32.28175144 45.01961508 0.00000000 41.66263023 49.71276262 80.69334270 21.34280267 41.66848809 81.11039285 22.08644228 35.48623412 79.67453244 59.93227668 30.88420490 42.26767640 45.39629076 33.41145886 41.84961508 67.22095813 46.20371283 56.42074206 66.00861795 63.96641449 60.49398195 68.15609307 65.16485207 75.37956203 72.73956203 74.79220526 69.34512119 78.90057754 64.83923194 74.36826873 73.96792386 80.93895849 87.73510893 67.20442530 73.04065943
13.51782538 9.18688384 7.63513239 15.04489645 41.66263023 0.00000000 14.76066197 16.93886615 23.85263023 7.87639610 17.89553137 27.74668614 6.17639610 18.17283584 22.21935208 35.62168614 21.13051911 15.23139610 27.32097293 9.24865007 46.09139536 42.13304399 51.84914139 46.74977631 59.89574565 56.42331311 63.58449240 61.27643720 53.52015257 61.41337154 70.22060459 65.45670632 74.82990870 49.82733511 80.13816952 70.07950899 50.48266520 83.66444010 59.56598085 81.46577882
13.64264681 16.05526912 12.16545815 18.11764681 49.71276262 14.76066197 0.00000000 53.79137444 29.49000000 14.76651983 54.20842459 33.38405592 8.25658946 52.77256418 33.03030842 41.25905592 22.56183946 18.49432250 44.06169406 14.94764681 23.76102777 63.05637803 29.51877380 24.41940872 80.81907968 77.34664715 41.25412480 82.19977123 31.18978498 39.08300395 47.89023700 86.38004035 95.75324274 81.69189714 57.80780192 91.00284302 97.79162369 104.58777413 37.23561325 59.13541123
3.72009668 48.21759631 46.66584487 1.89396970 80.69334270 16.93886615 53.79137444 0.00000000 62.88334270 39.02485461 1.15784271 66.77739862 45.20710858 1.23396970 34.71515257 74.65239862 60.16123159 60.86398121 66.16943143 21.72365799 29.74153462 80.98150250 35.49928066 30.39991557 72.29323915 36.90055049 47.23463166 45.62848555 37.17029183 45.06351081 53.87074385 38.30310929 36.02231240 33.47747438 63.78830878 37.33505843 34.13280446 36.83032755 43.21612011 65.11591809
22.73461508 28.11485461 33.99567243 27.20961508 21.34280267 23.85263023 29.49000000 62.88334270 0.00000000 23.85848809 63.30039285 4.91685858 17.67623412 61.86453244 42.12227668 12.79185858 23.87730014 27.58629076 35.83299169 24.03961508 32.85299603 28.15233152 38.61074206 47.95723664 45.91503318 42.44260064 50.34609307 47.11347076 57.32818072 54.68818072 56.98220526 51.29373988 60.84919623 46.78785063 66.89977018 55.91654255 62.88757718 69.68372762 49.15304399 54.98927812
28.94190476 9.19274170 7.64099026 31.09773916 41.66848809 7.87639610 14.76651983 39.02485461 23.85848809 0.00000000 39.44190476 27.75254401 6.18225397 38.00604435 14.34295598 35.62754401 21.13637698 21.41703282 27.14457682 29.97049132 38.21499926 41.95664789 43.97274529 38.87338021 59.71934955 56.24691701 55.70809630 61.10004110 45.64375647 53.53697544 62.34420849 65.28031022 74.65351260 41.95093901 72.26177341 69.90311288 42.60626909 83.48804399 51.68958475 73.58938272
4.67676190 48.63464646 47.08289501 2.85063492 81.11039285 17.89553137 54.20842459 1.15784271 63.30039285 39.44190476 0.00000000 67.19444876 45.62415872 1.25725397 26.86273916 75.06944876 60.57828173 52.49608619 66.58648158 21.74694226 29.81292027 81.39855265 32.70953932 30.47130122 72.36462479 36.97193614 47.30601731 45.69987120 37.24167748 45.13489645 53.94212950 38.37449494 36.09369804 33.54886002 63.85969442 37.40644407 34.20419010 36.90171319 43.28750576 65.18730373
26.62867099 29.46857611 31.02032755 31.10367099 22.08644228 27.74668614 33.38405592 66.77739862 4.91685858 27.75254401 67.19444876 0.00000000 21.57029004 65.75858836 46.01633260 7.87500000 28.35173232 31.48034667 26.78134306 27.93367099 44.25271824 23.23547294 42.50479797 43.04037805 40.99817459 37.52574206 54.24014898 42.19661218 52.41132214 49.77132214 78.68555229 46.37688130 55.93233765 41.87099205 51.40002884 50.99968396 57.97071860 64.76686904 44.23618541 50.07241954
5.05838095 7.77997041 6.22821897 9.53338095 35.48623412 6.17639610 8.25658946 45.20710858 17.67623412 6.18225397 45.62415872 21.57029004 0.00000000 44.18829832 24.44604256 29.44529004 14.95412301 9.91005663 36.45397762 6.36338095 15.17676190 37.06321643 20.93450793 15.83514285 54.82591809 51.35348555 32.66985894 56.20660964 22.60551911 30.49873808 39.30597113 60.38687876 69.76008114 55.69873555 49.22353606 65.00968143 71.79846209 78.59461254 28.65134739 50.55114537
4.95406638 47.19878605 45.64703461 3.12793939 79.67453244 18.17283584 52.77256418 1.23396970 61.86453244 38.00604435 1.25725397 65.75858836 44.18829832 0.00000000 25.08339321 73.63358836 59.14242133 50.71674024 65.15062118 21.05651117 29.07438780 79.96269224 34.83213383 29.73276875 71.62609232 36.23340367 46.56748484 44.96133873 36.50314501 44.39636398 53.20359703 37.63596247 35.35516557 32.81032755 63.12116195 36.66791160 33.46565763 36.16318072 42.54897329 64.44877126
43.06405771 27.45653029 25.90477885 38.29943576 59.93227668 22.21935208 33.03030842 34.71515257 42.12227668 14.34295598 26.86273916 46.01633260 24.44604256 25.08339321 0.00000000 53.89133260 39.40016557 25.63334703 45.40836541 15.62753534 23.87204328 60.22043648 29.62978931 24.53042423 77.98313814 31.03105915 41.36514032 79.36382969 31.30080049 39.19401946 48.00125251 32.43361795 30.15282105 27.60798303 57.91881743 31.46556708 28.26331311 30.96083620 37.34662877 59.24642674
34.50367099 37.34357611 38.89532755 38.97867099 30.88420490 35.62168614 41.25905592 74.65239862 12.79185858 35.62754401 75.06944876 7.87500000 29.44529004 73.63358836 53.89133260 0.00000000 27.14997400 39.35534667 3.23725397 35.80867099 36.91788022 15.90063492 49.18937300 35.70554003 33.66333657 30.19090404 55.71395416 34.86177416 45.07648412 42.43648412 71.35071427 39.04204328 48.59749963 34.53615403 44.06519082 43.66484594 50.63588058 57.43203102 36.90134739 42.73758152
20.01250396 22.08522041 20.53346897 24.48750396 42.26767640 21.13051911 22.56183946 60.16123159 23.87730014 21.13637698 60.57828173 28.35173232 14.95412301 59.14242133 39.40016557 27.14997400 0.00000000 24.86417964 20.46916306 21.31750396 60.48109232 39.46384702 35.88863094 59.26875213 57.22654867 53.75411614 47.62398195 58.60724023 68.63969622 65.99969622 54.26009414 62.78750935 72.16071173 58.09936613 64.17765907 67.41031201 74.19909268 80.99524312 60.46455949 66.30079362
11.67731060 12.92054437 11.36879292 16.15231060 45.39629076 15.23139610 18.49432250 60.86398121 27.58629076 21.41703282 52.49608619 31.48034667 9.91005663 50.71674024 25.63334703 39.35534667 24.86417964 0.00000000 30.87237949 13.38498087 22.19836183 45.68445056 27.95610786 22.85674278 63.44715221 29.35737770 39.69145886 64.82784376 29.62711904 37.52033801 46.32757106 69.00811288 78.38131527 25.93430158 56.24513598 73.63091555 26.58963166 29.28715475 35.67294731 57.57274529
26.20295777 63.06916306 42.03332357 30.67795777 33.41145886 27.32097293 44.06169406 66.16943143 35.83299169 27.14457682 66.58648158 26.78134306 36.45397762 65.15062118 45.40836541 3.23725397 20.46916306 30.87237949 0.00000000 27.32570381 35.99949927 14.98225397 41.89683079 34.78715908 32.74495562 29.27252309 53.63218180 34.12564717 44.15810317 41.51810317 70.43233332 38.30591629 47.67911868 33.61777308 43.14680987 42.92871896 49.71749963 56.51365007 35.98296644 41.81920056
8.13063492 9.37386868 7.82211724 23.61762769 41.84961508 9.24865007 14.94764681 21.72365799 24.03961508 29.97049132 21.74694226 27.93367099 6.36338095 21.05651117 15.62753534 35.80867099 21.31750396 13.38498087 27.32570381 0.00000000 8.90225397 42.13777488 14.66000000 9.56063492 51.45395849 16.06126984 26.39535101 24.78920490 16.33101118 24.22423015 33.03146320 17.46382864 15.18303174 12.63819372 42.94902812 16.49577777 13.29352380 15.99104689 22.37683946 44.27663743
33.46163130 18.18724963 16.63549819 31.63550432 67.22095813 46.09139536 23.76102777 29.74153462 32.85299603 38.21499926 29.81292027 44.25271824 15.17676190 29.07438780 23.87204328 36.91788022 60.48109232 22.19836183 35.99949927 8.90225397 0.00000000 37.69590404 12.94225397 1.20026912 43.22246571 7.82977705 19.46683512 16.55771211 8.84650324 16.42273737 35.93458295 9.23233585 6.95153896 4.40670094 45.92754073 8.26428499 5.06203102 7.75955411 5.08738636 10.92362048
41.01502884 52.70404905 61.02800754 45.49002884 46.20371283 42.13304399 63.05637803 80.98150250 28.15233152 41.95664789 81.39855265 23.23547294 37.06321643 79.96269224 60.22043648 15.90063492 39.46384702 45.68445056 14.98225397 42.13777488 37.69590404 0.00000000 49.96739682 36.48356385 19.19183946 32.84026912 56.49197798 24.06221572 45.85450793 43.21450793 72.12873808 28.09053570 34.12600251 35.31417785 44.84321464 32.71333837 36.16438346 42.96053391 37.67937121 43.51560533
39.21937734 23.94499567 22.39324423 37.39325035 56.42074206 51.84914139 29.51877380 35.49928066 38.61074206 43.97274529 32.70953932 42.50479797 20.93450793 34.83213383 29.62978931 49.18937300 35.88863094 27.95610786 41.89683079 14.66000000 12.94225397 49.96739682 0.00000000 13.60063492 55.49395849 20.10126984 20.79422402 28.82920490 20.37101118 51.85128135 33.67845851 21.50382864 19.22303174 16.67819372 37.34790114 20.53577777 17.33352380 20.03104689 26.41683946 38.67551045
34.12001225 18.84563059 17.29387914 32.29388527 66.00861795 46.74977631 24.41940872 30.39991557 47.95723664 38.87338021 30.47130122 43.04037805 15.83514285 29.73276875 24.53042423 35.70554003 59.26875213 22.85674278 34.78715908 9.56063492 1.20026912 36.48356385 13.60063492 0.00000000 42.01012552 6.61743687 20.12521607 15.34537193 7.95736111 15.22246825 34.23159126 8.01999567 5.73919877 3.19436075 11.03888960 7.05194480 3.84969083 6.54721392 3.87504617 9.71128030
58.77773050 70.46675070 78.79070919 63.25273050 63.96641449 59.89574565 80.81907968 72.29323915 45.91503318 59.71934955 72.36462479 40.99817459 54.82591809 71.62609232 77.98313814 33.66333657 57.22654867 63.44715221 32.74495562 51.45395849 43.22246571 19.19183946 55.49395849 42.01012552 0.00000000 36.23929545 62.01853965 4.87037626 51.38106961 48.74106961 77.65529976 8.89869624 20.72213562 23.76164356 50.36977631 13.52149891 22.76051657 14.26493037 43.20593288 49.04216700
55.30529796 66.99431816 75.31827666 38.79452019 60.49398195 56.42331311 77.34664715 36.90055049 42.44260064 56.24691701 36.97193614 37.52574206 51.35348555 36.23340367 31.03105915 30.19090404 53.75411614 29.35737770 29.27252309 16.06126984 7.82977705 32.84026912 20.10126984 6.61743687 36.23929545 0.00000000 26.62585099 42.99500000 15.98838095 13.34838095 42.26261110 47.02331998 32.23876947 5.44805087 14.97708766 34.29319985 6.49112698 33.97072293 7.81324423 13.64947835
50.95472834 35.68034667 34.12859523 49.12860136 68.15609307 63.58449240 41.25412480 47.23463166 50.34609307 55.70809630 47.30601731 54.24014898 32.66985894 46.56748484 41.36514032 55.71395416 47.62398195 39.69145886 53.63218180 26.39535101 19.46683512 56.49197798 20.79422402 20.12521607 62.01853965 26.62585099 0.00000000 35.35378605 39.99893324 41.02165581 20.97088491 28.02840979 25.74761290 23.20277488 16.55367712 27.06035893 23.85810496 26.55562805 23.71752055 17.88128642
60.15842205 71.66518828 80.17140074 64.63342205 65.16485207 61.27643720 82.19977123 45.62848555 47.11347076 61.10004110 45.69987120 42.19661218 56.20660964 44.96133873 79.36382969 34.86177416 58.60724023 64.82784376 34.12564717 24.78920490 16.55771211 24.06221572 28.82920490 15.34537193 4.87037626 42.99500000 35.35378605 0.00000000 24.71631601 21.89406204 50.99054616 4.18026912 25.29361795 12.64568109 23.52276875 8.80307179 11.64455411 9.54650324 16.35892532 22.19515944
40.89038851 25.61600685 24.06425540 39.06426153 75.37956203 53.52015257 31.18978498 37.17029183 57.32818072 45.64375647 37.24167748 52.41132214 22.60551911 36.50314501 31.30080049 45.07648412 68.63969622 29.62711904 44.15810317 16.33101118 8.84650324 45.85450793 20.37101118 7.95736111 51.38106961 15.98838095 39.99893324 24.71631601 0.00000000 13.74000000 26.27423015 17.39093975 15.11014285 12.56530483 36.42734124 16.42288889 13.22063492 15.91815801 16.03026479 21.86649891
48.78360749 79.23989824 31.95747438 46.95748050 72.73956203 61.41337154 39.08300395 45.06351081 54.68818072 53.53697544 45.13489645 49.77132214 30.49873808 44.39636398 39.19401946 42.43648412 65.99969622 37.52033801 41.51810317 24.22423015 16.42273737 43.21450793 51.85128135 15.22246825 48.74106961 13.34838095 41.02165581 21.89406204 13.74000000 0.00000000 27.29695272 14.56868578 12.28788889 9.74305087 31.96989645 13.60063492 10.39838095 13.09590404 5.89026479 11.72649891
57.59084053 42.31645886 40.76470742 55.76471355 74.79220526 70.22060459 47.89023700 53.87074385 56.98220526 62.34420849 53.94212950 78.68555229 39.30597113 53.20359703 48.00125251 71.35071427 54.26009414 46.32757106 70.43233332 33.03146320 35.93458295 72.12873808 33.67845851 34.23159126 77.65529976 42.26261110 20.97088491 50.99054616 26.27423015 27.29695272 0.00000000 43.66516990 41.38437300 38.83953498 28.87116016 42.69711904 39.49486507 42.19238816 43.96463092 30.19876947
64.33869117 75.84545740 84.35166986 68.81369117 69.34512119 65.45670632 86.38004035 38.30310929 51.29373988 65.28031022 38.37449494 46.37688130 60.38687876 37.63596247 32.43361795 39.04204328 62.78750935 69.00811288 38.30591629 17.46382864 9.23233585 28.09053570 21.50382864 8.01999567 8.89869624 47.02331998 28.02840979 4.18026912 17.39093975 14.56868578 43.66516990 0.00000000 3.33305087 5.32030483 16.19739249 1.47769553 4.31917785 2.22112698 9.03354906 14.86978318
73.71189355 85.40091375 93.72487225 37.91628209 78.90057754 74.82990870 95.75324274 36.02231240 60.84919623 74.65351260 36.09369804 55.93233765 69.76008114 35.35516557 30.15282105 48.59749963 72.16071173 78.38131527 47.67911868 15.18303174 6.95153896 34.12600251 19.22303174 5.73919877 20.72213562 32.23876947 25.74761290 25.29361795 15.11014285 12.28788889 41.38437300 3.33305087 0.00000000 3.03950793 13.91659559 2.36500000 2.03838095 2.04252309 6.75275216 12.58898628
37.19757106 71.33956816 79.66352665 35.37144407 64.83923194 49.82733511 81.69189714 33.47747438 46.78785063 41.95093901 33.54886002 41.87099205 55.69873555 32.81032755 27.60798303 34.53615403 58.09936613 25.93430158 33.61777308 12.63819372 4.40670094 35.31417785 16.67819372 3.19436075 23.76164356 5.44805087 23.20277488 12.64568109 12.56530483 9.74305087 38.83953498 5.32030483 3.03950793 0.00000000 11.37175757 4.35225397 1.15000000 3.84752309 4.20791414 10.04414826
67.50840546 52.23402379 50.68227235 65.68227848 74.36826873 80.13816952 57.80780192 63.78830878 66.89977018 72.26177341 63.85969442 51.40002884 49.22353606 63.12116195 57.91881743 44.06519082 64.17765907 56.24513598 43.14680987 42.94902812 45.92754073 44.84321464 37.34790114 11.03888960 50.36977631 14.97708766 16.55367712 23.52276875 36.42734124 31.96989645 28.87116016 16.19739249 13.91659559 11.37175757 0.00000000 15.22934162 12.02708766 14.72461074 7.16384343 1.32760931
68.96149383 80.46826007 88.97447253 39.22902812 73.96792386 70.07950899 91.00284302 37.33505843 55.91654255 69.90311288 37.40644407 50.99968396 65.00968143 36.66791160 31.46556708 43.66484594 67.41031201 73.63091555 42.92871896 16.49577777 8.26428499 32.71333837 20.53577777 7.05194480 13.52149891 34.29319985 27.06035893 8.80307179 16.42288889 13.60063492 42.69711904 1.47769553 2.36500000 4.35225397 15.22934162 0.00000000 3.35112698 0.84000000 8.06549819 13.90173232
37.85290114 87.43929471 95.76325320 36.02677416 80.93895849 50.48266520 97.79162369 34.13280446 62.88757718 42.60626909 34.20419010 57.97071860 71.79846209 33.46565763 28.26331311 50.63588058 74.19909268 26.58963166 49.71749963 13.29352380 5.06203102 36.16438346 17.33352380 3.84969083 22.76051657 6.49112698 23.85810496 11.64455411 13.22063492 10.39838095 39.49486507 4.31917785 2.03838095 1.15000000 12.02708766 3.35112698 0.00000000 2.84639610 4.86324423 10.69947835
82.54642495 94.23544515 102.55940364 38.72429724 87.73510893 83.66444010 104.58777413 36.83032755 69.68372762 83.48804399 36.90171319 64.76686904 78.59461254 36.16318072 30.96083620 57.43203102 80.99524312 29.28715475 56.51365007 15.99104689 7.75955411 42.96053391 20.03104689 6.54721392 14.26493037 33.97072293 26.55562805 9.54650324 15.91815801 13.09590404 42.19238816 2.22112698 2.04252309 3.84752309 14.72461074 0.84000000 2.84639610 0.00000000 7.56076731 13.39700144
46.93621679 73.70476152 30.11008368 45.11008981 67.20442530 59.56598085 37.23561325 43.21612011 49.15304399 51.68958475 43.28750576 44.23618541 28.65134739 42.54897329 37.34662877 36.90134739 60.46455949 35.67294731 35.98296644 22.37683946 5.08738636 37.67937121 26.41683946 3.87504617 43.20593288 7.81324423 23.71752055 16.35892532 16.03026479 5.89026479 43.96463092 9.03354906 6.75275216 4.20791414 7.16384343 8.06549819 4.86324423 7.56076731 0.00000000 5.83623412
68.83601477 53.56163310 52.00988166 67.00988778 73.04065943 81.46577882 59.13541123 65.11591809 54.98927812 73.58938272 65.18730373 50.07241954 50.55114537 64.44877126 59.24642674 42.73758152 66.30079362 57.57274529 41.81920056 44.27663743 10.92362048 43.51560533 38.67551045 9.71128030 49.04216700 13.64947835 17.88128642 22.19515944 21.86649891 11.72649891 30.19876947 14.86978318 12.58898628 10.04414826 1.32760931 13.90173232 10.69947835 13.39700144 5.83623412 0.00000000
