0.00000000 27.29849196 22.17464520 6.26673187 40.42287595 7.36941298 20.73491136 12.82138950 26.93383797 14.47923682 15.98581504 30.81670246 16.75374705 17.14829236 20.41216180 38.76267236 24.95451770 18.66927861 31.24402909 27.95072737 42.54632951 43.40613360 36.11119138 45.60468727 49.75038150 53.68033500 41.82564915 52.77112368 47.21887174 52.91430860 47.22357478 57.41348148 56.50152266 55.41066159 53.38707180 61.44074464 58.25564099 62.74497584 56.64289745 57.77599972
27.29849196 0.00000000 5.12384676 33.10244752 13.98018780 21.58587464 11.26838637 38.25961289 12.61363744 21.59566618 41.57325277 15.55692540 14.74440066 39.36408079 28.36462762 23.50289530 20.99525012 22.63029339 27.01011957 31.91174215 51.50628908 35.51799860 45.07115095 54.56464685 41.86224650 45.79220000 50.78560873 44.26383830 56.17883132 61.48053750 56.18353435 48.90619610 48.61338766 53.66935766 62.34703138 52.93345926 55.46193009 54.85684084 62.21613363 66.73595930
22.17464520 5.12384676 0.00000000 27.97860076 19.10403456 16.46202789 7.25402603 33.13576613 16.58764563 16.47181942 36.44940601 20.68077216 9.62055390 34.24023403 23.24078086 28.62674206 15.87140336 17.50644663 24.97845232 26.78789539 46.38244232 37.72036447 39.94730419 49.44080009 44.06461237 47.99456588 45.66176197 47.06661609 51.05498456 56.75042141 51.05968759 51.70897389 50.81575354 55.87172354 57.22318462 55.73623705 57.66429597 57.05920672 60.47901026 61.61211254
6.26673187 33.10244752 27.97860076 0.00000000 46.22683151 12.58671218 26.53886692 6.55465762 32.73779353 17.13442006 9.71908317 36.62065802 22.55770261 10.88156049 22.61824937 44.56662792 30.75847325 24.47323417 37.04798465 23.11031392 36.27959763 49.21008916 29.84445951 39.33795540 55.55433706 51.98695544 35.55891728 58.57507924 40.95213987 46.64757672 40.95684290 63.21743703 58.39538098 49.14392971 47.12033993 62.29253209 51.98890912 61.11874069 50.37616557 51.50926785
40.42287595 13.98018780 19.10403456 46.22683151 0.00000000 34.71025864 21.61389510 51.38399688 13.79781464 34.72005017 54.69763676 11.84920501 23.66912890 52.48846478 41.48901161 18.15852538 24.61260417 35.75467738 26.31552333 45.03612614 58.37493813 31.55686327 58.19553495 54.31876812 37.90111117 41.83106467 63.90999272 40.30270297 57.33850461 57.51940217 69.30791834 44.94506077 44.65225233 49.70822234 70.42201164 48.97232393 51.50079477 50.89570551 58.25499830 66.03308372
7.36941298 21.58587464 16.46202789 12.58671218 34.71025864 0.00000000 15.02229405 19.14136980 21.22122065 7.82933889 22.30579535 25.10408514 11.04112974 23.46827267 14.81238437 33.05005505 19.24190038 12.85628432 25.53141178 22.23811006 41.80168559 37.69351629 35.36654746 44.86004335 44.03776419 47.96771769 41.08100523 47.05850636 46.47422782 52.16966468 46.47893086 51.70086416 50.78890535 54.66601767 52.64242788 55.72812733 57.51099707 57.03235853 55.89825353 57.03135580
20.73491136 11.26838637 7.25402603 26.53886692 21.61389510 15.02229405 0.00000000 31.69603229 13.65885446 15.03208559 35.00967218 17.54171895 6.16762102 32.80050019 21.80104703 25.48768886 12.41847048 16.06671279 21.52551944 25.34816155 44.94270849 34.26743159 38.50757036 48.00106626 40.61167949 44.54163300 44.22202813 43.61368321 49.61525072 55.31068758 49.61995376 48.25604101 47.36282066 52.41879066 55.78345078 52.28330417 54.21136309 53.60627383 59.03927643 60.17237870
12.82138950 38.25961289 33.13576613 6.55343210 51.38313393 19.14136980 31.69516935 0.00000000 37.89409595 16.66394671 4.02175310 41.77696044 27.71400503 4.32690286 16.30713582 49.72293034 35.91477568 25.71497254 41.58234567 16.55565629 29.72494001 53.74445017 23.28980188 32.78329778 60.41350328 45.43229782 29.00425965 62.89185947 34.39748225 40.09291910 34.40218528 59.03387908 51.84072336 42.58927209 40.56568230 55.73787446 45.43425149 54.56408306 43.82150795 44.95461022
26.93383797 12.61363744 16.58764563 32.73779353 13.79781464 21.22122065 13.65885446 37.89495889 0.00000000 21.23101219 41.20859878 5.09012277 10.18009091 38.99942680 27.99997363 13.03609268 11.40793458 22.26563940 16.21947327 31.54708816 51.14163509 25.05119597 44.70649696 47.81310082 31.39544387 35.32539737 50.42095474 33.79703567 50.83283731 51.01373487 55.81888036 38.43939347 38.14658503 43.20255504 61.98237738 42.46665664 44.99512747 44.39003821 51.74933100 59.52741642
14.47923682 21.59480324 16.47095648 17.13442006 34.71918723 7.82933889 15.03122264 16.66394671 21.23014924 0.00000000 19.97758659 25.11301374 11.05005833 17.76841461 6.98304548 33.05898364 19.25082897 9.80156171 24.91839896 16.34522771 33.97234669 37.08050347 27.53720857 37.03070446 43.42475136 47.35470487 33.25166634 46.44549354 38.64488893 44.34032578 38.64959196 51.08785134 50.17589253 46.83667878 44.81308899 55.11511451 49.68165818 56.41934571 48.06891464 49.20201691
15.98581504 41.57325277 36.44940601 9.71785765 54.69677382 22.30579535 35.00880923 4.02175310 41.20773583 19.97758659 0.00000000 45.09060033 31.02764492 4.31866740 16.56769805 53.03657023 39.22841556 27.91731986 44.89598555 16.54742083 27.84111745 57.05809006 21.24986655 30.89947521 58.52968071 43.54847526 27.12043709 61.00803691 32.51365968 38.20909654 32.51836272 57.15005652 49.95690080 40.70544953 38.68185974 53.85405190 43.55042893 52.68026050 41.93768539 43.07078766
30.81670246 15.55692540 20.68077216 36.62065802 11.84920501 25.10408514 17.54171895 41.77782339 5.09012277 25.11387668 45.09146327 0.00000000 14.06295541 42.88229129 31.88283812 7.94596990 15.00643068 26.14850389 14.67691308 35.42995265 46.77914806 19.96107320 48.58936145 42.72297805 26.30532110 30.23527460 54.30381923 28.70691290 45.74271454 45.92361210 58.58009648 33.34927069 33.05646226 38.11243226 58.82622157 37.37653386 39.90500469 39.29991544 46.65920823 54.43729365
16.75374705 14.74440066 9.62055390 22.55770261 23.66912890 11.04112974 6.16762102 27.71400503 10.18009091 11.05005833 31.02764492 14.06295541 0.00000000 28.81847294 17.81901977 22.00892531 8.20077064 12.08554848 17.30781960 21.36699724 40.96154418 29.71746735 34.52640605 44.01990194 36.06171525 39.99166876 40.24086382 39.08245743 45.63408641 51.32952327 45.63878945 43.72481523 42.81285642 47.86882642 51.80228647 47.75207839 49.66139885 49.05630960 55.05811212 56.19121439
17.14706684 39.36408079 34.24023403 10.88033497 52.48760184 23.46704715 32.79963725 4.32690286 38.99856385 17.76841461 4.31866740 42.88142834 28.81847294 0.00000000 12.56655618 50.82739825 37.01924358 23.91617798 42.68681357 12.36197044 25.53125416 54.84891807 19.09611603 28.58961193 56.21981743 41.23861197 24.81057381 58.69817362 30.20379640 35.89923325 30.20849943 54.84019324 47.64703751 38.39558624 36.37199645 51.54418861 41.24056565 50.37039722 39.62782210 40.76092438
20.41216180 28.36462762 23.24078086 22.61702385 41.48814867 14.81238437 21.80018408 16.30713582 27.99911069 6.98304548 16.56769805 31.88197518 17.81901977 12.56655618 0.00000000 39.82794508 26.01979041 11.34962181 31.68736040 9.36218223 26.98930121 43.84946491 20.55416308 30.04765898 50.19371281 42.69665902 26.26862086 53.21445498 31.66184345 37.35728030 31.66654648 56.29824029 49.10508456 39.85363329 37.83004351 53.00223567 42.69861270 51.82844427 41.08586915 42.21897143
38.76267236 23.50289530 28.62674206 44.56662792 18.15852538 33.05005505 25.48768886 49.72379329 13.03609268 33.05984658 53.03743317 7.94596990 22.00892531 50.82826119 39.82880803 0.00000000 18.46213649 34.09447379 11.11352176 43.37592255 42.73782478 15.91974992 55.73362641 38.68165477 22.26399782 26.19395132 58.61097630 24.66558962 41.70139126 41.88228882 54.53877320 29.30794742 29.01513898 34.07110899 54.78489830 33.33521059 35.86368142 35.25859216 42.61788495 50.39597037
24.95451770 20.99525012 15.87140336 30.75847325 24.61260417 19.24190038 12.41847048 35.91563862 11.40793458 19.25169192 39.22927851 15.00643068 8.20077064 37.02010653 26.02065336 18.46213649 0.00000000 20.28631912 9.31254587 29.56776788 48.87253289 22.05445803 42.72717669 44.81636288 28.39870593 32.32865943 48.44163446 31.40070964 47.83609937 48.01699693 53.83956009 36.04306744 35.14984709 40.20581709 60.00305711 40.07033061 41.99838952 41.39330027 48.75259306 56.53067848
18.66927861 22.63029339 17.50644663 24.47323417 35.75467738 12.85628432 16.06671279 25.71497254 22.26563940 9.80156171 27.91731986 26.14850389 12.08554848 23.91617798 11.34962181 34.09447379 20.28631912 0.00000000 25.95388911 12.23447818 31.82902512 38.11599362 25.39388699 34.88738289 44.46024152 47.53638293 31.10834476 47.48098369 36.50156735 42.19700421 36.50627039 52.12334149 51.21138268 44.69335720 42.66976741 56.15060466 47.53833660 56.66816817 45.92559306 47.05869533
31.24402909 27.01011957 24.97845232 37.04798465 26.31552333 25.53141178 21.52551944 41.58234567 16.21947327 24.91839896 44.89598555 14.67691308 17.30781960 42.68681357 31.68736040 11.11352176 9.31254587 25.95388911 0.00000000 35.23533787 39.58187781 12.76380295 48.39474668 35.52570780 19.10805085 23.03800435 54.10920445 22.12879303 38.54544429 38.72634185 51.38282623 26.77115082 25.85919201 30.91516201 51.62895132 30.79841399 32.70773444 32.10264519 39.46193798 47.24002340
27.95072737 31.91174215 26.78789539 23.10908839 45.03612614 22.23811006 25.34816155 16.55565629 31.54708816 16.34522771 16.54742083 35.42995265 21.36699724 12.36197044 9.36218223 43.37592255 29.56776788 12.23447818 35.23533787 0.00000000 20.02764241 47.39744238 13.59250428 23.08600017 50.71620567 35.73500021 19.30696205 53.19456187 24.70018464 30.39562150 24.70488767 49.33658148 42.14342575 32.89197449 30.86838470 46.04057686 35.73695389 44.86678546 34.12421035 35.25731262
42.54632951 51.50628908 46.38244232 36.27837211 58.37493813 41.80168559 44.94270849 29.72494001 51.14163509 33.97234669 27.84111745 46.77914806 40.96154418 25.53125416 26.98930121 42.73782478 48.87253289 31.82902512 39.58187781 20.02764241 0.00000000 31.95548919 14.44641779 4.06624926 32.13917943 17.15797397 17.32376768 34.61753562 8.69055321 13.32880337 20.81971317 30.75955524 23.56639951 14.31494824 27.91467432 27.46355061 17.15992765 26.28975922 17.11346336 24.89173877
43.40613360 35.51799860 37.72036447 49.21008916 31.55686327 37.69351629 34.26743159 53.74445017 25.05119597 37.08050347 57.05809006 19.96107320 29.71746735 54.84891807 43.84946491 15.91974992 22.05445803 38.11599362 12.76380295 47.39744238 31.95548919 0.00000000 44.95129082 27.89931919 8.63541717 15.38961184 47.82864071 12.71426087 30.91905567 31.09995323 43.75643761 16.91217023 15.38655833 23.28877340 44.00256271 20.93943340 22.23510077 21.63001151 31.83554936 39.61363478
36.11119138 45.07115095 39.94730419 29.84323399 58.19553495 35.36654746 38.50757036 23.28980188 44.70649696 27.53720857 21.24986655 48.58936145 34.52640605 19.09611603 20.55416308 55.73362641 42.72717669 25.39388699 48.39474668 13.59250428 14.44641779 44.95129082 0.00000000 17.50477556 45.13498106 30.15377560 9.41044580 47.61333725 19.11896003 23.32488640 15.06097096 43.75535687 36.56220114 27.31074987 20.97186844 40.45935224 30.15572928 39.28556085 28.54298573 25.36079637
45.60468727 54.56464685 49.44080009 39.33672988 54.31876812 44.86004335 48.00106626 32.78329778 47.81310082 37.03070446 30.89947521 42.72297805 44.01990194 28.58961193 30.04765898 38.68165477 44.81636288 34.88738289 35.52570780 23.08600017 4.06624926 27.89931919 17.50477556 0.00000000 28.08300942 13.10180396 20.38212545 30.56136561 5.68995673 9.26255411 18.52733867 26.70338523 19.51022950 10.25877823 25.22468667 23.40738061 13.10375764 22.23358921 13.05748334 20.83575875
49.75038150 41.86224650 44.06461237 55.55433706 37.90111117 44.03776419 40.61167949 60.41350328 31.39544387 43.42475136 58.52968071 26.30532110 36.06171525 56.21981743 50.19371281 22.26399782 28.39870593 44.46024152 19.10805085 50.71620567 32.13917943 8.63541717 45.13498106 28.08300942 0.00000000 16.00432216 48.01233095 4.07884370 31.10274591 31.28364347 43.94012785 8.27675307 9.47440845 19.63861841 44.18625294 12.30401623 16.32295088 14.58182731 32.01923960 39.79732502
53.68033500 45.79220000 47.99456588 51.98572992 41.83106467 47.96771769 44.54163300 45.43229782 35.32539737 47.35470487 43.54847526 30.23527460 39.99166876 41.23861197 42.69665902 26.19395132 32.32865943 47.53638293 23.03800435 35.73500021 17.15797397 15.38961184 30.15377560 13.10180396 16.00432216 0.00000000 33.03112549 19.87930483 16.12154045 16.30243801 28.95892239 24.07721420 14.37280863 8.49125817 29.20504748 21.78930013 12.23200972 21.15975097 17.03784415 24.81611956
41.82564915 50.78560873 45.66176197 35.55769176 63.90999272 41.08100523 44.22202813 29.00425965 50.42095474 33.25166634 27.12043709 54.30381923 40.24086382 24.81057381 26.26862086 58.61097630 48.44163446 31.10834476 54.10920445 19.30696205 17.32376768 47.82864071 9.41044580 20.38212545 48.01233095 33.03112549 0.00000000 50.49068714 18.28602056 18.76101403 9.71165404 46.63270675 39.43955103 30.18809976 11.56142265 43.33670213 33.03307916 42.16291073 23.72862598 15.95035057
52.77112368 44.26383830 47.06661609 58.57507924 40.30270297 47.05850636 43.61368321 62.89185947 33.79703567 46.44549354 61.00803691 28.70691290 39.08245743 58.69817362 53.21445498 24.66558962 31.40070964 47.48098369 22.12879303 53.19456187 34.61753562 12.71426087 47.61333725 30.56136561 4.07884370 19.87930483 50.49068714 0.00000000 33.58110210 33.14176674 46.41848404 4.64235780 12.52894228 21.21534607 46.04437622 8.66962096 17.89967855 10.94743205 33.87736287 41.65544829
47.21887174 56.17883132 51.05498456 40.95091435 57.33850461 46.47422782 49.61525072 34.39748225 50.83283731 38.64488893 32.51365968 45.74271454 45.63408641 30.20379640 31.66184345 41.70139126 47.83609937 36.50156735 38.54544429 24.70018464 8.69055321 30.91905567 19.11896003 5.68995673 31.10274591 16.12154045 18.28602056 33.58110210 0.00000000 6.25015342 12.83738194 29.72312172 22.52996599 13.27851472 19.50820743 26.42711709 16.12349413 25.25332570 11.79517899 19.57345440
52.91430860 61.48053750 56.75042141 46.64635120 57.51940217 52.16966468 55.31068758 40.09291910 51.01373487 44.34032578 38.20909654 45.92361210 51.32952327 35.89923325 37.35728030 41.88228882 48.01699693 42.19700421 38.72634185 30.39562150 13.32880337 31.09995323 23.32488640 9.26255411 31.28364347 16.30243801 18.76101403 33.14176674 6.25015342 0.00000000 13.31237542 29.28378636 22.09063063 12.84282826 17.79205956 25.98778173 15.68415877 24.81399034 7.66803681 15.44631221
47.22357478 56.18353435 51.05968759 40.95561738 69.30791834 46.47893086 49.61995376 34.40218528 55.81888036 38.64959196 32.51836272 58.58009648 45.63878945 30.20849943 31.66654648 54.53877320 53.83956009 36.50627039 51.38282623 24.70488767 20.81971317 43.75643761 15.06097096 18.52733867 43.94012785 28.95892239 9.71165404 46.41848404 12.83738194 13.31237542 0.00000000 42.56050366 35.36734793 26.11589666 14.73274183 39.26449903 28.96087607 38.09070764 20.30933011 19.12166975
57.41348148 48.90619610 51.70897389 63.21743703 44.94506077 51.70086416 48.25604101 59.03387908 38.43939347 51.08785134 57.15005652 33.34927069 43.72481523 54.84019324 56.29824029 29.30794742 36.04306744 52.12334149 26.77115082 49.33658148 30.75955524 16.91217023 43.75535687 26.70338523 8.27675307 24.07721420 46.63270675 4.64235780 29.72312172 29.28378636 42.56050366 0.00000000 10.75697746 17.35736569 42.18639583 4.81164058 14.04169816 7.08945166 30.01938249 37.79746791
56.50152266 48.61338766 50.81575354 58.39415546 44.65225233 50.78890535 47.36282066 51.84072336 38.14658503 50.17589253 49.95690080 33.05646226 42.81285642 47.64703751 49.10508456 29.01513898 35.14984709 51.21138268 25.85919201 42.14342575 23.56639951 15.38655833 36.56220114 19.51022950 9.47440845 14.37280863 39.43955103 12.52894228 22.52996599 22.09063063 35.36734793 10.75697746 0.00000000 10.16420996 34.99324010 7.46097284 6.84854243 6.83142368 22.82622676 30.60431218
55.41066159 53.66935766 55.87172354 49.14270419 49.70822234 54.66601767 52.41879066 42.58927209 43.20255504 46.83667878 40.70544953 38.11243226 47.86882642 38.39558624 39.85363329 34.07110899 40.20581709 44.69335720 30.91516201 32.89197449 14.31494824 23.28877340 27.31074987 10.25877823 19.63861841 8.49125817 30.18809976 21.21534607 13.27851472 12.84282826 26.11589666 17.35736569 10.16420996 0.00000000 25.74543774 14.06136106 3.75773810 12.88756966 13.57842439 21.35650981
53.38707180 62.34703138 57.22318462 47.11911441 70.42201164 52.64242788 55.78345078 40.56568230 61.98237738 44.81308899 38.68185974 58.82622157 51.80228647 36.37199645 37.83004351 54.78489830 60.00305711 42.66976741 51.62895132 30.86838470 27.91467432 44.00256271 20.97186844 25.22449668 44.18644293 29.20504748 11.56142265 46.04456620 19.50820743 17.79205956 14.73274183 42.18658582 34.99343009 25.74562772 0.00000000 38.89058119 28.58695823 37.71678980 12.16720333 4.38892792
61.44074464 52.93345926 55.73623705 62.29130657 48.97232393 55.72812733 52.28330417 55.73787446 42.46665664 55.11511451 53.85405190 37.37653386 47.75207839 51.54418861 53.00223567 33.33521059 40.07033061 56.15060466 30.79841399 46.04057686 27.46355061 20.93943340 40.45935224 23.40738061 12.30401623 21.78930013 43.33670213 8.66962096 26.42711709 25.98778173 39.26449903 4.81164058 7.46097284 14.06136106 38.89039121 0.00000000 10.74569354 2.30389286 26.72337786 34.50146329
58.25564099 55.46193009 57.66429597 51.98768360 51.50079477 57.51099707 54.21136309 45.43425149 44.99512747 49.68165818 43.55042893 39.90500469 49.66139885 41.24056565 42.69861270 35.86368142 41.99838952 47.53833660 32.70773444 35.73695389 17.15992765 22.23510077 30.15572928 13.10375764 16.32295088 12.23200972 33.03307916 17.89967855 16.12349413 15.68415877 28.96087607 14.04169816 6.84854243 3.75773810 28.58676824 10.74569354 0.00000000 9.57190214 16.41956491 24.19784032
62.74497584 54.85684084 57.05920672 61.11751517 50.89570551 57.03235853 53.60627383 54.56408306 44.39003821 56.41934571 52.68026050 39.29991544 49.05630960 50.37039722 51.82844427 35.25859216 41.39330027 56.66816817 32.10264519 44.86678546 26.28975922 21.63001151 39.28556085 22.23358921 14.58182731 21.15975097 42.16291073 10.94743205 25.25332570 24.81399034 38.09070764 7.08945166 6.83142368 12.88756966 37.71659981 2.30389286 9.57190214 0.00000000 25.54958647 33.32767189
56.64289745 62.21594364 60.47901026 50.37494005 58.25480831 55.89825353 59.03927643 43.82150795 51.74914101 48.06891464 41.93768539 46.65901824 55.05811212 39.62782210 41.08586915 42.61769497 48.75240307 45.92559306 39.46174799 34.12421035 17.11346336 31.83535938 28.54298573 13.05729335 32.01904961 17.03784415 23.72862598 33.87717289 11.79517899 7.66803681 20.30933011 30.01919250 22.82603677 13.57823441 12.16720333 26.72318788 16.41956491 25.54939648 0.00000000 7.77827541
57.77599972 66.73595930 61.61211254 51.50804233 66.03308372 57.03135580 60.17237870 44.95461022 59.52741642 49.20201691 43.07078766 54.43729365 56.19121439 40.76092438 42.21897143 50.39597037 56.53067848 47.05869533 47.24002340 35.25731262 24.89173877 39.61363478 25.36079637 20.83556876 39.79751501 24.81611956 15.95035057 41.65563828 19.57345440 15.44631221 19.12166975 37.79765790 30.60450217 21.35669980 4.38892792 34.50165327 24.19803031 33.32786187 7.77827541 0.00000000
