0.00000000 129.15432893 68.55634919 57.52691193 35.62741700 36.55634919 53.35533906 153.43860018 66.62741700 87.74011537 121.45584412 105.69848481 102.98275606 83.76955262 84.87005769 125.61017306 175.68124087 131.78174593 181.92388155 145.09545443 158.58073580 164.23759005 163.09545443 190.62236636 174.55129855 203.37972568 205.06601718 247.90663761 225.89444430 230.37972568 257.83556980 235.30865787
129.15432893 0.00000000 197.71067812 72.45584412 164.78174593 123.32590181 165.15432893 60.62741700 130.62741700 197.19595949 250.61017306 93.21320344 112.49747468 193.22539674 166.22539674 235.06601718 187.62236636 227.37972568 114.52691193 131.39696962 268.03657993 206.37972568 160.85281374 195.79393924 232.59292911 200.55129855 287.19090886 208.46803743 223.06601718 287.29141392 218.39696962 232.48023074
68.55634919 197.71067812 0.00000000 126.08326112 47.79898987 84.18376618 63.28427125 176.15432893 103.66904756 78.59797975 65.28427125 142.74011537 140.02438662 102.04163056 120.49747468 124.71067812 180.43860018 136.53910524 218.96551211 182.13708499 159.33809512 168.99494937 200.13708499 195.37972568 179.30865787 254.03657993 205.82337649 284.94826817 260.73506474 235.13708499 294.87720036 288.45079349
57.52691193 72.45584412 126.08326112 0.00000000 93.15432893 50.87005769 92.69848481 96.74011537 90.69848481 124.74011537 178.98275606 129.32590181 127.05382387 120.76955262 108.11269837 162.61017306 212.68124087 168.78174593 152.29646456 167.50966799 195.58073580 201.23759005 196.96551211 216.89444430 211.55129855 236.66399692 242.06601718 246.23759005 259.17871555 267.37972568 256.16652224 268.59292911
35.62741700 164.78174593 47.79898987 93.15432893 0.00000000 36.38477631 17.72792206 128.35533906 55.87005769 57.38477631 97.62741700 94.94112550 92.22539674 56.48528137 72.69848481 95.25483400 147.66904756 103.76955262 171.16652224 134.33809512 128.22539674 136.22539674 152.33809512 162.61017306 146.53910524 192.62236636 174.71067812 237.14927830 215.13708499 202.36753237 247.07821049 224.55129855
36.55634919 123.32590181 84.18376618 50.87005769 36.38477631 0.00000000 46.79898987 113.97056275 41.48528137 76.35533906 104.11269837 80.55634919 77.84062043 72.38477631 58.89949494 114.22539674 164.29646456 120.39696962 156.78174593 119.95331881 147.19595949 152.85281374 137.95331881 167.68124087 163.16652224 178.23759005 193.68124087 222.76450199 200.75230868 218.99494937 232.69343418 210.16652224
53.35533906 165.15432893 63.28427125 92.69848481 17.72792206 46.79898987 0.00000000 138.76955262 66.28427125 48.04163056 75.79898987 105.35533906 102.63961031 47.14213562 79.21320344 85.91168825 138.32590181 94.42640687 181.58073580 144.75230868 118.88225099 126.88225099 162.75230868 153.26702730 137.19595949 211.92388155 165.36753237 247.56349186 218.62236636 193.02438662 257.49242405 246.33809512
153.43860018 60.62741700 176.15432893 96.74011537 128.35533906 113.97056275 138.76955262 0.00000000 73.31370850 166.08326112 193.84062043 35.89949494 62.21320344 162.11269837 114.76955262 216.48023074 137.33809512 177.09545443 66.62741700 81.11269837 207.89444430 156.09545443 110.56854249 145.50966799 182.30865787 150.26702730 236.90663761 160.56854249 172.78174593 237.00714267 170.49747468 182.19595949
66.62741700 130.62741700 103.66904756 90.69848481 55.87005769 41.48528137 66.28427125 73.31370850 0.00000000 93.59797975 121.35533906 39.89949494 41.28427125 89.62741700 48.87005769 131.46803743 126.46803743 137.63961031 117.88225099 86.91168825 164.43860018 145.22539674 104.91168825 134.63961031 171.43860018 145.19595949 210.92388155 189.72287143 167.71067812 231.93607486 199.65180362 177.12489168
87.74011537 197.19595949 78.59797975 124.74011537 57.38477631 76.35533906 48.04163056 166.08326112 93.59797975 0.00000000 31.07106781 132.66904756 129.95331881 55.38477631 110.42640687 54.45584412 106.87005769 62.97056275 208.89444430 173.84062043 87.42640687 95.42640687 193.29646456 121.81118318 105.74011537 180.46803743 133.91168825 256.06601718 187.16652224 161.56854249 262.27922061 214.88225099
121.45584412 250.61017306 65.28427125 178.98275606 97.62741700 104.11269837 75.79898987 193.84062043 121.35533906 31.07106781 0.00000000 160.42640687 157.71067812 72.59797975 138.18376618 65.87005769 121.59797975 77.69848481 236.65180362 188.56854249 100.49747468 110.15432893 208.02438662 136.53910524 120.46803743 195.19595949 146.98275606 270.79393924 201.89444430 176.29646456 277.00714267 229.61017306
105.69848481 93.21320344 142.74011537 129.32590181 94.94112550 80.55634919 105.35533906 35.89949494 39.89949494 132.66904756 160.42640687 0.00000000 49.38477631 128.69848481 81.35533906 170.53910524 136.32590181 176.08326112 91.01219331 96.76955262 206.88225099 155.08326112 114.76955262 144.49747468 181.29646456 155.05382387 235.89444430 184.95331881 177.56854249 241.79393924 194.88225099 186.98275606
102.98275606 112.49747468 140.02438662 127.05382387 92.22539674 77.84062043 102.63961031 62.21320344 41.28427125 129.95331881 157.71067812 49.38477631 0.00000000 125.98275606 53.72792206 167.74011537 88.59797975 128.35533906 78.94112550 48.21320344 159.15432893 107.35533906 66.21320344 96.76955262 133.56854249 106.49747468 188.16652224 151.02438662 129.01219331 193.23759005 160.95331881 138.42640687
83.76955262 193.22539674 102.04163056 120.76955262 56.48528137 72.38477631 47.14213562 162.11269837 89.62741700 55.38477631 72.59797975 128.69848481 125.98275606 0.00000000 106.45584412 56.14213562 100.69848481 56.79898987 204.92388155 167.66904756 83.01219331 89.25483400 187.12489168 115.63961031 99.56854249 174.29646456 129.49747468 249.89444430 180.99494937 155.39696962 256.10764774 208.71067812
84.87005769 166.22539674 120.49747468 108.11269837 72.69848481 58.89949494 79.21320344 114.76955262 48.87005769 110.42640687 138.18376618 81.35533906 53.72792206 106.45584412 0.00000000 148.29646456 117.84062043 154.46803743 131.01219331 84.87005769 181.26702730 136.59797975 98.76955262 126.01219331 162.81118318 139.05382387 217.40916293 187.68124087 161.56854249 225.79393924 197.61017306 170.98275606
125.61017306 235.06601718 124.71067812 162.61017306 95.25483400 114.22539674 85.91168825 216.48023074 131.46803743 54.45584412 65.87005769 170.53910524 167.74011537 56.14213562 148.29646456 0.00000000 83.28427125 39.38477631 224.13708499 150.25483400 37.65685425 70.08326112 169.71067812 96.46803743 80.39696962 156.88225099 84.14213562 232.48023074 161.82337649 125.05382387 238.69343418 191.29646456
175.68124087 187.62236636 180.43860018 212.68124087 147.66904756 164.29646456 138.32590181 137.33809512 126.46803743 106.87005769 121.59797975 136.32590181 88.59797975 100.69848481 117.84062043 83.28427125 0.00000000 43.89949494 144.99494937 71.11269837 76.35533906 36.79898987 94.66904756 50.79898987 59.49747468 81.84062043 114.09545443 157.43860018 102.74011537 115.32590181 163.65180362 116.25483400
131.78174593 227.37972568 136.53910524 168.78174593 103.76955262 120.39696962 94.42640687 177.09545443 137.63961031 62.97056275 77.69848481 176.08326112 128.35533906 56.79898987 154.46803743 39.38477631 43.89949494 0.00000000 184.75230868 110.87005769 38.21320344 35.97056275 130.32590181 62.35533906 46.28427125 117.49747468 100.88225099 193.09545443 138.39696962 102.11269837 199.30865787 151.91168825
181.92388155 114.52691193 218.96551211 152.29646456 171.16652224 156.78174593 181.58073580 66.62741700 117.88225099 208.89444430 236.65180362 91.01219331 78.94112550 204.92388155 131.01219331 224.13708499 144.99494937 184.75230868 0.00000000 88.76955262 215.55129855 163.75230868 110.91168825 153.56854249 189.96551211 128.56854249 257.59292911 94.76955262 146.39696962 214.72287143 104.69848481 157.71067812
145.09545443 131.39696962 182.13708499 167.50966799 134.33809512 119.95331881 144.75230868 81.11269837 86.91168825 173.84062043 188.56854249 96.76955262 48.21320344 167.66904756 84.87005769 150.25483400 71.11269837 110.87005769 88.76955262 0.00000000 141.66904756 89.87005769 30.04163056 88.05382387 116.08326112 69.15432893 198.76450199 102.81118318 91.66904756 155.89444430 112.74011537 101.08326112
158.58073580 268.03657993 159.33809512 195.58073580 128.22539674 147.19595949 118.88225099 207.89444430 164.43860018 87.42640687 100.49747468 206.88225099 159.15432893 83.01219331 181.26702730 37.65685425 76.35533906 38.21320344 215.55129855 141.66904756 0.00000000 50.14213562 138.05382387 76.52691193 59.87005769 123.46803743 64.97056275 199.06601718 141.88225099 105.88225099 205.27922061 157.88225099
164.23759005 206.37972568 168.99494937 201.23759005 136.22539674 152.85281374 126.88225099 156.09545443 145.22539674 95.42640687 110.15432893 155.08326112 107.35533906 89.25483400 136.59797975 70.08326112 36.79898987 35.97056275 163.75230868 89.87005769 50.14213562 0.00000000 87.91168825 26.38477631 26.21320344 73.32590181 80.81118318 148.92388155 91.74011537 82.04163056 155.13708499 107.74011537
163.09545443 160.85281374 200.13708499 196.96551211 152.33809512 137.95331881 162.75230868 110.56854249 104.91168825 193.29646456 208.02438662 114.76955262 66.21320344 187.12489168 98.76955262 169.71067812 94.66904756 130.32590181 110.91168825 30.04163056 138.05382387 87.91168825 0.00000000 61.52691193 113.29646456 42.62741700 172.23759005 111.39696962 65.14213562 129.36753237 117.81118318 74.55634919
190.62236636 195.79393924 195.37972568 216.89444430 162.61017306 167.68124087 153.26702730 145.50966799 134.63961031 121.81118318 136.53910524 144.49747468 96.76955262 115.63961031 126.01219331 96.46803743 50.79898987 62.35533906 153.56854249 88.05382387 76.52691193 26.38477631 61.52691193 0.00000000 51.76955262 46.94112550 106.36753237 122.53910524 65.35533906 99.59797975 128.75230868 81.35533906
174.55129855 232.59292911 179.30865787 211.55129855 146.53910524 163.16652224 137.19595949 182.30865787 171.43860018 105.74011537 120.46803743 181.29646456 133.56854249 99.56854249 162.81118318 80.39696962 59.49747468 46.28427125 189.96551211 116.08326112 59.87005769 26.21320344 113.29646456 51.76955262 0.00000000 98.71067812 54.59797975 174.30865787 120.49747468 66.59797975 197.56854249 127.42640687
203.37972568 200.55129855 254.03657993 236.66399692 192.62236636 178.23759005 211.92388155 150.26702730 145.19595949 180.46803743 195.19595949 155.05382387 106.49747468 174.29646456 139.05382387 156.88225099 81.84062043 117.49747468 128.56854249 69.15432893 123.46803743 73.32590181 42.62741700 46.94112550 98.71067812 0.00000000 129.02438662 84.76955262 20.89949494 86.15432893 90.98275606 37.72792206
205.06601718 287.19090886 205.82337649 242.06601718 174.71067812 193.68124087 165.36753237 236.90663761 210.92388155 133.91168825 146.98275606 235.89444430 188.16652224 129.49747468 217.40916293 84.14213562 114.09545443 100.88225099 257.59292911 198.76450199 64.97056275 80.81118318 172.23759005 106.36753237 54.59797975 129.02438662 0.00000000 203.85281374 122.22539674 50.76955262 199.29646456 129.15432893
247.90663761 208.46803743 284.94826817 246.23759005 237.14927830 222.76450199 247.56349186 160.56854249 189.72287143 256.06601718 270.79393924 184.95331881 151.02438662 249.89444430 187.68124087 232.48023074 157.43860018 193.09545443 94.76955262 102.81118318 199.06601718 148.92388155 111.39696962 122.53910524 174.30865787 84.76955262 203.85281374 0.00000000 89.08326112 160.98275606 46.69848481 77.28427125
225.89444430 223.06601718 260.73506474 259.17871555 215.13708499 200.75230868 218.62236636 172.78174593 167.71067812 187.16652224 201.89444430 177.56854249 129.01219331 180.99494937 161.56854249 161.82337649 102.74011537 138.39696962 146.39696962 91.66904756 141.88225099 91.74011537 65.14213562 65.35533906 120.49747468 20.89949494 122.22539674 89.08326112 0.00000000 79.35533906 84.52691193 19.31370850
230.37972568 287.29141392 235.13708499 267.37972568 202.36753237 218.99494937 193.02438662 237.00714267 231.93607486 161.56854249 176.29646456 241.79393924 193.23759005 155.39696962 225.79393924 125.05382387 115.32590181 102.11269837 214.72287143 155.89444430 105.88225099 82.04163056 129.36753237 99.59797975 66.59797975 86.15432893 50.76955262 160.98275606 79.35533906 0.00000000 156.42640687 86.28427125
257.83556980 218.39696962 294.87720036 256.16652224 247.07821049 232.69343418 257.49242405 170.49747468 199.65180362 262.27922061 277.00714267 194.88225099 160.95331881 256.10764774 197.61017306 238.69343418 163.65180362 199.30865787 104.69848481 112.74011537 205.27922061 155.13708499 117.81118318 128.75230868 197.56854249 90.98275606 199.29646456 46.69848481 84.52691193 156.42640687 0.00000000 71.89949494
235.30865787 232.48023074 288.45079349 268.59292911 224.55129855 210.16652224 246.33809512 182.19595949 177.12489168 214.88225099 229.61017306 186.98275606 138.42640687 208.71067812 170.98275606 191.29646456 116.25483400 151.91168825 157.71067812 101.08326112 157.88225099 107.74011537 74.55634919 81.35533906 127.42640687 37.72792206 129.15432893 77.28427125 19.31370850 86.28427125 71.89949494 0.00000000
