0.00000000 16.19391597 9.21851949 9.79122140 9.50197408 34.63907766 19.93469980 54.90408635 44.83153205 47.91285447 13.20588138 58.74852179 62.42718097 45.48143455 64.57613246 53.91567026 66.34304419 53.92930740 93.52556461 81.36530344 62.07078107 66.23745629 95.07608356 87.86558969 69.19202944 102.55216663 78.10532643 103.64544761 106.74020257 83.51777380 108.93262507 107.28116456
16.19391597 0.00000000 25.41243545 6.64576244 25.69589005 40.08311030 60.91726474 40.95823446 74.15653718 77.89224632 29.39979735 60.90901861 71.64164761 75.46082640 101.87874001 83.89506211 106.16764374 119.06680817 44.26047283 74.86133261 92.05017293 121.83599916 84.27840771 105.90839291 140.79131422 90.59496288 152.65900566 68.44673190 94.78299883 116.40400062 76.17121497 95.32396082
9.21851949 25.41243545 0.00000000 19.00974088 11.35611332 35.21309653 24.31577233 83.06399792 48.86724459 7.05542190 3.88543940 62.78423433 66.46289351 52.02638743 70.20537881 16.19590906 30.83893145 18.42519465 97.56127715 85.40101598 24.75555587 30.73334354 99.11179611 52.36147695 33.68791669 60.89964943 40.79010123 107.68116015 77.19800697 48.01366106 112.96833761 65.89958426
9.79122140 6.64576244 19.00974088 0.00000000 19.29319548 33.47401842 54.30817285 45.35593282 52.11735701 71.28315443 22.99710278 65.30671697 69.71300593 68.85173451 80.44982504 77.28597022 89.71334416 77.29960736 51.66419944 79.25903097 85.44108104 89.60775625 88.67610607 115.31692801 92.56232940 94.99266124 101.47562640 75.85045851 99.18069719 106.88807376 83.57494157 99.72165918
9.50197408 25.69589005 11.35611332 19.29319548 0.00000000 24.30878968 10.52599380 72.15969107 37.96293773 38.98861235 15.64736149 51.87992748 55.55858665 38.23660890 59.30107195 44.99142814 59.04741422 46.63367742 86.65697029 74.49670912 53.14653896 58.94182631 88.20748925 80.56995972 61.89639946 95.68357231 69.18108432 96.77685330 99.87160826 76.22214383 102.06403075 100.41257024
34.63907766 40.08311030 35.21309653 33.47401842 24.30878968 0.00000000 32.19100500 62.69503533 28.49828199 48.70130128 57.08568497 42.41527174 46.09393091 46.26988137 56.83075002 54.70411708 67.13149101 54.71775421 77.19231455 65.03205338 62.85922789 67.02590310 78.74283351 91.69785300 69.98047625 86.21891657 78.89377325 87.31219756 90.40695252 84.30622062 92.59937501 90.94791450
19.93469980 60.91726474 24.31577233 54.30817285 10.52599380 32.19100500 0.00000000 80.04190639 45.84515305 27.41004756 35.79443125 59.76214280 63.44080197 26.65804411 67.93387526 33.41286335 47.46884943 35.05511264 94.53918561 82.37892445 41.56797417 47.36326153 96.08970457 68.99139493 50.31783468 77.52956742 57.60251953 104.65906862 93.82792496 64.64357904 109.94624608 82.52950224
54.90408635 40.95823446 83.06399792 45.35593282 72.15969107 62.69503533 80.04190639 0.00000000 34.66139766 97.40793062 105.79231431 21.41387909 35.75371703 94.97651070 65.93987348 88.15380165 70.27971317 83.17887759 27.82510184 38.97340204 88.79735808 85.94806858 48.39047714 70.02046234 104.90338364 54.70703231 116.77107508 52.01136091 58.89506825 80.51607005 59.73584397 59.43603024
44.83153205 74.15653718 48.86724459 52.11735701 37.96293773 28.49828199 45.84515305 34.66139766 0.00000000 63.21117729 71.59556098 14.38163407 21.73019491 60.77975737 33.80961982 69.21399308 67.14215759 69.22763022 51.97193257 40.00206781 77.36910389 82.81051300 53.71284793 66.88290676 101.76582806 61.18893099 93.40364925 62.28221198 65.37696694 86.99796873 67.56938944 65.91792893
47.91285447 77.89224632 7.05542190 71.28315443 38.98861235 48.70130128 27.41004756 97.40793062 63.21117729 0.00000000 6.64754670 77.12816703 80.80682620 14.28211243 84.27358274 14.10602470 28.17955174 15.76581494 111.90520984 69.62488885 22.27652351 28.07396383 59.94106517 49.70209724 31.02853698 58.24026973 38.31106887 73.20036087 74.53862726 45.35428135 78.94690826 63.24020455
13.20588138 29.39979735 3.88543940 22.99710278 15.64736149 57.08568497 35.79443125 105.79231431 71.59556098 6.64754670 0.00000000 85.51255072 89.19120989 17.14615888 92.65796643 12.70834548 27.35136787 14.93763107 120.28959353 68.79670498 21.26799229 27.24577996 59.11288129 48.87391337 30.20035311 57.41208585 37.30253765 72.37217700 73.71044339 44.52609747 78.11872438 62.41202068
58.74852179 60.90901861 62.78423433 65.30671697 51.87992748 42.41527174 59.76214280 21.41387909 14.38163407 77.12816703 85.51255072 0.00000000 18.54217563 74.69674711 45.66010989 83.13098282 63.82129873 76.72046315 45.23042338 36.64905812 82.33894364 79.48965414 50.35983824 63.56204790 98.44496920 57.83592131 110.31266064 69.41668245 62.02395725 83.64495905 77.14116552 62.56491924
62.42718097 71.64164761 66.46289351 69.71300593 55.55858665 46.09393091 63.44080197 35.75371703 21.73019491 80.80682620 89.19120989 18.54217563 0.00000000 78.37540629 30.24527673 61.90757505 44.03348657 56.93265100 30.40663361 17.76413277 62.55113149 59.70184199 31.47491289 43.77423574 78.65715705 38.95099595 90.52484848 40.04427694 43.13903190 64.76003369 45.33145440 43.67999389
45.48143455 75.46082640 52.02638743 68.85173451 38.23660890 46.26988137 26.65804411 94.97651070 60.77975737 14.28211243 17.14615888 74.69674711 78.37540629 0.00000000 81.84216282 8.97750664 21.96860402 9.55486723 109.47378993 63.41394113 16.31003242 21.86301612 53.73011745 43.49114952 24.81758927 52.02932201 32.34457778 66.98941315 68.32767955 39.14333363 72.73596054 57.02925683
64.57613246 101.87874001 70.20537881 80.44982504 59.30107195 56.83075002 67.93387526 65.93987348 33.80961982 84.27358274 92.65796643 45.66010989 30.24527673 81.84216282 0.00000000 90.27639853 68.20589764 90.29003567 58.76132798 42.65703021 98.43150934 83.87425306 57.86258448 67.94664681 102.82956812 65.33866754 114.69725955 64.93717438 69.52670349 91.14770528 70.22435184 70.06766548
53.91567026 83.89506211 16.19590906 77.28597022 44.99142814 54.70411708 33.41286335 88.15380165 69.21399308 14.10602470 12.70834548 83.13098282 61.90757505 8.97750664 90.27639853 0.00000000 17.58751413 5.17377733 76.94604631 59.03285124 8.56791745 17.11836171 49.34902755 38.74649512 20.09380117 47.64823211 24.60246281 62.60832326 63.58302514 31.73272331 68.35487064 52.64816694
66.34304419 106.16764374 30.83893145 89.71334416 59.04741422 67.13149101 47.46884943 70.27971317 67.14215759 28.17955174 27.35136787 63.82129873 44.03348657 21.96860402 68.20589764 17.58751413 0.00000000 12.44532965 59.07195783 41.15876276 18.11941674 22.24032696 31.72529078 26.66622218 32.01797193 30.02449534 43.88566337 44.98458648 36.30115706 46.34371630 50.73113387 35.02443016
53.92930740 119.06680817 18.42519465 77.29960736 46.63367742 54.71775421 35.05511264 83.17887759 69.22763022 15.76581494 14.93763107 76.72046315 56.93265100 9.55486723 90.29003567 5.17377733 12.44532965 0.00000000 71.97112226 54.05792718 6.14789982 12.96881145 44.37410349 34.59694486 15.95030142 42.67330805 27.81799285 57.63339920 48.94996978 30.27604578 63.37994659 47.67324288
93.52556461 44.26047283 97.56127715 51.66419944 86.65697029 77.19231455 94.53918561 27.82510184 51.97193257 111.90520984 120.28959353 45.23042338 30.40663361 109.47378993 58.76132798 76.94604631 59.07195783 71.97112226 0.00000000 27.76564670 77.58960275 74.74031325 32.18848186 46.21015493 93.69562831 38.57815367 74.36750412 24.50740144 41.81559009 64.26435093 32.23188451 36.60790698
81.36530344 74.86133261 85.40101598 79.25903097 74.49670912 65.03205338 82.37892445 38.97340204 40.00206781 69.62488885 68.79670498 36.64905812 17.76413277 63.41394113 42.65703021 59.03285124 41.15876276 54.05792718 27.76564670 0.00000000 59.67640767 56.82711817 9.02112011 22.16134122 75.78243323 15.73363027 51.64582120 22.35133649 19.92166622 41.54266801 27.63851395 20.46262820
62.07078107 92.05017293 24.75555587 85.44108104 53.14653896 62.85922789 41.56797417 88.79735808 77.36910389 22.27652351 21.26799229 82.33894364 62.55113149 16.31003242 98.43150934 8.56791745 18.11941674 6.14789982 77.58960275 59.67640767 0.00000000 14.92834954 51.01332441 36.55648295 17.77302589 49.09036103 19.27054340 64.26735512 61.39301297 26.40080389 70.01390250 54.29783652
66.23745629 121.83599916 30.73334354 89.60775625 58.94182631 67.02590310 47.36326153 85.94806858 82.81051300 28.07396383 27.24577996 79.48965414 59.70184199 21.86301612 83.87425306 17.11836171 22.24032696 12.96881145 74.74031325 56.82711817 14.92834954 0.00000000 36.17342042 21.71657895 18.95531506 34.25045704 30.82300650 49.42745113 46.55310898 33.28105943 55.17399851 39.45793253
95.07608356 84.27840771 99.11179611 88.67610607 88.20748925 78.74283351 96.08970457 48.39047714 53.71284793 59.94106517 59.11288129 50.35983824 31.47491289 53.73011745 57.86258448 49.34902755 31.72529078 44.37410349 32.18848186 9.02112011 51.01332441 36.17342042 0.00000000 14.45684146 55.35244526 8.02913051 43.94132144 22.47096662 12.21716646 33.83816825 27.68285485 12.75812845
87.86558969 105.90839291 52.36147695 115.31692801 80.56995972 91.69785300 68.99139493 70.02046234 66.88290676 49.70209724 48.87391337 63.56204790 43.77423574 43.49114952 67.94664681 38.74649512 26.66622218 34.59694486 46.21015493 22.16134122 36.55648295 21.71657895 14.45684146 0.00000000 40.89560380 12.53387808 52.76329523 27.71087217 24.83653002 57.90399568 33.45741956 17.74135358
69.19202944 140.79131422 33.68791669 92.56232940 61.89639946 69.98047625 50.31783468 104.90338364 101.76582806 31.02853698 30.20035311 98.44496920 78.65715705 24.81758927 102.82956812 20.09380117 32.01797193 15.95030142 93.69562831 75.78243323 17.77302589 18.95531506 55.35244526 40.89560380 0.00000000 53.42948188 12.45051690 68.60647597 34.43794263 16.71010684 47.39547671 30.35036200
102.55216663 90.59496288 60.89964943 94.99266124 95.68357231 86.21891657 77.52956742 54.70703231 61.18893099 58.24026973 57.41208585 57.83592131 38.95099595 52.02932201 65.33866754 47.64823211 30.02449534 42.67330805 38.57815367 15.73363027 49.09036103 34.25045704 8.02913051 12.53387808 53.42948188 0.00000000 35.78600198 17.11319797 6.34134881 25.68284879 22.85974535 6.14719867
78.10532643 152.65900566 40.79010123 101.47562640 69.18108432 78.89377325 57.60251953 116.77107508 93.40364925 38.31106887 37.30253765 110.31266064 90.52484848 32.34457778 114.69725955 24.60246281 43.88566337 27.81799285 74.36750412 51.64582120 19.27054340 30.82300650 43.94132144 52.76329523 12.45051690 35.78600198 0.00000000 40.98377629 30.88624503 8.95413862 43.84377912 26.79866441
103.64544761 68.44673190 107.68116015 75.85045851 96.77685330 87.31219756 104.65906862 52.01136091 62.28221198 73.20036087 72.37217700 69.41668245 40.04427694 66.98941315 64.93717438 62.60832326 44.98458648 57.63339920 24.50740144 22.35133649 64.26735512 49.42745113 22.47096662 27.71087217 68.60647597 17.11319797 40.98377629 0.00000000 17.11831627 30.88062310 11.61107387 14.37562341
106.74020257 94.78299883 77.19800697 99.18069719 99.87160826 90.40695252 93.82792496 58.89506825 65.37696694 74.53862726 73.71044339 62.02395725 43.13903190 68.32767955 69.52670349 63.58302514 36.30115706 48.94996978 41.81559009 19.92166622 61.39301297 46.55310898 12.21716646 24.83653002 34.43794263 6.34134881 30.88624503 17.11831627 0.00000000 20.78309184 20.02722583 3.57955734
83.51777380 116.40400062 48.01366106 106.88807376 76.22214383 84.30622062 64.64357904 80.51607005 86.99796873 45.35428135 44.52609747 83.64495905 64.76003369 39.14333363 91.14770528 31.73272331 46.34371630 30.27604578 64.26435093 41.54266801 26.40080389 33.28105943 33.83816825 57.90399568 16.71010684 25.68284879 8.95413862 30.88062310 20.78309184 0.00000000 33.74062593 16.69551122
108.93262507 76.17121497 112.96833761 83.57494157 102.06403075 92.59937501 109.94624608 59.73584397 67.56938944 78.94690826 78.11872438 77.14116552 45.33145440 72.73596054 70.22435184 68.35487064 50.73113387 63.37994659 32.23188451 27.63851395 70.01390250 55.17399851 27.68285485 33.45741956 47.39547671 22.85974535 43.84377912 11.61107387 20.02722583 33.74062593 0.00000000 17.17474808
107.28116456 95.32396082 65.89958426 99.72165918 100.41257024 90.94791450 82.52950224 59.43603024 65.91792893 63.24020455 62.41202068 62.56491924 43.67999389 57.02925683 70.06766548 52.64816694 35.02443016 47.67324288 36.60790698 20.46262820 54.29783652 39.45793253 12.75812845 17.74135358 30.35036200 6.14719867 26.79866441 14.37562341 3.57955734 16.69551122 17.17474808 0.00000000
