0.00000000 65.29998675 32.43075575 29.11420435 19.47086881 28.67379226 31.30652418 85.90553533 45.84701773 55.43548786 58.07509360 69.35068148 63.94749409 53.68131898 58.91716997 76.26240256 102.97451574 79.25238028 107.90199735 89.32173403 91.99306362 98.30662451 102.05033850 117.02559350 104.73168545 121.77047260 116.38753636 140.99044163 133.20509284 133.42678775 148.30829719 136.63182433
65.29998675 0.00000000 97.73074250 36.65604510 84.77085556 68.92567600 95.62127457 39.37632557 80.65625700 116.41284664 123.37508036 58.04472111 70.69588656 114.65867776 105.87249464 137.23976134 117.75683635 138.41228612 64.94861465 81.00838683 152.97042240 130.55582440 96.81118247 123.75665352 148.00890060 116.23528965 174.86763495 111.56632838 127.66990989 165.37267421 118.26762608 131.09664138
32.43075575 97.73074250 0.00000000 61.54496010 25.25207397 49.52686608 36.69822151 107.78975966 64.56426683 40.23591121 30.48372327 88.06793058 82.66474319 62.41784949 77.53888298 66.02330129 93.31650854 69.59437307 126.61924645 108.03898313 81.92793995 88.64861730 120.76758760 107.36758629 95.07367825 132.58348180 106.32241268 159.70769073 144.84691393 123.76878055 167.02554629 148.83151050
29.11420435 36.65604510 61.54496010 0.00000000 48.58507315 32.30796909 59.00356766 57.26159369 61.02664245 79.79513973 87.18929795 75.92998923 79.12711881 78.04097085 74.85510439 100.62205443 127.33416761 103.61203215 83.61321183 98.89365495 116.35271549 122.66627638 114.69645059 138.05731521 129.09133732 134.12055776 140.74718823 130.23092557 145.55517801 157.78643962 136.93222326 148.98190950
19.47086881 84.77085556 25.25207397 48.58507315 0.00000000 24.33317738 11.83516662 82.59607096 39.37057812 38.30088873 50.60601201 62.87424188 57.47105448 37.55479459 52.34519428 59.12780343 85.89920549 62.17707003 101.42555775 82.84529442 74.85846449 81.23131426 95.57389890 99.95028325 87.65637520 115.29403299 99.25293723 134.51400202 126.72865324 116.35147750 141.83185759 130.15538473
28.67379226 68.92567600 49.52686608 32.30796909 24.33317738 0.00000000 31.22331281 74.72482906 31.49933623 51.48579217 66.70855922 55.00299999 49.59981259 49.73162328 45.32779817 72.31270687 99.02482005 75.30268458 93.55431586 74.97405253 88.04336793 94.35692881 87.70265700 108.53000899 100.78198976 107.42279110 112.43784066 126.64276013 118.85741135 129.47709206 133.96061570 122.28414284
31.30652418 95.62127457 36.69822151 59.00356766 11.83516662 31.22331281 0.00000000 89.48620639 46.26071356 31.26449722 46.48726428 69.76437731 64.36118991 30.51840308 58.91273482 52.09141192 78.86281398 55.14067852 108.31569318 89.73542985 67.82207298 74.19492275 102.46403433 92.91389174 80.61998369 118.12978724 92.21654572 141.40413745 130.39321938 109.31508599 148.72199302 134.37781595
85.90553533 39.37632557 107.78975966 57.26159369 82.59607096 74.72482906 89.48620639 0.00000000 44.05247555 108.88366307 124.10643012 21.44093966 38.14797235 107.12949419 72.62916556 123.71219686 85.20892213 105.86437191 36.59187797 48.46047262 123.13141736 98.00791019 64.26326826 91.20873931 115.46098638 83.68737543 142.31972073 83.20959171 95.12199568 132.82476000 89.91088941 98.54872717
45.84701773 80.65625700 64.56426683 61.02664245 39.37057812 31.49933623 46.26071356 44.05247555 0.00000000 65.65817024 80.88093729 24.33064647 26.07077009 63.90400135 34.84272949 86.48508494 79.46663879 89.47506265 69.72863848 51.86737897 102.21574600 92.26562684 64.59598345 85.46645596 109.71870304 84.31611754 126.61021873 103.53608657 95.75073779 133.45350210 110.85394214 99.17746928
55.43548786 116.41284664 40.23591121 79.79513973 38.30088873 51.48579217 31.26449722 108.88366307 65.65817024 0.00000000 16.20737496 89.16183399 83.75864659 27.98620615 78.45311140 29.09023389 55.86689824 32.14476278 127.71314986 99.69223738 44.82551135 51.19900700 100.63988848 69.91797600 57.62406795 95.13387150 69.21998409 134.14795860 107.39730364 86.31917025 136.47490295 111.38190020
58.07509360 123.37508036 30.48372327 87.18929795 50.60601201 66.70855922 46.48726428 124.10643012 80.88093729 16.20737496 0.00000000 104.38460104 98.98141364 38.21804212 93.67587846 36.48805807 63.78126531 40.05912984 142.93591691 107.60660445 52.39269672 59.11337407 108.55425555 77.83234306 65.53843502 103.04823857 76.78716945 142.06232567 115.31167070 94.23353732 144.38927002 119.29626727
69.35068148 58.04472111 88.06793058 75.92998923 62.87424188 55.00299999 69.76437731 21.44093966 24.33064647 89.16183399 104.38460104 0.00000000 29.48362827 87.40766511 52.90733648 109.98874869 83.90650274 104.56195252 52.63648859 56.29759768 121.82899797 96.70549079 69.02620215 89.90631992 114.15856699 88.74633625 141.01730134 99.25420232 100.18095650 137.88372081 105.95550002 103.60768798
63.94749409 70.69588656 82.66474319 79.12711881 57.47105448 49.59981259 64.36118991 38.14797235 26.07077009 83.75864659 98.98141364 29.48362827 0.00000000 82.00447771 35.17906338 93.78764812 55.28437339 75.93982317 44.09285972 27.55381043 93.20686862 68.08336145 40.28241490 61.28419057 85.53643764 60.00254900 112.39517199 79.22251803 71.43716924 109.13993356 86.54037359 74.86390073
53.68131898 114.65867776 62.41784949 78.04097085 37.55479459 49.73162328 30.51840308 107.12949419 63.90400135 27.98620615 38.21804212 87.40766511 82.00447771 0.00000000 76.69894252 27.70367756 52.72638616 29.00425070 125.95898098 96.55172531 42.75686506 48.05849493 97.49937641 66.77746392 54.48355587 91.99335943 67.15133780 131.00744653 104.25679156 83.17865818 133.33439088 108.24138813
58.91716997 105.87249464 77.53888298 74.85510439 52.34519428 45.32779817 58.91273482 72.62916556 34.84272949 78.45311140 93.67587846 52.90733648 35.17906338 76.69894252 0.00000000 99.28002610 81.45482688 102.27000382 78.86797288 55.17983388 115.01068716 94.25381493 67.19849625 87.45464405 111.70689113 86.91863034 138.56562548 106.84854148 98.35325059 136.05601490 114.16639704 101.77998208
76.26240256 137.23976134 66.02330129 100.62205443 59.12780343 72.31270687 52.09141192 123.71219686 86.48508494 29.09023389 36.48805807 109.98874869 93.78764812 27.70367756 99.28002610 0.00000000 41.82721602 18.10508056 124.98797350 85.65255516 20.82725675 37.20018303 86.60020626 55.91915202 43.59429132 81.09418928 45.22172949 120.10827638 93.39847966 65.09411140 122.43522073 97.34221798
102.97451574 117.75683635 93.31650854 127.33416761 85.89920549 99.02482005 78.86281398 85.20892213 79.46663879 55.86689824 63.78126531 83.90650274 55.28437339 52.72638616 81.45482688 41.82721602 0.00000000 24.00699101 86.48469878 47.14928044 41.60657797 21.42150649 49.67481474 30.41290285 36.50486467 44.16879776 63.36359902 83.18288486 56.71609126 65.19996697 85.50982921 60.41682646
79.25238028 138.41228612 69.59437307 103.61203215 62.17707003 75.30268458 55.14067852 105.86437191 89.47506265 32.14476278 40.05912984 104.56195252 75.93982317 29.00425070 102.27000382 18.10508056 24.00699101 0.00000000 107.14014856 67.80473022 21.06894111 19.90705564 68.75238131 38.62602463 26.34842386 63.24636434 53.20715821 102.26045144 75.79365783 55.04352616 104.58739579 79.49439304
107.90199735 64.94861465 126.61924645 83.61321183 101.42555775 93.55431586 108.31569318 36.59187797 69.72863848 127.71314986 142.93591691 52.63648859 44.09285972 125.95898098 78.86797288 124.98797350 86.48469878 107.14014856 0.00000000 49.73624927 124.40719400 99.28368683 58.34671704 82.46530257 116.73676303 67.99886825 135.98491148 47.12548189 78.58334284 116.83408409 53.82677958 76.97724499
89.32173403 81.00838683 108.03898313 98.89365495 82.84529442 74.97405253 89.73542985 48.46047262 51.86737897 99.69223738 107.60660445 56.29759768 27.55381043 96.55172531 55.17983388 85.65255516 47.14928044 67.80473022 49.73624927 0.00000000 85.07177566 59.94826849 15.76909068 46.96586137 77.40134469 35.22690281 103.51511476 51.68678865 46.66152306 84.36428738 59.00464421 50.08825455
91.99306362 152.97042240 81.92793995 116.35271549 74.85846449 88.04336793 67.82207298 123.13141736 102.21574600 44.82551135 52.39269672 121.82899797 93.20686862 42.75686506 115.01068716 20.82725675 41.60657797 21.06894111 124.40719400 85.07177566 0.00000000 27.91329466 79.09048489 46.63226365 34.12996369 73.34701859 34.13808334 112.36992211 84.11159129 54.01046526 114.69686646 89.60828226
98.30662451 130.55582440 88.64861730 122.66627638 81.23131426 94.35692881 74.19492275 98.00791019 92.26562684 51.19900700 59.11337407 96.70549079 68.08336145 48.05849493 94.25381493 37.20018303 21.42150649 19.90705564 99.28368683 59.94826849 27.91329466 0.00000000 51.20372390 18.74550266 17.45307620 45.46025759 44.31181055 84.48316111 56.22483030 46.14817850 86.81010546 61.72152126
102.05033850 96.81118247 120.76758760 114.69645059 95.57389890 87.70265700 102.46403433 64.26326826 64.59598345 100.63988848 108.55425555 69.02620215 40.28241490 97.49937641 67.19849625 86.60020626 49.67481474 68.75238131 58.34671704 15.76909068 79.09048489 51.20372390 0.00000000 32.45822124 68.39254218 20.71926268 89.00747463 55.31575707 32.15388293 69.85664724 59.27896213 35.58061442
117.02559350 123.75665352 107.36758629 138.05731521 99.95028325 108.53000899 92.91389174 91.20873931 85.46645596 69.91797600 77.83234306 89.90631992 61.28419057 66.77746392 87.45464405 55.91915202 30.41290285 38.62602463 82.46530257 46.96586137 46.63226365 18.74550266 32.45822124 0.00000000 35.93432094 26.71475493 62.79305529 65.73765846 37.47932764 62.87321159 68.06460280 42.97601861
104.73168545 148.00890060 95.07367825 129.09133732 87.65637520 100.78198976 80.61998369 115.46098638 109.71870304 57.62406795 65.53843502 114.15856699 85.53643764 54.48355587 111.70689113 43.59429132 36.50486467 26.34842386 116.73676303 77.40134469 34.12996369 17.45307620 68.39254218 35.93432094 0.00000000 62.64907587 27.03358199 101.67197940 63.06896425 32.82645880 101.78098257 67.60144994
121.77047260 116.23528965 132.58348180 134.12055776 115.29403299 107.42279110 118.12978724 83.68737543 84.31611754 95.13387150 103.04823857 88.74633625 60.00254900 91.99335943 86.91863034 81.09418928 44.16879776 63.24636434 67.99886825 35.22690281 73.34701859 45.46025759 20.71926268 26.71475493 62.64907587 0.00000000 68.41144173 43.11515547 12.83007338 49.26061434 45.44209982 19.11640720
116.38753636 174.86763495 106.32241268 140.74718823 99.25293723 112.43784066 92.21654572 142.31972073 126.61021873 69.21998409 76.78716945 141.01730134 112.39517199 67.15133780 138.56562548 45.22172949 63.36359902 53.20715821 135.98491148 103.51511476 34.13808334 44.31181055 89.00747463 62.79305529 27.03358199 68.41144173 0.00000000 104.01148034 62.92162995 24.78993566 101.63364827 67.45411564
140.99044163 111.56632838 159.70769073 130.23092557 134.51400202 126.64276013 141.40413745 83.20959171 103.53608657 134.14795860 142.06232567 99.25420232 79.22251803 131.00744653 106.84854148 120.10827638 83.18288486 102.26045144 47.12548189 51.68678865 112.36992211 84.48316111 55.31575707 65.73765846 101.67197940 43.11515547 104.01148034 0.00000000 43.88797572 84.86065296 25.48554405 37.99292663
133.20509284 127.66990989 144.84691393 145.55517801 126.72865324 118.85741135 130.39321938 95.12199568 95.75073779 107.39730364 115.31167070 100.18095650 71.43716924 104.25679156 98.35325059 93.39847966 56.71609126 75.79365783 78.58334284 46.66152306 84.11159129 56.22483030 32.15388293 37.47932764 63.06896425 12.83007338 62.92162995 43.88797572 0.00000000 43.77080256 41.47951013 9.12374352
133.42678775 165.37267421 123.76878055 157.78643962 116.35147750 129.47709206 109.31508599 132.82476000 133.45350210 86.31917025 94.23353732 137.88372081 109.13993356 83.17865818 136.05601490 65.09411140 65.19996697 55.04352616 116.83408409 84.36428738 54.01046526 46.14817850 69.85664724 62.87321159 32.82645880 49.26061434 24.78993566 84.86065296 43.77080256 0.00000000 82.48282088 48.30328826
148.30829719 118.26762608 167.02554629 136.93222326 141.83185759 133.96061570 148.72199302 89.91088941 110.85394214 136.47490295 144.38927002 105.95550002 86.54037359 133.33439088 114.16639704 122.43522073 85.50982921 104.58739579 53.82677958 59.00464421 114.69686646 86.81010546 59.27896213 68.06460280 101.78098257 45.44209982 101.63364827 25.48554405 41.47951013 82.48282088 0.00000000 35.23136067
136.63182433 131.09664138 148.83151050 148.98190950 130.15538473 122.28414284 134.37781595 98.54872717 99.17746928 111.38190020 119.29626727 103.60768798 74.86390073 108.24138813 101.77998208 97.34221798 60.41682646 79.49439304 76.97724499 50.08825455 89.60828226 61.72152126 35.58061442 42.97601861 67.60144994 19.11640720 67.45411564 37.99292663 9.12374352 48.30328826 35.23136067 0.00000000
