0.00000000 194.45079349 305.17871555 126.43860018 165.95331881 327.94826817 299.99494937 474.67113960 342.24978336 400.61731573
194.45079349 0.00000000 118.76955262 263.00714267 200.48023074 144.91168825 361.85995642 280.52186130 265.66399692 235.88225099
305.17871555 118.76955262 0.00000000 375.14927830 319.24978336 181.58073580 425.96046148 220.74011537 302.33304448 268.40916293
126.43860018 263.00714267 375.14927830 0.00000000 154.46803743 312.48023074 189.49747468 459.20310217 286.94826817 354.10259710
165.95331881 200.48023074 319.24978336 154.46803743 0.00000000 192.68124087 161.37972568 339.40411229 187.65180362 246.01933598
327.94826817 144.91168825 181.58073580 312.48023074 192.68124087 0.00000000 264.33809512 146.72287143 139.88225099 100.91168825
299.99494937 361.85995642 425.96046148 189.49747468 161.37972568 264.33809512 0.00000000 387.48023074 177.91168825 276.58073580
474.67113960 280.52186130 220.74011537 459.20310217 339.40411229 146.72287143 387.48023074 0.00000000 199.62741700 112.55634919
342.24978336 265.66399692 302.33304448 286.94826817 187.65180362 139.88225099 177.91168825 199.62741700 0.00000000 87.07106781
400.61731573 235.88225099 268.40916293 354.10259710 246.01933598 100.91168825 276.58073580 112.55634919 87.07106781 0.00000000
