0.00000000 66.38161445 100.98260687 32.95275314 38.13776511 97.21774898 82.31614956 133.28499294 111.10386663 125.64800998
66.38161445 0.00000000 43.42494448 83.93516738 74.37559645 40.45260458 148.06001937 68.11438712 104.77746680 67.01708951
100.98260687 43.42494448 0.00000000 122.29009882 117.71442378 46.67812035 178.44687968 74.06502402 111.24455101 72.35584879
32.95275314 83.93516738 122.29009882 0.00000000 42.97350164 121.72115463 52.40750086 157.78839859 118.00068078 130.11277416
38.13776511 74.37559645 117.71442378 42.97350164 0.00000000 75.18828088 75.59637672 111.25552484 87.50269292 102.04683627
97.21774898 40.45260458 46.67812035 121.72115463 75.18828088 0.00000000 135.24547496 36.06999901 67.24649516 30.95953496
82.31614956 148.06001937 178.44687968 52.40750086 75.59637672 135.24547496 0.00000000 122.68046731 76.17101073 91.36338498
133.28499294 68.11438712 74.06502402 157.78839859 111.25552484 36.06999901 122.68046731 0.00000000 62.88529984 30.15565043
111.10386663 104.77746680 111.24455101 118.00068078 87.50269292 67.24649516 76.17101073 62.88529984 0.00000000 33.09013434
125.64800998 67.01708951 72.35584879 130.11277416 102.04683627 30.95953496 91.36338498 30.15565043 33.09013434 0.00000000
