0.00000000 123.63296146 191.80980857 72.54872552 92.65933544 195.07888749 177.18770407 278.72371393 199.10922474 233.34873965
123.63296146 0.00000000 70.55791014 157.39334822 130.74697412 82.57046841 230.10388965 159.39549342 160.18709452 134.80604094
191.80980857 70.55791014 0.00000000 225.90865266 201.28335497 103.98734140 264.26072593 138.31603999 181.66435963 153.93015701
72.54872552 157.39334822 225.90865266 0.00000000 92.12076317 192.03676386 110.40250946 275.68159030 175.34642564 211.53520932
92.65933544 130.74697412 201.28335497 92.12076317 0.00000000 120.83351141 100.43410286 204.47833786 115.89521005 150.13472496
195.07888749 82.57046841 103.98734140 192.03676386 120.83351141 0.00000000 170.45522340 83.64551521 87.72798367 58.30489779
177.18770407 230.10388965 264.26072593 110.40250946 100.43410286 170.45522340 0.00000000 227.98099787 115.16740699 164.49677544
278.72371393 159.39549342 138.31603999 275.68159030 204.47833786 83.64551521 227.98099787 0.00000000 115.74023784 64.02229159
199.10922474 160.18709452 181.66435963 175.34642564 115.89521005 87.72798367 115.16740699 115.74023784 0.00000000 51.80806749
233.34873965 134.80604094 153.93015701 211.53520932 150.13472496 58.30489779 164.49677544 64.02229159 51.80806749 0.00000000
