0.00000000 22.70895198 17.77766395 10.60664314 5.17859956 4.09302153 11.98815627 22.58714671 8.53409043 6.76183593 19.41048185 12.10757235 14.34976352 16.02233629 33.08591066 9.99262622 20.52786679 16.84949836 25.67043508 15.17681428 30.35835387 27.78760398 19.04112431 19.08625111 23.36999193 28.96564041 20.95265937 25.10141816 33.19662074 20.59495302 31.50562186 22.93500605 26.56995471 25.62801593 34.61460830 25.78620330 26.40267802 27.01433884 29.64331355 31.30251547 33.75914157 37.13686035 31.62292232 33.44437386 32.46931262 37.69575957 35.60451547 36.17892852 41.91303763 39.08702379 46.16195024 41.37632304 41.38992412 42.68324824 41.74725152 48.45027507 44.26623205 41.93935388 45.06867623 41.62928623
22.70895198 0.00000000 6.71092049 17.68350847 31.65078022 18.60806648 37.29568390 2.44913918 27.73911204 20.94755169 13.95123072 32.84345721 12.71927719 28.48096655 8.12249130 25.20971059 21.31148010 37.90232819 10.59143062 33.56750777 16.29533650 22.77186329 33.88961751 34.52818432 41.69510783 15.83281760 39.27777526 43.42653406 19.13360338 35.44344622 18.37279905 38.08788666 28.86133722 32.31815284 20.84656828 44.11131920 44.72779391 42.16721945 29.89515796 46.45539608 28.97514919 23.36882033 51.65194614 27.35497838 40.21028638 32.77103912 50.75739608 56.52979732 36.35064699 62.49752091 41.82515012 38.19014767 47.78390888 37.44097134 36.99295147 44.78974950 40.75074100 62.52970638 39.50628559 61.98015504
17.77766395 6.71092049 0.00000000 10.97258798 26.71949220 13.67677846 32.36439588 7.43854567 22.80782402 16.01626367 7.42689314 27.91216918 7.90685782 23.54967852 16.58764389 20.27842257 10.45792600 32.97104017 18.04822410 28.63621975 21.30166439 18.58632052 28.95832949 29.59689630 36.76381981 23.69736320 34.34648724 38.49524604 24.13993127 30.51215820 26.23734466 33.15659864 36.85523989 35.54522111 25.85289616 39.18003118 39.79650589 37.23593143 37.88906064 41.52410806 36.83969480 28.37514822 46.72065812 35.34888106 42.50557249 40.76494180 45.82610806 51.59850930 42.87248105 57.56623289 49.81905280 46.18405034 51.61151671 43.69510587 42.75910916 52.78365218 48.74464368 57.59841836 46.02811965 57.04886702
10.60664314 17.68350847 10.97258798 0.00000000 19.54847139 6.50575764 25.19337506 14.31480894 15.58168441 8.79012406 11.73931897 20.68602957 7.14103416 16.32353891 23.40086712 11.50048690 10.80660837 25.74490056 18.10626939 20.10604966 25.34177549 18.08165317 20.18039382 20.26800417 29.53768020 19.25968960 27.12034763 31.26910643 28.18004237 21.73422253 21.79967105 24.37866297 27.70922422 26.76728544 24.90865749 31.95389157 32.57036628 28.45799576 30.78258306 32.74617238 32.40202119 27.43090954 37.94272244 30.86144400 33.72763682 36.27750474 37.04817238 42.82057363 38.38504399 48.78829722 47.85950229 41.69661329 42.83358104 39.20766881 38.27167210 50.14782711 44.25720662 48.82048269 41.54068259 48.27093134
5.17859956 31.65078022 26.71949220 19.54847139 0.00000000 13.79432687 11.19163910 31.52897496 4.37359765 9.32435277 28.35231009 6.29594855 20.94496279 11.67031525 40.22709024 12.61671023 23.77707578 11.16006406 32.81161466 8.80839672 33.60756285 31.03681297 20.67422679 21.12558177 17.66384800 32.21484940 15.24651544 19.39527423 36.44582973 22.22805550 34.75483085 19.89759566 28.20305719 27.26111841 37.86381729 20.08005937 20.69653409 20.66795266 31.27641603 24.73643221 35.39224405 37.79017020 25.91677838 35.07747634 34.10241510 39.32886205 29.03843221 30.47278459 43.54614011 33.38087986 37.32671950 43.00942551 35.94479415 44.31635071 43.38035400 36.62957210 45.89933453 36.23320995 46.70177871 35.92314230
4.09302153 18.60806648 13.67677846 6.50575764 13.79432687 0.00000000 17.44939483 18.48626122 9.48725616 3.24067612 15.30959635 14.59160133 10.24887802 10.19136446 28.98502517 6.02750000 16.42698129 19.61272610 21.56954958 13.97387520 26.25746837 23.68671848 14.68014599 15.72341442 23.40550574 24.86475491 20.98817318 25.13693197 29.09573525 16.23397470 27.40473637 18.87841514 22.20897639 21.26703761 30.51372280 25.82171711 26.43819182 22.95774793 25.28233523 27.24592456 38.00708651 33.03597486 32.44247462 29.08339554 28.22738899 33.33478126 31.54792456 36.21444233 37.55205931 39.12253760 42.35925446 37.01534472 37.33333321 38.32226992 37.38627320 44.64757929 39.90525373 43.32023486 40.70769791 41.66480004
11.98815627 37.29568390 32.36439588 25.19337506 11.19163910 17.44939483 0.00000000 37.17387864 10.49069852 16.89668841 36.89341825 6.53667525 28.51729844 15.02728740 47.79942589 21.75370955 31.34941142 8.74017691 40.38395030 12.58059324 41.17989850 38.60914861 29.02954961 29.13734756 20.82908631 39.78718504 18.85019480 22.56051254 44.01816538 32.64409477 42.32716650 24.45696117 36.55838002 35.61644124 46.59027182 25.47580806 26.30589764 25.22731816 39.63173885 29.29579771 43.74756688 46.14549303 31.52614194 43.43279916 40.57526639 47.68418488 33.59779771 36.08214815 51.90146294 38.99024342 41.88608500 45.94063439 40.50415965 52.67167354 51.73567683 41.18893760 54.25465735 41.84257351 55.05710153 41.53250586
22.58714671 2.44913918 7.43854567 14.31480894 31.52897496 18.48626122 37.17387864 0.00000000 29.02212388 22.23056352 13.29070901 34.12646904 12.71010995 29.76397838 6.06822550 24.75426849 14.27695626 39.18534003 8.32168964 33.11206568 14.02559552 16.53290053 33.43417542 34.07274223 42.97811967 13.56307661 40.56078710 44.70954589 16.86386239 34.98800413 16.10305807 37.63244457 26.59159623 30.04841185 18.57682729 45.39433103 47.76602472 41.71177736 27.62541698 45.99995398 26.70540821 21.09907935 51.19650404 25.08523740 37.94054540 30.50129814 48.41352671 56.07435523 34.08090601 62.04207882 39.55540914 35.92040669 45.51416790 35.17123036 34.72321049 42.52000852 38.48100002 50.79723724 37.23654461 51.59281162
8.53409043 27.73911204 22.80782402 15.58168441 4.37359765 9.48725616 10.49069852 29.02212388 0.00000000 7.78115660 27.77045534 6.08210548 19.40176662 9.72870609 38.68389407 11.07351406 22.23387961 11.05025637 31.26841849 7.43089054 32.06436668 29.49361680 23.68796795 23.79576589 16.69598303 30.67165323 14.27865046 18.42740926 34.90263356 27.30251311 33.21163468 27.76835536 31.21679835 30.27485957 36.32062112 19.11219439 19.72866911 19.70008769 34.29015719 23.76856723 38.40598521 40.80391137 24.94891341 38.09121750 37.53231304 42.34260322 28.07056723 29.50491961 46.55988127 32.41301489 36.35885452 46.02316668 34.97692917 47.33009188 46.39409516 35.66170712 48.91307569 35.26534497 49.71551987 34.95527733
6.76183593 20.94755169 16.01626367 8.79012406 9.32435277 3.24067612 16.89668841 22.23056352 7.78115660 0.00000000 20.97889498 13.14635562 12.10059087 7.61829588 31.38271832 4.00813553 14.93270385 17.03965753 23.96724273 11.40080663 24.76319093 22.19244104 12.10226731 12.43938907 20.83243717 23.37047747 18.41510460 22.56386340 27.60145781 13.65609602 25.91045893 16.28814400 19.63109771 18.68915893 29.01944536 23.24864853 23.86512325 20.36747680 22.70445655 24.65565342 26.82028457 29.21821073 29.85220348 26.50551686 25.82245057 30.75690258 28.95765342 34.73005466 34.97418063 40.69777825 39.51508819 34.43746604 34.74306207 35.74439124 34.80839452 41.80341302 37.32737505 40.72996372 38.12981923 40.18041238
19.41048185 13.95123072 7.42689314 11.73931897 28.35231009 15.30959635 36.89341825 13.29070901 27.77045534 20.97889498 0.00000000 32.87480050 6.81800000 27.01509610 17.53600713 21.29723430 7.36024938 36.54413044 8.19128030 30.33469166 13.87477124 15.00616316 29.97714123 30.61570803 40.33691008 16.27047006 37.91957751 42.06833631 16.71303812 31.53096994 18.81045151 34.17541038 29.42834675 32.88516237 18.42600302 42.75312144 44.30899053 38.25474317 30.46216749 42.54291979 29.41280165 20.94825508 47.73946985 27.92198791 40.77729591 33.33804866 46.84491979 52.61732104 35.44558791 58.58504463 42.39215965 38.75715720 48.35091842 36.26821273 35.33221601 45.35675904 41.31775053 58.61723009 38.60122650 58.06767875
12.10757235 32.84345721 27.91216918 20.68602957 6.29594855 14.59160133 6.53667525 34.12646904 6.08210548 13.14635562 32.87480050 0.00000000 24.76696565 8.22814808 44.04909310 14.93952860 27.59907863 7.58474033 36.63361751 6.04391800 37.42956571 34.85881582 22.21536867 22.32316661 14.67637708 36.03685225 12.69748557 16.40780331 40.26783259 25.82991383 38.57683371 18.30425194 29.74419907 28.80226029 39.77609087 19.32309883 20.15318841 19.07460893 32.81755791 23.14308848 36.93338593 39.33131209 25.37343271 36.61861822 34.42255716 40.87000394 27.44508848 29.92943892 45.08728199 32.83753419 35.73337577 39.78792516 34.35145042 45.85749260 44.92149588 35.03622837 47.44047641 35.68986428 48.24292059 35.37979663
14.34976352 12.71927719 7.90685782 7.14103416 20.94496279 10.24887802 28.51729844 12.71010995 19.40176662 12.10059087 6.81800000 24.76696565 0.00000000 18.20890973 19.81662301 12.49104794 3.65189141 27.73794407 12.40114743 21.52850529 13.48237849 10.91162860 21.17095486 21.80952167 31.53072371 12.08966503 29.11339114 33.26214994 16.32064537 22.72478357 14.62964649 25.36922401 25.19777827 27.75784648 17.73863292 33.94693508 35.50280416 29.44855680 26.23159901 33.73673342 25.23199663 20.26088497 38.93328348 23.69141943 34.71819786 29.10748017 38.03873342 43.81113467 31.21501943 49.77885826 38.16159117 34.52658872 43.82414208 32.03764425 31.10164753 51.13838816 37.08718205 49.81104373 34.37065802 49.26149239
16.02233629 28.48096655 23.54967852 16.32353891 11.67031525 10.19136446 15.02728740 29.76397838 9.72870609 7.61829588 27.01509610 8.22814808 18.20890973 0.00000000 37.49103718 7.03120267 21.04102272 9.94810314 30.07556160 4.05350133 30.87150979 28.30075990 14.30704274 14.41484068 13.91390612 29.47879633 11.49657355 15.64533234 33.70977667 17.92158790 32.01877779 18.38743014 21.83587314 20.89393436 31.86776494 16.33011748 16.94659220 16.97169602 24.90923198 26.75493956 29.02506000 31.42298615 22.16683650 28.71029229 28.15138783 32.96167800 31.05693956 26.72284270 37.17895606 29.63093797 41.32723830 36.64224146 32.24853751 37.94916666 37.01316995 43.61556312 39.53215048 32.48326806 40.33459465 32.17320042
33.08591066 8.12249130 16.58764389 23.40086712 40.22709024 28.98502517 47.79942589 6.06822550 38.68389407 31.38271832 17.53600713 44.04909310 19.81662301 37.49103718 0.00000000 31.77317539 21.72743200 47.02007152 6.22447615 40.81063274 12.56123152 15.06853654 40.45308231 41.09164912 50.81285116 12.09871262 48.39551859 52.54427739 15.39949840 31.71403483 14.63869408 44.65135146 25.12723224 28.58404786 17.11246330 53.22906253 54.78493161 48.73068425 26.16105299 42.55336629 25.24104422 19.63471536 58.21541093 23.62087341 36.47618141 29.03693415 46.94916272 54.18648375 32.61654202 53.74409204 38.09104515 34.45604269 44.04980391 33.70686637 33.25884649 41.05564453 37.01663603 49.33287324 35.77218062 50.12844763
9.99262622 25.20971059 20.27842257 11.50048690 12.61671023 6.02750000 21.75370955 24.75426849 11.07351406 4.00813553 21.29723430 14.93952860 12.49104794 7.03120267 31.77317539 0.00000000 15.32316092 16.20804783 24.35769980 10.35079823 25.15364800 22.58289811 8.89706821 9.53563502 20.21158483 23.76093454 17.79425227 21.94301106 27.99191488 10.45089693 26.30091600 13.09533736 16.42589862 15.48395984 26.45779042 22.62779620 23.22891752 17.17467016 19.49925745 21.46284678 23.61508548 26.01301163 26.65939684 23.30031776 22.44431121 27.55170348 25.76484678 31.53724802 31.76898154 37.50497161 36.57617669 31.23226694 31.55025543 32.53919214 31.60319543 38.86450151 34.12217595 37.53715708 34.92462013 36.98760574
20.52786679 21.31148010 10.45792600 10.80660837 23.77707578 16.42698129 31.34941142 14.27695626 22.23387961 14.93270385 7.36024938 27.59907863 3.65189141 21.04102272 21.72743200 15.32316092 0.00000000 30.57005705 9.47827828 24.36061827 9.80302773 7.38765375 24.00306784 24.64163465 34.36283670 8.56569018 31.94550413 36.09426292 12.64129461 25.55689655 11.10567163 28.20133699 21.67380342 25.13061904 14.11301113 36.77904806 38.33491715 32.28066978 22.70762416 36.56884641 21.70802177 16.63526319 41.76539647 20.16744458 33.02275258 25.58350532 40.87084641 46.64324765 27.69104458 52.61097124 34.63761632 31.00261387 40.59637508 28.51366939 27.57767268 37.60221570 33.56320720 52.64315671 30.84668317 52.09360537
16.84949836 37.90232819 32.97104017 25.74490056 11.16006406 19.61272610 8.74017691 39.18534003 11.05025637 17.03965753 36.54413044 7.58474033 27.73794407 9.94810314 47.02007152 16.20804783 30.57005705 0.00000000 39.60459594 6.57365094 40.40054413 37.82979424 23.36346009 25.32114776 12.31277614 39.00783067 10.57364408 14.04420237 43.23881101 28.82789497 41.54781213 16.38921049 30.89229049 29.95035171 40.92418229 16.95949790 17.78958748 17.15956748 32.76413042 21.22804703 38.08147735 40.47940350 23.00983178 37.76670964 32.50751571 41.18940909 25.53004703 27.56583798 46.23537341 30.47393325 33.81833432 37.87288370 32.43640897 50.32693643 49.36145915 33.12118692 50.73856493 33.32626334 49.39101201 33.01619569
25.67043508 10.59143062 18.04822410 18.10626939 32.81161466 21.56954958 40.38395030 8.32168964 31.26841849 23.96724273 8.19128030 36.63361751 12.40114743 30.07556160 6.22447615 24.35769980 9.47827828 39.60459594 0.00000000 33.39515716 6.42767316 8.93497817 26.97250320 33.67617353 43.39737558 5.96515425 40.98004301 45.12880181 9.26594004 25.58047647 8.50513571 37.23587588 18.99367388 22.45048950 10.97890494 45.81358694 47.36945603 40.78418747 20.02749462 36.41980793 19.10748585 13.50115699 45.90499981 17.48731504 30.34262304 22.90337578 40.81560435 48.05292538 26.48298365 47.61053367 31.95748678 28.32248433 37.91624554 27.57330800 27.12528813 34.92208616 30.88307766 43.19931488 29.63862225 43.99488926
15.17681428 33.56750777 28.63621975 20.10604966 8.80839672 13.97387520 12.58059324 33.11206568 7.43089054 11.40080663 30.33469166 6.04391800 21.52850529 4.05350133 40.81063274 10.35079823 24.36061827 6.57365094 33.39515716 0.00000000 34.19110535 31.62035546 19.62483300 19.06303592 9.87773383 32.79839189 7.46040126 11.60916005 37.02937223 22.56978314 35.33837335 12.16516673 27.15366340 26.21172462 37.18555520 12.29394519 12.91041991 12.93552373 30.22702224 17.00400327 34.34285026 36.74077642 18.13066421 34.02808255 28.28347195 38.27946827 21.30600327 22.68667041 42.49674632 25.59476568 29.59429057 33.64883995 28.21236522 43.26695693 42.33096021 28.89714317 49.20763666 28.44709577 45.65238492 28.13702812
30.35835387 16.29533650 21.30166439 25.34177549 33.60756285 26.25746837 41.17989850 14.02559552 32.06436668 24.76319093 13.87477124 37.42956571 13.48237849 30.87150979 12.56123152 25.15364800 9.80302773 40.40054413 6.42767316 34.19110535 0.00000000 9.36458405 23.46998754 34.47212173 44.19332377 3.85149174 41.77599120 45.92475000 3.33776086 22.07796081 4.20097868 32.45381633 15.49115822 18.94797384 5.69374282 46.97067556 45.67733913 37.28167181 16.52497896 32.91729227 12.38902954 7.88188723 42.40248415 15.92904292 26.84010738 19.40086012 37.31308869 44.55040972 22.18802748 44.10801801 28.45497112 24.81996867 34.41372988 23.43016406 22.98214418 31.41957050 27.38056200 39.69679922 25.34366608 40.49237360
27.78760398 22.77186329 18.58632052 18.08165317 31.03681297 23.68671848 38.60914861 16.53290053 29.49361680 22.19244104 15.00616316 34.85881582 10.91162860 28.30075990 15.06853654 22.58289811 7.38765375 37.82979424 8.93497817 31.62035546 9.36458405 0.00000000 33.55343385 31.90137184 41.62257388 7.58357344 39.20524132 43.35400011 12.12330155 32.16140712 10.20720288 35.46107418 25.57460453 29.03142015 13.79113635 44.03878525 45.59465433 47.36511813 26.60842527 43.00073858 25.95463912 27.72935001 52.48593046 24.06824569 36.92355369 29.48430644 47.39653500 54.63385603 31.59184569 54.19146432 38.53841743 34.90341498 44.49717620 32.41447051 31.47847379 41.50301682 37.46400831 49.78024553 34.74748428 50.57581992
19.04112431 33.88961751 28.95832949 20.18039382 20.67422679 14.68014599 29.02954961 33.43417542 23.68796795 12.10226731 29.97714123 22.21536867 21.17095486 14.30704274 40.45308231 8.89706821 24.00306784 23.36346009 26.97250320 19.62483300 23.46998754 33.55343385 0.00000000 11.23285090 29.49497494 21.28622842 19.59735413 22.23509198 25.01391600 4.62670660 19.85941716 12.74127632 8.55568683 8.46503041 18.58757863 23.93058256 22.87485648 24.00432544 12.48032802 26.01234125 15.74487369 18.14279984 26.30533580 15.32096853 18.88623938 20.53277405 29.84566978 31.18318698 23.78963231 44.33462690 26.48569270 24.21333751 35.78694850 24.55984291 23.62384620 32.55275857 27.10324653 41.77385015 26.94527090 42.91380793
19.08625111 34.52818432 29.59689630 20.26800417 21.12558177 15.72341442 29.13734756 34.07274223 23.79576589 12.43938907 30.61570803 22.32316661 21.80952167 14.41484068 41.09164912 9.53563502 24.64163465 25.32114776 33.67617353 19.06303592 34.47212173 31.90137184 11.23285090 0.00000000 19.63656384 33.07940827 16.98901096 19.62674880 36.11144626 15.40590937 30.95694742 10.47987983 19.65321709 27.75813050 29.68510889 21.32223938 20.26651330 14.44785259 26.71767530 18.27522813 26.84240395 29.24033010 23.69699262 36.52234614 20.66200861 28.85672973 22.57722813 28.57484381 43.83994686 31.48293908 32.71329382 32.76502479 30.01630757 44.63217455 43.66669728 35.00161865 35.84179377 36.00320922 45.74056611 34.02520152
23.36999193 41.69510783 36.76381981 29.53768020 17.66384800 23.40550574 20.82908631 42.97811967 16.69598303 20.83243717 40.33691008 14.67637708 31.53072371 13.91390612 50.81285116 20.21158483 34.36283670 12.31277614 43.39737558 9.87773383 44.19332377 41.62257388 29.49497494 19.63656384 0.00000000 42.80061031 2.65717420 2.78233131 45.00460538 25.11221939 39.85010655 9.50363069 29.27738213 30.43396387 38.57826802 5.69762684 7.04864275 10.29409465 27.38178054 14.36257419 35.91993306 38.13807502 12.12820739 37.16300773 25.66070460 34.34259799 20.90226607 16.68421359 45.26177273 19.59230887 26.95286148 31.00741087 23.66708595 46.05400043 45.08852315 26.94986618 36.82689853 22.44463895 47.16239199 22.13457131
28.96564041 15.83281760 23.69736320 19.25968960 32.21484940 24.86475491 39.78718504 13.56307661 30.67165323 23.37047747 16.27047006 36.03685225 12.08966503 29.47879633 12.09871262 23.76093454 8.56569018 39.00783067 5.96515425 32.79839189 3.85149174 7.58357344 21.28622842 33.07940827 42.80061031 0.00000000 38.62936492 44.53203654 5.32322680 19.89420168 2.39712969 30.27005720 13.30739909 16.76421471 6.08053625 44.78691644 43.49358001 35.09791269 14.34121984 30.73353314 15.26083690 14.74012575 40.21872503 11.80104026 24.65634826 17.21710100 35.12932957 42.36665060 20.79670887 41.92425889 26.27121200 22.63620955 32.22997076 21.88703322 21.43901334 29.23581138 25.19680288 37.51304009 23.95234747 38.30861448
20.95265937 39.27777526 34.34648724 27.12034763 15.24651544 20.98817318 18.85019480 40.56078710 14.27865046 18.41510460 37.91957751 12.69748557 29.11339114 11.49657355 48.39551859 17.79425227 31.94550413 10.57364408 40.98004301 7.46040126 41.77599120 39.20524132 19.59735413 16.98901096 2.65717420 38.62936492 0.00000000 3.11637677 42.35705250 22.46466651 37.20255366 6.85607781 26.62982925 27.78641099 35.93071513 5.45536522 5.96886746 7.64654177 24.73422766 11.71502131 33.27238018 35.49052213 14.23350000 34.51545485 23.01315172 31.69504510 16.01702131 17.79723466 42.61421984 20.70532994 24.30530860 28.35985799 22.92338325 43.40644754 42.44097027 23.60816121 34.17934565 23.55766002 44.51483910 23.24759238
25.10141816 43.42653406 38.49524604 31.26910643 19.39527423 25.13693197 22.56051254 44.70954589 18.42740926 22.56386340 42.06833631 16.40780331 33.26214994 15.64533234 52.54427739 21.94301106 36.09426292 14.04420237 45.12880181 11.60916005 45.92475000 43.35400011 22.23509198 19.62674880 2.78233131 44.53203654 3.11637677 0.00000000 44.99479034 25.10240435 39.84029151 9.49381565 29.26756709 30.42414883 38.56845298 3.19446082 4.37721024 10.60478267 27.37196550 18.79696336 35.91011802 38.12825998 10.56969722 37.15319269 25.32014795 34.33278295 22.45962912 15.12570342 45.25195769 18.03379869 31.18318586 35.23773525 22.10857578 46.04418539 46.61605249 25.39135600 41.05722291 20.88612878 47.15257695 20.57606113
33.19662074 19.13360338 24.13993127 28.18004237 36.44582973 29.09573525 44.01816538 16.86386239 34.90263356 27.60145781 16.71303812 40.26783259 16.32064537 33.70977667 15.39949840 27.99191488 12.64129461 43.23881101 9.26594004 37.02937223 3.33776086 12.12330155 25.01391600 36.11144626 45.00460538 5.32322680 42.35705250 44.99479034 0.00000000 23.62188926 4.40389105 33.99774478 17.03508667 20.49190229 3.00301630 48.51460402 47.22126758 38.82560027 18.04908509 34.46122072 7.62486879 4.72940595 43.94641260 13.65688198 28.36421351 20.70601206 38.83719481 46.07451584 18.53044032 45.63212414 29.76012306 26.12512061 35.71888182 19.77257690 19.32455702 32.72472244 21.05368570 41.00195116 21.68607892 41.79752554
20.59495302 35.44344622 30.51215820 21.73422253 22.22805550 16.23397470 32.64409477 34.98800413 27.30251311 13.65609602 31.53096994 25.82991383 22.72478357 17.92158790 31.71403483 10.45089693 25.55689655 28.82789497 25.58047647 22.56978314 22.07796081 32.16140712 4.62670660 15.40590937 25.11221939 19.89420168 22.46466651 25.10240435 23.62188926 0.00000000 18.46739043 15.60858870 7.16366010 6.15818221 17.19555190 26.79789494 25.74216886 21.66406243 10.17347983 21.98972033 14.35284696 16.75077311 30.18418606 13.97454014 17.92840996 18.22592586 25.82304887 38.99892057 22.44320391 35.95748110 31.76481459 21.90648932 31.76432758 23.21341452 22.27741780 34.05313942 24.79639833 37.75122923 25.59884251 38.89118701
31.50562186 18.37279905 26.23734466 21.79967105 34.75483085 27.40473637 42.32716650 16.10305807 33.21163468 25.91045893 18.81045151 38.57683371 14.62964649 32.01877779 14.63869408 26.30091600 11.10567163 41.54781213 8.50513571 35.33837335 4.20097868 10.20720288 19.85941716 30.95694742 39.85010655 2.39712969 37.20255366 39.84029151 4.40389105 18.46739043 0.00000000 28.84324595 11.88058783 15.33740346 5.67850934 43.36010518 42.06676875 33.67110143 12.91440858 29.30672189 13.11323030 12.28983563 38.79191377 10.37422900 23.22953700 15.79028974 33.70251831 40.93983934 19.14084884 40.49744763 24.84440074 21.20939829 30.80315950 20.23117319 19.78315331 27.80900012 23.76999162 36.08622884 22.29648743 36.88180322
22.93500605 38.08788666 33.15659864 24.37866297 19.89759566 18.87841514 24.45696117 37.63244457 27.76835536 16.28814400 34.17541038 18.30425194 25.36922401 18.38743014 44.65135146 13.09533736 28.20133699 16.38921049 37.23587588 12.16516673 32.45381633 35.46107418 12.74127632 10.47987983 9.50363069 30.27005720 6.85607781 9.49381565 33.99774478 15.60858870 28.84324595 0.00000000 19.77375144 20.93033318 27.57140742 11.18930624 10.13358015 4.07933279 16.37491994 7.99440490 24.91307246 27.13121442 13.56405947 26.15614713 15.89272189 22.25655377 12.29640490 18.44191066 33.14549824 24.40963425 21.46949414 26.16484883 19.64778777 33.93772594 32.97224867 19.88754480 29.24161780 25.63468942 35.04611750 23.89226838
26.56995471 28.86133722 36.85523989 27.70922422 28.20305719 22.20897639 36.55838002 26.59159623 31.21679835 19.63109771 29.42834675 29.74419907 25.19777827 21.83587314 25.12723224 16.42589862 21.67380342 30.89229049 18.99367388 27.15366340 15.49115822 25.57460453 8.55568683 19.65321709 29.27738213 13.30739909 26.62982925 29.26756709 17.03508667 7.16366010 11.88058783 19.77375144 0.00000000 5.11440404 10.60874931 30.96305768 29.90733160 24.20254393 4.31530433 22.04507557 7.76604437 10.16397052 31.53026745 7.13986468 11.95867521 14.62650454 22.69124457 29.93135850 15.60852845 29.48896679 18.68846348 16.37094177 30.25922129 16.37873906 15.44274234 21.65306287 23.74085021 34.79438799 18.76416705 35.74432277
25.62801593 32.31815284 35.54522111 26.76728544 27.26111841 21.26703761 35.61644124 30.04841185 30.27485957 18.68915893 32.88516237 28.80226029 27.75784648 20.89393436 28.58404786 15.48395984 25.13061904 29.95035171 22.45048950 26.21172462 18.94797384 29.03142015 8.46503041 27.75813050 30.43396387 16.76421471 27.78641099 30.42414883 20.49190229 6.15818221 15.33740346 20.93033318 5.11440404 0.00000000 14.06556493 33.64828091 31.71767539 25.11455064 4.01529762 18.95762852 12.06622301 13.62078614 28.44282041 10.36870594 10.51580836 12.06774364 21.24837773 32.81732498 18.87665399 32.92538929 18.02066229 15.74830710 28.81635445 19.64686459 22.15537061 24.15613768 18.63821612 33.35152115 22.03229258 35.85909521
34.61460830 20.84656828 25.85289616 24.90865749 37.86381729 30.51372280 46.59027182 18.57682729 36.32062112 29.01944536 18.42600302 39.77609087 17.73863292 31.86776494 17.11246330 26.45779042 14.11301113 40.92418229 10.97890494 37.18555520 5.69374282 13.79113635 18.58757863 29.68510889 38.57826802 6.08053625 35.93071513 38.56845298 3.00301630 17.19555190 5.67850934 27.57140742 10.60874931 14.06556493 0.00000000 42.08826666 40.79493022 32.39926290 11.62274772 28.03488336 4.54498434 3.61606533 37.52007524 8.32855840 21.93787614 14.27967470 32.41085745 39.64817848 16.65866648 39.20578677 23.33378569 18.90113440 29.29254446 17.90080306 17.45278318 26.29838508 19.18191185 34.57561379 19.81430507 35.37118818
25.78620330 44.11131920 39.18003118 31.95389157 20.08005937 25.82171711 25.47580806 45.39433103 19.11219439 23.24864853 42.75312144 19.32309883 33.94693508 16.33011748 53.22906253 22.62779620 36.77904806 16.95949790 45.81358694 12.29394519 46.97067556 44.03878525 23.93058256 21.32223938 5.69762684 44.78691644 5.45536522 3.19446082 48.51460402 26.79789494 43.36010518 11.18930624 30.96305768 33.64828091 42.08826666 0.00000000 2.53733157 15.69162229 31.50403852 16.50343560 40.04219104 42.35270872 8.67225241 41.23242805 23.02662019 35.63954764 20.56218432 13.22825862 44.22850254 16.13635389 25.25531531 29.30986470 20.21113098 44.65394676 44.32252472 23.49391120 35.12935235 18.98868398 45.95950485 18.67861633
26.40267802 44.72779391 39.79650589 32.57036628 20.69653409 26.43819182 26.30589764 47.76602472 19.72866911 23.86512325 44.30899053 20.15318841 35.50280416 16.94659220 54.78493161 23.22891752 38.33491715 17.78958748 47.36945603 12.91041991 45.67733913 45.59465433 22.87485648 20.26651330 7.04864275 43.49358001 5.96886746 4.37721024 47.22126758 25.74216886 42.06676875 10.13358015 29.90733160 31.71767539 40.79493022 2.53733157 0.00000000 13.22503398 29.12152233 14.12091940 37.65967485 39.97019252 6.28973622 38.84991185 20.64410399 33.25703144 18.17966812 10.84574242 41.84598635 13.75383769 22.87279911 26.92734850 17.82861478 42.27143057 41.94000852 21.11139500 32.74683616 16.60616778 43.57698865 16.29610013
27.01433884 42.16721945 37.23593143 28.45799576 20.66795266 22.95774793 25.22731816 41.71177736 19.70008769 20.36747680 38.25474317 19.07460893 29.44855680 16.97169602 48.73068425 17.17467016 32.28066978 17.15956748 40.78418747 12.93552373 37.28167181 47.36511813 24.00432544 14.44785259 10.29409465 35.09791269 7.64654177 10.60478267 38.82560027 21.66406243 33.67110143 4.07933279 24.20254393 25.11455064 32.39926290 15.69162229 13.22503398 0.00000000 20.72585501 3.97313535 29.26400753 31.57452521 8.78776305 30.45424454 10.58330652 25.96994609 8.27513535 17.41576077 36.88912083 20.41120409 16.56342264 20.61797203 15.56956158 37.68134853 31.87921106 15.86627525 26.43745969 21.55646323 38.78974009 23.74346635
29.64331355 29.89515796 37.88906064 30.78258306 31.27641603 25.28233523 39.63173885 27.62541698 34.29015719 22.70445655 30.46216749 32.81755791 26.23159901 24.90923198 26.16105299 19.49925745 22.70762416 32.76413042 20.02749462 30.22702224 16.52497896 26.60842527 12.48032802 26.71767530 27.38178054 14.34121984 24.73422766 27.37196550 18.04908509 10.17347983 12.91440858 16.37491994 4.31530433 4.01529762 11.62274772 31.50403852 29.12152233 20.72585501 0.00000000 16.36147546 8.60380938 10.91432705 25.84666735 6.90629231 8.28629109 8.58202990 19.60475316 26.84207419 15.41424036 26.39968248 14.46181792 12.14429621 27.17272988 16.18445096 18.66965687 17.42641731 15.15250238 31.70789659 18.56987895 32.65783136
31.30251547 46.45539608 41.52410806 32.74617238 24.73643221 27.24592456 29.29579771 45.99995398 23.76856723 24.65565342 42.54291979 23.14308848 33.73673342 26.75493956 42.55336629 21.46284678 36.56884641 21.22804703 36.41980793 17.00400327 32.91729227 43.00073858 26.01234125 18.27522813 14.36257419 30.73353314 11.71502131 18.79696336 34.46122072 21.98972033 29.30672189 7.99440490 22.04507557 18.95762852 28.03488336 16.50343560 14.12091940 3.97313535 16.36147546 0.00000000 27.72030854 30.57054822 11.15672558 26.73527744 6.59860872 19.21153618 4.82367428 17.77545698 27.80049108 14.80223646 12.82119880 16.87574819 10.60908293 28.22593530 27.89451326 12.41481417 22.69523584 16.59598458 29.53149338 17.73594237
33.75914157 28.97514919 36.83969480 32.40202119 35.39224405 38.00708651 43.74756688 26.70540821 38.40598521 26.82028457 29.41280165 36.93338593 25.23199663 29.02506000 25.24104422 23.61508548 21.70802177 38.08147735 19.10748585 34.34285026 12.38902954 25.95463912 15.74487369 26.84240395 35.91993306 15.26083690 33.27238018 35.91011802 7.62486879 14.35284696 13.11323030 24.91307246 7.76604437 12.06622301 4.54498434 40.04219104 37.65967485 29.26400753 8.60380938 27.72030854 0.00000000 2.85023968 36.32101024 3.43255523 21.60868571 8.61954837 29.27133780 39.31898805 12.14183297 30.95794468 16.78980865 14.33763534 22.74856741 13.38396955 12.93594967 19.75440803 13.58652286 28.03163674 15.29747157 28.82721113
37.13686035 23.36882033 28.37514822 27.43090954 37.79017020 33.03597486 46.14549303 21.09907935 40.80391137 29.21821073 20.94825508 39.33131209 20.26088497 31.42298615 19.63471536 26.01301163 16.63526319 40.47940350 13.50115699 36.74077642 7.88188723 27.72935001 18.14279984 29.24033010 38.13807502 14.74012575 35.49052213 38.12825998 4.72940595 16.75077311 12.28983563 27.13121442 10.16397052 13.62078614 3.61606533 42.35270872 39.97019252 31.57452521 10.91432705 30.57054822 2.85023968 0.00000000 39.17124992 6.34128907 24.45892539 11.50283246 32.15462189 42.16922773 17.02747142 33.84122878 19.67309274 17.22091943 25.63185150 18.26960799 17.82158812 22.63769212 18.40548877 30.91492084 20.18311001 31.71049522
31.62292232 51.65194614 46.72065812 37.94272244 25.91677838 32.44247462 31.52614194 51.19650404 24.94891341 29.85220348 47.73946985 25.37343271 38.93328348 22.16683650 58.21541093 26.65939684 41.76539647 23.00983178 45.90499981 18.13066421 42.40248415 52.48593046 26.30533580 23.69699262 12.12820739 40.21872503 14.23350000 10.56969722 43.94641260 30.18418606 38.79191377 13.56405947 31.53026745 28.44282041 37.52007524 8.67225241 6.28973622 8.78776305 25.84666735 11.15672558 36.32101024 39.17124992 0.00000000 35.33597914 15.19931042 27.81223787 9.16140266 5.02940858 36.40119278 7.90556883 16.36371398 20.41826337 11.56656485 30.20165060 28.78996622 13.49687737 26.23775103 10.75789891 31.98784064 10.47976630
33.44437386 27.35497838 35.34888106 30.86144400 35.07747634 29.08339554 43.43279916 25.08523740 38.09121750 26.50551686 27.92198791 36.61861822 23.69141943 28.71029229 23.62087341 23.30031776 20.16744458 37.76670964 17.48731504 34.02808255 15.92904292 24.06824569 15.32096853 36.52234614 37.16300773 11.80104026 34.51545485 37.15319269 13.65688198 13.97454014 10.37422900 26.15614713 7.13986468 10.36870594 8.32855840 41.23242805 38.84991185 30.45424454 6.90629231 26.73527744 3.43255523 6.34128907 35.33597914 0.00000000 20.62365461 5.86509696 26.51688639 36.68089512 8.78871846 29.08734400 14.91920796 11.28420551 20.87796672 9.55892907 8.62293235 17.88380735 13.84479884 26.16103606 11.94435706 26.95661044
32.46931262 40.21028638 42.50557249 33.72763682 34.10241510 28.22738899 40.57526639 37.94054540 37.53231304 25.82245057 40.77729591 34.42255716 34.71819786 28.15138783 36.47618141 22.44431121 33.02275258 32.50751571 30.34262304 28.28347195 26.84010738 36.92355369 18.88623938 20.66200861 25.66070460 24.65634826 23.01315172 25.32014795 28.36421351 17.92840996 23.22953700 15.89272189 11.95867521 10.51580836 21.93787614 23.02662019 20.64410399 10.58330652 8.28629109 6.59860872 21.60868571 24.45892539 15.19931042 20.62365461 0.00000000 13.43639690 10.95868903 18.19728823 22.21323614 17.75489652 11.57812416 13.29982157 18.52666575 22.63868036 22.30725832 13.86644899 16.62708592 23.06183245 23.94423844 24.01176722
37.69575957 32.77103912 40.76494180 36.27750474 39.32886205 33.33478126 47.68418488 30.50129814 42.34260322 30.75690258 33.33804866 40.87000394 29.10748017 32.96167800 29.03693415 27.55170348 25.58350532 41.18940909 22.90337578 38.27946827 19.40086012 29.48430644 20.53277405 28.85672973 34.34259799 17.21710100 31.69504510 34.33278295 20.70601206 18.22592586 15.79028974 22.25655377 14.62650454 12.06774364 14.27967470 35.63954764 33.25703144 25.96994609 8.58202990 19.21153618 8.61954837 11.50283246 27.81223787 5.86509696 13.43639690 0.00000000 20.65178943 30.81579815 10.91904339 23.22224704 9.05411100 6.73658928 15.01286976 11.55971197 10.59423469 12.01871038 10.50350000 20.29593910 12.66810353 21.09151348
35.60451547 50.75739608 45.82610806 37.04817238 29.03843221 31.54792456 33.59779771 48.41352671 28.07056723 28.95765342 46.84491979 27.44508848 38.03873342 31.05693956 46.94916272 25.76484678 40.87084641 25.53004703 40.81560435 21.30600327 37.31308869 47.39653500 29.84566978 22.57722813 20.90226607 35.12932957 16.01702131 22.45962912 38.83719481 25.82304887 33.70251831 12.29640490 22.69124457 21.24837773 32.41085745 20.56218432 18.17966812 8.27513535 19.60475316 4.82367428 29.27133780 32.15462189 9.16140266 26.51688639 10.95868903 20.65178943 0.00000000 12.46345342 31.41459888 10.82090616 10.87669696 14.93124635 5.89578124 24.71463358 23.30294920 7.59113989 20.75073401 12.81219638 26.50082362 13.76213116
36.17892852 56.52979732 51.59850930 42.82057363 30.47278459 36.21444233 36.08214815 56.07435523 29.50491961 34.73005466 52.61732104 29.92943892 43.81113467 26.72284270 54.18648375 31.53724802 46.64324765 27.56583798 48.05292538 22.68667041 44.55040972 54.63385603 31.18318698 28.57484381 16.68421359 42.36665060 17.79723466 15.12570342 46.07451584 38.99892057 40.93983934 18.44191066 29.93135850 32.81732498 39.64817848 13.22825862 10.84574242 17.41576077 26.84207419 17.77545698 39.31898805 42.16922773 5.02940858 36.68089512 18.19728823 30.81579815 12.46345342 0.00000000 34.73441323 3.02208239 16.99990825 21.05445764 12.58935576 30.83784487 29.42616049 14.14141846 26.87394530 5.30035656 32.62403491 5.45035772
41.91303763 36.35064699 42.87248105 38.38504399 43.54614011 37.55205931 51.90146294 34.08090601 46.55988127 34.97418063 35.44558791 45.08728199 31.21501943 37.17895606 32.61654202 31.76898154 27.69104458 46.23537341 26.48298365 42.49674632 22.18802748 31.59184569 23.78963231 43.83994686 45.26177273 20.79670887 42.61421984 45.25195769 18.53044032 22.44320391 19.14084884 33.14549824 15.60852845 18.87665399 16.65866648 44.22850254 41.84598635 36.88912083 15.41424036 27.80049108 12.14183297 17.02747142 36.40119278 8.78871846 22.21323614 10.91904339 31.41459888 34.73441323 0.00000000 31.98693488 17.81879884 14.75356074 23.77755761 3.32443478 3.63412211 20.78339823 8.22122099 29.06062694 4.67045656 29.85620133
39.08702379 62.49752091 57.56623289 48.78829722 33.38087986 39.12253760 38.99024342 62.04207882 32.41301489 40.69777825 58.58504463 32.83753419 49.77885826 29.63093797 53.74409204 37.50497161 52.61097124 30.47393325 47.61053367 25.59476568 44.10801801 54.19146432 44.33462690 31.48293908 19.59230887 41.92425889 20.70532994 18.03379869 45.63212414 35.95748110 40.49744763 24.40963425 29.48896679 32.92538929 39.20578677 16.13635389 13.75383769 20.41120409 26.39968248 14.80223646 30.95794468 33.84122878 7.90556883 29.08734400 17.75489652 23.22224704 10.82090616 3.02208239 31.98693488 0.00000000 14.25242990 18.30697929 9.40376017 28.09036652 26.67868214 12.11253896 24.12646695 2.91661331 29.87655656 3.74281338
46.16195024 41.82515012 49.81905280 47.85950229 37.32671950 42.35925446 41.88608500 39.55540914 36.35885452 39.51508819 42.39215965 35.73337577 38.16159117 41.32723830 38.09104515 36.57617669 34.63761632 33.81833432 31.95748678 29.59429057 28.45497112 38.53841743 26.48569270 32.71329382 26.95286148 26.27121200 24.30530860 31.18318586 29.76012306 31.76481459 24.84440074 21.46949414 18.68846348 18.02066229 23.33378569 25.25531531 22.87279911 16.56342264 14.46181792 12.82119880 16.78980865 19.67309274 16.36371398 14.91920796 11.57812416 9.05411100 10.87669696 16.99990825 17.81879884 14.25242990 0.00000000 4.02667933 5.42007648 13.81006656 12.39838218 2.92000750 9.84616699 11.12063824 15.59625660 11.91621262
41.37632304 38.19014767 46.18405034 41.69661329 43.00942551 37.01534472 45.94063439 35.92040669 46.02316668 34.43746604 38.75715720 39.78792516 34.52658872 36.64224146 34.45604269 31.23226694 31.00261387 37.87288370 28.32248433 33.64883995 24.81996867 34.90341498 24.21333751 32.76502479 31.00741087 22.63620955 28.35985799 35.23773525 26.12512061 21.90648932 21.20939829 26.16484883 16.37094177 15.74830710 18.90113440 29.30986470 26.92734850 20.61797203 12.14429621 16.87574819 14.33763534 17.22091943 20.41826337 11.28420551 13.29982157 6.73658928 14.93124635 21.05445764 14.75356074 18.30697929 4.02667933 0.00000000 9.44675581 9.85649383 8.44480945 6.94668683 4.21661829 15.14731756 11.64268387 15.94289195
41.38992412 47.78390888 51.61151671 42.83358104 35.94479415 37.33333321 40.50415965 45.51416790 34.97692917 34.74306207 48.35091842 34.35145042 43.82414208 32.24853751 44.04980391 31.55025543 40.59637508 32.43640897 37.91624554 28.21236522 34.41372988 44.49717620 35.78694850 30.01630757 23.66708595 32.22997076 22.92338325 22.10857578 35.71888182 31.76432758 30.80315950 19.64778777 30.25922129 28.81635445 29.29254446 20.21113098 17.82861478 15.56956158 27.17272988 10.60908293 22.74856741 25.63185150 11.56656485 20.87796672 18.52666575 15.01286976 5.89578124 12.58935576 23.77755761 9.40376017 5.42007648 9.44675581 0.00000000 19.23014303 17.81845865 2.72061035 15.26624346 8.43301832 21.01633308 10.42514610
42.68324824 37.44097134 43.69510587 39.20766881 44.31635071 38.32226992 52.67167354 35.17123036 47.33009188 35.74439124 36.26821273 45.85749260 32.03764425 37.94916666 33.70686637 32.53919214 28.51366939 50.32693643 27.57330800 43.26695693 23.43016406 32.41447051 24.55984291 44.63217455 46.05400043 21.88703322 43.40644754 46.04418539 19.77257690 23.21341452 20.23117319 33.93772594 16.37873906 19.64686459 17.90080306 44.65394676 42.27143057 37.68134853 16.18445096 28.22593530 13.38396955 18.26960799 30.20165060 9.55892907 22.63868036 11.55971197 24.71463358 30.83784487 3.32443478 28.09036652 13.81006656 9.85649383 19.23014303 0.00000000 2.09140934 16.73007406 5.41757474 24.93070479 2.01916879 25.72627918
41.74725152 36.99295147 42.75910916 38.27167210 43.38035400 37.38627320 51.73567683 34.72321049 46.39409516 34.80839452 35.33221601 44.92149588 31.10164753 37.01316995 33.25884649 31.60319543 27.57767268 49.36145915 27.12528813 42.33096021 22.98214418 31.47847379 23.62384620 43.66669728 45.08852315 21.43901334 42.44097027 46.61605249 19.32455702 22.27741780 19.78315331 32.97224867 15.44274234 22.15537061 17.45278318 44.32252472 41.94000852 31.87921106 18.66965687 27.89451326 12.93594967 17.82158812 28.78996622 8.62293235 22.30725832 10.59423469 23.30294920 29.42616049 3.63412211 26.67868214 12.39838218 8.44480945 17.81845865 2.09140934 0.00000000 15.31838968 3.48639253 23.51902041 3.87759938 24.31459480
48.45027507 44.78974950 52.78365218 50.14782711 36.62957210 44.64757929 41.18893760 42.52000852 35.66170712 41.80341302 45.35675904 35.03622837 51.13838816 43.61556312 41.05564453 38.86450151 37.60221570 33.12118692 34.92208616 28.89714317 31.41957050 41.50301682 32.55275857 35.00161865 26.94986618 29.23581138 23.60816121 25.39135600 32.72472244 34.05313942 27.80900012 19.88754480 21.65306287 24.15613768 26.29838508 23.49391120 21.11139500 15.86627525 17.42641731 12.41481417 19.75440803 22.63769212 13.49687737 17.88380735 13.86644899 12.01871038 7.59113989 14.14141846 20.78339823 12.11253896 2.92000750 6.94668683 2.72061035 16.73007406 15.31838968 0.00000000 12.76617449 8.30682861 18.51626410 9.10240299
44.26623205 40.75074100 48.74464368 44.25720662 45.89933453 39.90525373 54.25465735 38.48100002 48.91307569 37.32737505 41.31775053 47.44047641 37.08718205 39.53215048 37.01663603 34.12217595 33.56320720 50.73856493 30.88307766 49.20763666 27.38056200 37.46400831 27.10324653 35.84179377 36.82689853 25.19680288 34.17934565 41.05722291 21.05368570 24.79639833 23.76999162 29.24161780 23.74085021 18.63821612 19.18191185 35.12935235 32.74683616 26.43745969 15.15250238 22.69523584 13.58652286 18.40548877 26.23775103 13.84479884 16.62708592 10.50350000 20.75073401 26.87394530 8.22122099 24.12646695 9.84616699 4.21661829 15.26624346 5.41757474 3.48639253 12.76617449 0.00000000 20.96680522 7.20376479 21.76237961
41.93935388 62.52970638 57.59841836 48.82048269 36.23320995 43.32023486 41.84257351 50.79723724 35.26534497 40.72996372 58.61723009 35.68986428 49.81104373 32.48326806 49.33287324 37.53715708 52.64315671 33.32626334 43.19931488 28.44709577 39.69679922 49.78024553 41.77385015 36.00320922 22.44463895 37.51304009 23.55766002 20.88612878 41.00195116 37.75122923 36.08622884 25.63468942 34.79438799 33.35152115 34.57561379 18.98868398 16.60616778 21.55646323 31.70789659 16.59598458 28.03163674 30.91492084 10.75789891 26.16103606 23.06183245 20.29593910 12.81219638 5.30035656 29.06062694 2.91661331 11.12063824 15.14731756 8.43301832 24.93070479 23.51902041 8.30682861 20.96680522 0.00000000 26.71689483 2.43216923
45.06867623 39.50628559 46.02811965 41.54068259 46.70177871 40.70769791 55.05710153 37.23654461 49.71551987 38.12981923 38.60122650 48.24292059 34.37065802 40.33459465 35.77218062 34.92462013 30.84668317 49.39101201 29.63862225 45.65238492 25.34366608 34.74748428 26.94527090 45.74056611 47.16239199 23.95234747 44.51483910 47.15257695 21.68607892 25.59884251 22.29648743 35.04611750 18.76416705 22.03229258 19.81430507 45.95950485 43.57698865 38.78974009 18.56987895 29.53149338 15.29747157 20.18311001 31.98784064 11.94435706 23.94423844 12.66810353 26.50082362 32.62403491 4.67045656 29.87655656 15.59625660 11.64268387 21.01633308 2.01916879 3.87759938 18.51626410 7.20376479 26.71689483 0.00000000 27.51246922
41.62928623 61.98015504 57.04886702 48.27093134 35.92314230 41.66480004 41.53250586 51.59281162 34.95527733 40.18041238 58.06767875 35.37979663 49.26149239 32.17320042 50.12844763 36.98760574 52.09360537 33.01619569 43.99488926 28.13702812 40.49237360 50.57581992 42.91380793 34.02520152 22.13457131 38.30861448 23.24759238 20.57606113 41.79752554 38.89118701 36.88180322 23.89226838 35.74432277 35.85909521 35.37118818 18.67861633 16.29610013 23.74346635 32.65783136 17.73594237 28.82721113 31.71049522 10.47976630 26.95661044 24.01176722 21.09151348 13.76213116 5.45035772 29.85620133 3.74281338 11.91621262 15.94289195 10.42514610 25.72627918 24.31459480 9.10240299 21.76237961 2.43216923 27.51246922 0.00000000
