0.00000000 46.17021316 35.02975211 22.03144488 12.07090526 9.41588372 24.93883617 45.82857958 14.62598773 13.91014425 36.45979067 22.62414462 27.43958632 20.81244881 54.51562844 22.63439996 33.19744366 30.89837412 44.19909289 26.34011738 50.94029310 45.64551889 38.20663167 33.51044595 37.03602506 47.03771690 38.85162288 43.02425131 60.43100994 39.87539511 52.20089395 41.57478666 52.29372806 48.05994279 62.02080802 52.37267221 50.94634787 49.24258308 54.74573967 54.58604008 68.36361711 70.97432203 57.63126116 64.67955779 56.86337164 66.10137975 61.69453197 65.83675379 77.91163005 70.95152616 72.06823213 73.90683616 72.46854364 84.15284406 82.30006410 73.18746015 80.23697832 79.29125055 91.86876305 82.59380826
46.17021316 0.00000000 11.43658957 25.88812488 55.61453452 36.76913082 68.77625122 7.64262467 52.09268615 41.44071485 17.08376495 62.28756161 25.96450015 52.88307535 18.81182729 44.05351509 28.80406785 69.60752801 23.08358967 59.34574213 34.53256467 35.91864992 61.30523700 58.25558845 70.54722401 32.10487757 72.36282182 76.53545025 44.02328151 62.97400044 37.26805462 65.87685307 58.67574527 64.45845709 46.47474618 85.88387115 84.45754681 73.54464949 59.57837364 78.88810648 53.69703596 55.42826020 85.68006088 54.48010007 74.88605501 62.34733209 85.99659837 94.50477085 65.54305834 99.40866202 80.01327843 73.00367916 93.54270198 71.82432782 70.06008725 87.83856705 74.96003264 105.94604046 79.50019134 111.26182532
35.02975211 11.43658957 0.00000000 14.45153531 44.47407347 25.62866977 57.63579017 13.04531530 40.95222510 30.30025380 10.80523126 51.14710056 15.66434267 41.74261430 23.56996789 32.91305404 20.10702438 58.46706696 22.40138187 48.20528108 33.15561195 29.89885474 50.16477595 47.11512740 59.40676296 30.63216498 61.22236077 65.39498920 42.64632879 51.83353939 35.79534204 54.73639202 56.75068170 60.01808707 45.09779346 74.74341010 73.31708576 62.40418844 57.65331007 67.74764543 52.22432338 54.05130748 74.53959983 52.55503650 68.86131810 60.42226852 74.85613732 83.36430980 64.01506545 88.26820097 78.08821486 71.07861560 85.63014900 70.25833467 68.40555471 85.91350348 73.03496907 94.80557941 77.97219844 100.12136427
22.03144488 25.88812488 14.45153531 0.00000000 31.47576625 12.63036255 44.63748294 26.49343424 27.95928863 17.30731733 18.07004443 38.15416409 12.16480297 28.74967783 35.85109435 21.24437729 19.34883883 45.47413049 27.13521600 35.24717791 36.75724947 31.78527735 38.49609920 35.33723468 46.41382648 33.17747536 48.22942430 52.40205273 46.24796631 40.16486263 38.34065241 43.06771527 52.58319558 48.34941032 48.16056648 61.75047363 60.32414929 50.73551168 55.03520719 56.07896868 54.76963375 57.11408049 62.87092308 55.10247792 57.19264135 62.96970994 63.18746057 71.69563305 66.56250687 76.59952422 73.04101930 73.62605702 73.96147225 72.80577609 70.95299613 74.16024732 75.58241049 83.13690265 80.51963986 88.45268752
12.07090526 55.61453452 44.47407347 31.47576625 0.00000000 19.49797530 14.67872950 55.27290094 8.41498768 17.54066347 45.90411203 12.54634458 36.08764594 17.09761397 63.53658825 24.69212320 41.42473078 21.61230045 53.22005270 17.98237060 59.16758021 53.87280600 39.37528596 34.23246806 27.77760449 55.26500401 29.59320230 33.76583074 68.65829705 41.04404939 60.42818107 40.25014033 53.46238234 49.22859708 70.24809513 43.11425163 41.68792729 41.97917145 55.91439395 48.85102906 69.53227139 76.20407714 48.37284059 65.84821207 58.03202593 67.27003403 55.95952095 56.57833322 79.08028434 61.69310558 68.83968956 75.07549045 65.13679293 85.32149834 83.46871839 69.40342696 81.40563261 70.03282998 93.03741734 73.33538769
9.41588372 36.76913082 25.62866977 12.63036255 19.49797530 0.00000000 33.07420579 36.42749724 16.56606445 7.27270305 27.05870834 26.76093991 18.03850399 17.41187671 45.11454611 13.71281591 23.79636133 34.13632936 34.79801056 23.90937679 41.53921077 36.24443655 30.93869829 27.44657189 35.07602536 37.63663456 36.89162318 41.06425161 51.02992761 32.60746172 42.79981162 35.51031436 45.02579467 40.79200941 52.61972569 50.41267251 48.98634817 43.17811077 47.47780628 48.52156777 59.22879296 61.57323970 55.31352217 57.41162440 49.63524044 58.83344636 55.63005966 63.87675409 70.64369667 68.99152646 65.48361839 66.63890278 66.40407134 76.88491067 75.03213072 66.60284641 72.96904494 75.57950174 84.60082967 80.63380856
24.93883617 68.77625122 57.63579017 44.63748294 14.67872950 33.07420579 0.00000000 68.43461764 18.93575628 29.94997270 58.38531350 12.10476139 48.49695518 25.08870878 75.94589749 36.64388804 53.83404001 17.25770733 65.62936194 23.99326960 71.57688945 66.28211523 47.82490642 42.19346489 29.76939796 67.67431324 32.19097621 35.75762420 81.06760629 49.46238650 72.83749030 44.36323276 61.91200281 57.67821755 82.56207752 45.12971348 44.20323638 46.09226389 64.36401442 52.96412150 77.98189186 84.65369760 50.88814967 74.29783254 65.19701847 75.71965450 60.07261338 59.09364230 87.52990481 64.20841467 72.95278200 82.22540606 69.24988537 93.77111881 91.91833885 73.51651939 89.85525307 72.54813906 101.48703780 75.85069677
45.82857958 7.64262467 13.04531530 26.49343424 55.27290094 36.42749724 68.43461764 0.00000000 51.51886415 40.86689286 14.61545044 61.71373961 24.62402925 52.30925336 11.50478325 43.20571100 24.18616489 69.03370601 16.60852085 58.49793803 28.05749585 29.80185373 60.45743291 57.40778436 69.97340201 25.62980874 71.78899983 75.96162826 37.54821269 62.12619634 30.79298580 65.02904898 52.20067644 57.98338827 39.99967736 85.31004916 83.92864249 72.69684539 53.10330481 78.04030239 47.22196714 48.95319138 84.83225679 48.00503125 68.41098619 55.87226327 81.51405388 93.65696676 59.06798952 98.56085793 73.53820960 66.52861034 87.06763316 65.34925899 63.58501843 81.36349822 68.48496381 99.58296425 73.02512252 108.82318493
14.62598773 52.09268615 40.95222510 27.95928863 8.41498768 16.56606445 18.93575628 51.51886415 0.00000000 12.37856272 41.30075563 10.86320468 30.92554520 9.20045909 58.37448751 19.53002245 36.26263003 18.45432614 48.05795196 11.94328946 54.00547947 48.71070525 32.33364631 26.70220477 22.89509942 50.10290326 24.71069724 28.88332567 63.49619631 33.97112639 55.26608032 34.80975076 46.42074270 42.18695743 65.08599439 38.23174657 36.80542223 37.09666639 48.87275431 43.96852399 62.49063175 69.16243749 43.49033552 58.80657242 50.68426574 60.22839439 51.07701588 51.69582815 72.03864469 56.81060052 63.95718449 68.03385080 60.25428787 78.27985870 76.42707874 64.52092189 74.36399296 65.15032491 85.99577769 68.45288262
13.91014425 41.44071485 30.30025380 17.30731733 17.54066347 7.27270305 29.94997270 40.86689286 12.37856272 0.00000000 30.64878433 22.65174965 19.69876862 11.95786455 47.14771093 8.86732152 25.03585345 28.68231720 36.83117538 18.45536462 42.77870289 37.48392868 24.87799445 20.20166068 29.62201320 38.87612669 31.43761102 35.61023945 52.26941973 26.54675789 44.03930374 28.26600140 38.96509084 34.73130557 53.85921781 44.95866034 43.53233600 35.93379781 41.41710245 41.27725481 55.03497989 61.70678563 48.06920921 51.35092057 43.55458637 52.77274253 48.38574670 56.89391918 64.58299283 61.79781035 58.75944686 60.57819894 59.15975838 70.82420684 68.97142688 59.87867488 66.90834110 68.33518878 78.54012583 73.65097365
36.45979067 17.08376495 10.80523126 18.07004443 45.90411203 27.05870834 58.38531350 14.61545044 41.30075563 30.64878433 0.00000000 51.49563109 11.69773012 40.97525198 19.69820475 31.50696407 11.72030291 57.60092205 12.02335340 46.92143308 22.35038069 20.56746919 48.75868598 45.70903743 58.54061805 19.82693372 60.35621586 64.52884430 31.84109753 50.42744942 24.99011077 53.33030205 45.94545044 51.72816227 34.29256220 73.87726519 72.22989557 60.99809847 46.84807881 66.34155546 41.41909211 43.24607622 73.13350986 41.74980524 62.15576019 49.61703726 73.45004735 81.95821983 53.20983419 86.86211100 67.28298360 60.27338433 80.81240716 59.45310341 57.60032345 75.10827222 62.22973781 93.39948944 67.16696718 98.71527430
22.62414462 62.28756161 51.14710056 38.15416409 12.54634458 26.76093991 12.10476139 61.71373961 10.86320468 22.65174965 51.49563109 0.00000000 41.19873212 14.88140453 68.64767443 26.43558731 46.53581695 9.78441836 58.33113888 11.88850821 64.27866639 58.98389218 37.61660569 31.98516415 18.57236617 60.37609019 20.99394443 24.56059242 73.76938323 39.25408577 65.53926724 33.16620098 51.70370208 47.46991681 72.35377678 33.93268169 33.00620459 34.89523210 54.15571369 41.76708971 67.77359113 74.44539687 39.69111789 64.08953181 53.99998668 65.51135377 48.87558160 47.89661051 77.32160407 53.01138288 61.75575021 71.02837428 58.05285358 83.56281808 81.71003812 62.31948761 79.64695234 61.35110728 91.27873707 64.65366498
27.43958632 25.96450015 15.66434267 12.16480297 36.08764594 18.03850399 48.49695518 24.62402925 30.92554520 19.69876862 11.69773012 41.19873212 0.00000000 29.92170067 28.52130026 20.45341276 7.40154237 46.54737074 18.20476471 35.86788177 25.14439181 19.84961760 37.70513467 34.65548612 47.48706674 21.24181561 49.30266455 53.47529298 34.63510865 39.37389811 26.40499266 42.27675074 47.36246337 47.55844579 36.22490673 62.82371388 61.17634426 49.94454716 48.26509174 55.28800415 42.83397400 45.17842075 62.07995855 43.16681818 56.40167682 51.03405020 62.39649604 70.90466852 54.62684712 75.80855969 68.69999653 61.69039727 73.17050772 60.87011634 59.01733639 73.36928280 63.64675074 82.34593813 68.58398012 87.66172299
20.81244881 52.88307535 41.74261430 28.74967783 17.09761397 17.41187671 25.08870878 52.30925336 9.20045909 11.95786455 40.97525198 14.88140453 29.92170067 0.00000000 57.37064298 12.02800253 35.25878550 18.19561466 47.05410743 7.07558844 53.00163494 47.70686072 23.20902091 17.57757937 19.06919672 49.09905873 20.88479453 25.05742296 62.49235178 24.84650099 54.26223579 25.68512536 37.29611730 33.06233203 57.94619200 34.40584386 32.97951952 33.12482097 39.74812891 38.69637877 53.36600635 60.03781209 39.66443282 49.68194702 41.55964034 51.10376899 45.80487066 47.86992544 62.91401929 52.98469781 56.21674700 58.90922540 56.28244245 69.15523330 67.30245334 57.33597502 65.23936756 61.32442221 76.87115229 64.62697991
54.51562844 18.81182729 23.56996789 35.85109435 63.53658825 45.11454611 75.94589749 11.50478325 58.37448751 47.14771093 19.69820475 68.64767443 28.52130026 57.37064298 0.00000000 47.90235507 24.87373034 73.99631305 11.84242938 63.31682408 25.19094719 26.93530506 65.15407698 62.10442843 74.93600905 22.76326008 76.75160686 80.92423529 34.68166403 61.92000153 27.92643713 69.72569305 49.33412778 55.11683961 37.13312870 90.27265619 88.62528657 77.39348947 50.23675615 75.85516420 44.35541847 46.08664271 89.52890086 45.13848258 65.54443753 53.00571460 78.64750521 93.66136927 56.20144086 95.74595861 70.67166094 63.66206167 84.20108450 62.48271033 60.71846977 78.49694956 65.61841515 96.71641559 70.15857385 105.95663627
22.63439996 44.05351509 32.91305404 21.24437729 24.69212320 13.71281591 36.64388804 43.20571100 19.53002245 8.86732152 31.50696407 26.43558731 20.45341276 12.02800253 47.90235507 0.00000000 25.79049759 29.12912239 37.58581952 17.97418362 43.53334703 38.23857282 17.72279544 14.67314689 30.00069070 39.63077083 31.81628851 35.98891694 53.02406387 19.39155887 44.79394788 22.29441151 31.80989182 27.57610656 52.45996653 45.33733784 41.19400502 29.96220792 34.26190343 35.30566492 47.87978087 54.55158662 42.09761932 44.19572155 36.41933759 45.61754351 42.41415681 50.92232929 57.42779382 55.82622046 52.26771554 53.42299993 53.18816848 63.66900782 61.81622787 53.38694356 59.75314208 62.36359889 71.38492681 67.67938376
33.19744366 28.80406785 20.10702438 19.34883883 41.42473078 23.79636133 53.83404001 24.18616489 36.26263003 25.03585345 11.72030291 46.53581695 7.40154237 35.25878550 24.87373034 25.79049759 0.00000000 51.88445557 13.33110904 41.20496660 18.54326879 12.90347631 43.04221950 39.99257095 52.82415157 14.29567432 54.63974938 58.81237781 28.03398563 44.71098294 19.45885138 47.61383557 40.41632209 46.19903391 29.61105130 68.16079871 66.51342909 55.28163199 41.31895046 60.62508898 35.88783272 38.56456531 67.41704338 36.22067689 56.62663183 44.08790891 67.73358087 76.24175335 47.68070583 81.14564452 61.75385524 54.74425598 75.28327880 53.92397505 52.07119510 69.57914386 56.70060946 87.68302296 61.63783883 92.99880782
30.89837412 69.60752801 58.46706696 45.47413049 21.61230045 34.13632936 17.25770733 69.03370601 18.45432614 28.68231720 57.60092205 9.78441836 46.54737074 18.19561466 73.99631305 29.12912239 51.88445557 0.00000000 63.67977750 11.98281446 69.62730501 64.33253080 39.71591606 33.98769083 14.88510999 65.72472881 17.40875666 20.87333624 79.11802185 41.25661245 70.88790586 29.66230291 53.80301244 49.56922718 74.45308715 30.24542552 29.31894842 31.39133403 55.19001197 38.26319164 69.87290150 76.54470724 36.00386171 66.18884217 50.49608861 62.93114359 45.37168353 44.20935434 79.42091444 49.32412671 58.25185214 67.52447621 54.54895551 85.12386233 81.61652473 58.81558954 76.28635860 57.66385110 93.37804744 60.96640881
44.19909289 23.08358967 22.40138187 27.13521600 53.22005270 34.79801056 65.62936194 16.60852085 48.05795196 36.83117538 12.02335340 58.33113888 18.20476471 47.05410743 11.84242938 37.58581952 13.33110904 63.67977750 0.00000000 53.00028853 13.42990259 15.17426046 54.35167822 51.78789288 64.61947350 11.00221548 66.43507131 70.60769974 22.92061943 50.15895693 16.16539253 59.40915750 37.57308318 43.35579500 25.37208409 79.95612064 78.30875102 65.70198028 38.47571155 64.09411960 32.59437387 34.32559811 77.12290034 33.37743798 53.78339292 41.24467000 66.88646061 81.90032467 44.44039625 83.98491401 58.91061634 51.90101707 72.44003990 50.72166573 48.95742516 66.73590496 53.85737055 84.95537099 58.39752925 94.19559167
26.34011738 59.34574213 48.20528108 35.24717791 17.98237060 23.90937679 23.99326960 58.49793803 11.94328946 18.45536462 46.92143308 11.88850821 35.86788177 7.07558844 63.31682408 17.97418362 41.20496660 11.98281446 53.00028853 0.00000000 58.94781603 53.65304182 27.90176297 22.12989210 12.09518284 55.04523983 13.91078066 18.08340909 68.43853288 29.39881372 60.20841689 24.42177597 41.98885935 37.75507409 62.63893406 27.43182999 26.00550565 26.15080710 44.44087096 33.02266471 58.05874840 64.73055415 32.69041894 54.37468908 45.25556168 55.79651104 40.13115659 40.89591157 67.60676135 46.01068394 53.01132521 62.28394927 49.30842858 73.84797535 71.99519540 53.57506260 69.90727359 54.35040833 81.56389434 57.65296604
50.94029310 34.53256467 33.15561195 36.75724947 59.16758021 41.53921077 71.57688945 28.05749585 54.00547947 42.77870289 22.35038069 64.27866639 25.14439181 53.00163494 25.19094719 43.53334703 18.54326879 69.62730501 13.42990259 58.94781603 0.00000000 18.19281550 51.28680164 57.73542039 70.56700101 9.14254566 72.38259882 76.55522725 11.28675670 47.09408036 11.18333521 60.24910518 34.50820660 40.29091843 16.11800059 83.33021350 76.43768101 62.63710371 35.41083497 61.02924302 25.67945516 24.93389010 74.05802377 30.27132696 50.71851635 38.17979343 63.82158404 78.83544810 40.21792244 80.92003743 55.84573976 48.83614050 69.37516332 46.53775015 44.77350959 63.67102838 50.79249398 81.89049441 54.17505544 91.13071510
45.64551889 35.91864992 29.89885474 31.78527735 53.87280600 36.24443655 66.28211523 29.80185373 48.71070525 37.48392868 20.56746919 58.98389218 19.84961760 47.70686072 26.93530506 38.23857282 12.90347631 64.33253080 15.17426046 53.65304182 18.19281550 0.00000000 54.87713372 52.44064618 65.27222679 12.53704908 67.08782461 71.26045304 27.08617760 50.68441244 17.37454597 60.06191080 38.09853868 43.88125051 27.61657322 80.60887394 78.96150432 66.22743579 39.00116705 64.61957510 33.69488248 36.53066370 77.64835585 33.90289349 54.30884843 41.77012551 67.41191612 82.42578018 45.36292243 84.51036951 59.43607184 52.42647258 72.96549540 51.60619165 49.75341170 67.26136046 54.38282605 85.48082649 59.32005543 94.72104717
38.20663167 61.30523700 50.16477595 38.49609920 39.37528596 30.93869829 47.82490642 60.45743291 32.33364631 24.87799445 48.75868598 37.61660569 37.70513467 23.20902091 65.15407698 17.72279544 43.04221950 39.71591606 54.35167822 27.90176297 51.28680164 54.87713372 0.00000000 18.43060356 39.96192236 43.98735867 35.50766157 42.50961152 48.17090433 8.66857020 40.21096299 21.26093867 18.11728199 14.93287827 38.76735670 45.79829381 40.16053219 28.65920598 21.61867514 32.68241181 34.18717104 40.85897678 41.06414649 31.29939672 29.34786934 32.97431522 39.42379094 49.88885646 44.53146899 54.52321851 45.93977525 40.77977164 50.19397938 50.77268300 48.91990304 48.76053432 47.10991379 59.36940979 58.48860199 65.91685915
33.51044595 58.25558845 47.11512740 35.33723468 34.23246806 27.44657189 42.19346489 57.40778436 26.70220477 20.20166068 45.70903743 31.98516415 34.65548612 17.57757937 62.10442843 14.67314689 39.99257095 33.98769083 51.78789288 22.12989210 57.73542039 52.44064618 18.43060356 0.00000000 28.74958384 53.83284419 23.63716808 30.63911803 60.78275814 16.93742699 52.82281681 10.35603538 30.72913581 26.07906855 51.37921051 33.92780033 28.29003871 17.50680875 30.48899600 23.85925486 46.79902486 53.47083060 29.19365300 42.99034400 28.50570918 39.14178574 30.96774675 38.01836297 55.93963545 43.13313534 41.83590315 46.11801536 41.32679861 60.90042377 57.39308617 42.95513117 52.50169325 50.50222902 69.24050757 54.77541744
37.03602506 70.54722401 59.40676296 46.41382648 27.77760449 35.07602536 29.76939796 69.97340201 22.89509942 29.62201320 58.54061805 18.57236617 47.48706674 19.06919672 74.93600905 30.00069070 52.82415157 14.88510999 64.61947350 12.09518284 70.56700101 65.27222679 39.96192236 28.74958384 0.00000000 66.66442480 5.12041047 6.21467834 76.27918972 36.55635860 68.31924838 19.35913865 46.97689541 41.14129816 66.87564209 15.58676762 15.33779726 20.29965016 44.67369092 27.17150776 61.44480330 68.95428104 22.93447969 57.17598160 39.79386967 52.22892465 34.10453315 31.13997232 69.50098305 36.25474469 47.16016826 56.43279233 42.63261476 74.46177137 70.95443377 47.16099721 65.19604215 44.59446908 82.80185517 47.89702679
47.03771690 32.10487757 30.63216498 33.17747536 55.26500401 37.63663456 67.67431324 25.62980874 50.10290326 38.87612669 19.82693372 60.37609019 21.24181561 49.09905873 22.76326008 39.63077083 14.29567432 65.72472881 11.00221548 55.04523983 9.14254566 12.53704908 43.98735867 53.83284419 66.66442480 0.00000000 66.98322831 72.65265105 15.10662419 39.79463739 5.18912382 52.94966221 27.20876363 32.99147546 15.41169462 76.03077053 69.13823804 55.33766074 28.11139200 53.72980005 22.02346100 24.47295132 66.75858080 23.01311843 43.41907338 30.88035045 56.52214107 71.53600513 34.07607671 73.62059446 48.54629679 41.53669753 62.07572035 40.35734618 38.59310562 56.37158541 43.49305100 74.59105144 48.03320970 83.83127212
38.85162288 72.36282182 61.22236077 48.22942430 29.59320230 36.89162318 32.19097621 71.78899983 24.71069724 31.43761102 60.35621586 20.99394443 49.30266455 20.88479453 76.75160686 31.81628851 54.63974938 17.40875666 66.43507131 13.91078066 72.38259882 67.08782461 35.50766157 23.63716808 5.12041047 66.98322831 0.00000000 7.72720315 71.16677396 31.44394285 63.20683263 14.24672290 41.86447966 36.02888241 61.76322633 15.09074142 13.27541022 15.18723440 39.56127517 22.05909201 56.33238755 63.84186528 19.27285561 52.06356584 34.68145392 47.11650890 29.16758390 27.91034378 64.38856729 33.02511615 42.04775251 51.32037657 38.34485588 69.34935562 65.84201802 42.61148991 60.08362639 41.36484054 77.68943942 44.66739825
43.02425131 76.53545025 65.39498920 52.40205273 33.76583074 41.06425161 35.75762420 75.96162826 28.88332567 35.61023945 64.52884430 24.56059242 53.47529298 25.05742296 80.92423529 35.98891694 58.81237781 20.87333624 70.60769974 18.08340909 76.55522725 71.26045304 42.50961152 30.63911803 6.21467834 72.65265105 7.72720315 0.00000000 78.16872391 38.44589280 70.20878258 21.24867285 48.86642961 43.03083235 68.76517628 10.24777134 12.21558845 21.03287221 46.56322511 27.01928483 63.33433749 70.84381523 20.63625686 59.06551579 39.85777212 54.11845885 32.72331365 28.84174949 71.39051724 33.95652185 46.57278844 55.84541251 40.33439192 76.35130556 72.77557092 44.86277438 64.60866232 42.29624625 84.69138936 45.59880396
60.43100994 44.02328151 42.64632879 46.24796631 68.65829705 51.02992761 81.06760629 37.54821269 63.49619631 52.26941973 31.84109753 73.76938323 34.63510865 62.49235178 34.68166403 53.02406387 28.03398563 79.11802185 22.92061943 68.43853288 11.28675670 27.08617760 48.17090433 60.78275814 76.27918972 15.10662419 71.16677396 78.16872391 0.00000000 43.97818304 13.04612382 57.13320786 31.39230929 37.17502111 10.08757251 80.21431619 73.32178370 59.52120639 32.27318141 57.91334571 20.22694524 16.67900750 70.94212645 26.16900379 47.58086278 34.61963384 60.68393047 75.69779453 34.05324841 77.78238387 52.28558017 45.27598091 65.81500373 40.37307612 38.60883556 60.11086879 44.71347870 78.33033482 48.01038141 87.57055550
39.87539511 62.97400044 51.83353939 40.16486263 41.04404939 32.60746172 49.46238650 62.12619634 33.97112639 26.54675789 50.42744942 39.25408577 39.37389811 24.84650099 61.92000153 19.39155887 44.71098294 41.25661245 50.15895693 29.39881372 47.09408036 50.68441244 8.66857020 16.93742699 36.55635860 39.79463739 31.44394285 38.44589280 43.97818304 0.00000000 36.01824171 17.19721995 13.92456070 9.66998087 34.57463541 41.73457509 36.09681347 23.38372980 16.35577774 25.41808622 29.99444976 36.66625550 36.58429684 26.28959586 22.75335458 27.71141782 32.15946534 45.39669453 39.52166813 47.84781535 40.70479206 35.51687424 42.92965378 45.76288213 43.91010218 41.82402008 41.84701640 52.10508419 53.47880113 58.65253355
52.20089395 37.26805462 35.79534204 38.34065241 60.42818107 42.79981162 72.83749030 30.79298580 55.26608032 44.03930374 24.99011077 65.53926724 26.40499266 54.26223579 27.92643713 44.79394788 19.45885138 70.88790586 16.16539253 60.20841689 11.18333521 17.37454597 40.21096299 52.82281681 68.31924838 5.18912382 63.20683263 70.20878258 13.04612382 36.01824171 0.00000000 49.17326653 23.43236795 29.21507978 10.87084342 72.25437485 65.36184236 51.56126506 24.33499632 49.95340437 17.50293886 19.33116367 62.98218512 19.23672276 39.64267770 27.10395478 52.74574539 67.75960945 30.28477762 69.84419878 44.76990111 37.76030185 58.29932467 36.56604710 34.80180653 52.59518973 39.71665532 70.81465576 44.24191062 80.05487645
41.57478666 65.87685307 54.73639202 43.06771527 40.25014033 35.51031436 44.36323276 65.02904898 34.80975076 28.26600140 53.33030205 33.16620098 42.27675074 25.68512536 69.72569305 22.29441151 47.61383557 29.66230291 59.40915750 24.42177597 60.24910518 60.06191080 21.26093867 10.35603538 19.35913865 52.94966221 14.24672290 21.24867285 57.13320786 17.19721995 49.17326653 0.00000000 27.61775676 21.78215951 47.72966023 24.53735514 18.89959352 7.66779642 25.52770907 13.97930913 42.29882145 49.80829918 19.80320781 38.02999974 22.21716728 33.61567723 21.08780102 28.62791778 50.50077111 33.53180895 33.58294104 40.59190685 31.48778627 55.46155943 51.95422183 34.53170703 46.97558474 40.66321668 63.80164323 45.38497225
52.29372806 58.67574527 56.75068170 52.58319558 53.46238234 45.02579467 61.91200281 52.20067644 46.42074270 38.96509084 45.94545044 51.70370208 47.36246337 37.29611730 49.33412778 31.80989182 40.41632209 53.80301244 37.57308318 41.98885935 34.50820660 38.09853868 18.11728199 30.72913581 46.97689541 27.20876363 41.86447966 48.86642961 31.39230929 13.92456070 23.43236795 27.61775676 0.00000000 9.67845903 21.98876166 52.15511190 46.51735028 32.69027176 9.35432717 32.49806410 17.40857600 24.08038174 45.52684485 15.33517456 23.68668942 19.52785297 37.44941242 52.43228490 28.56724683 54.51687424 34.92348439 29.71788942 45.62703116 34.80846083 32.95568088 42.74877301 33.66327708 57.45018707 42.52437983 64.94684621
48.05994279 64.45845709 60.01808707 48.34941032 49.22859708 40.79200941 57.67821755 57.98338827 42.18695743 34.73130557 51.72816227 47.46991681 47.55844579 33.06233203 55.11683961 27.57610656 46.19903391 49.56922718 43.35579500 37.75507409 40.29091843 43.88125051 14.93287827 26.07906855 41.14129816 32.99147546 36.02888241 43.03083235 37.17502111 9.66998087 29.21507978 21.78215951 9.67845903 0.00000000 27.77147348 45.47073860 39.63187117 25.48779591 6.68579687 24.22343317 22.59606494 29.86309357 37.25221392 18.39350636 17.03697153 18.04143695 30.79969453 44.36935068 31.64372711 46.65316231 31.00689699 25.84689337 38.97731327 37.88494112 35.88411539 36.50349091 32.17703553 50.80046919 45.60086011 57.45788051
62.02080802 46.47474618 45.09779346 48.16056648 70.24809513 52.61972569 82.56207752 39.99967736 65.08599439 53.85921781 34.29256220 72.35377678 36.22490673 57.94619200 37.13312870 52.45996653 29.61105130 74.45308715 25.37208409 62.63893406 16.11800059 27.61657322 38.76735670 51.37921051 66.87564209 15.41169462 61.76322633 68.76517628 10.08757251 34.57463541 10.87084342 47.72966023 21.98876166 27.77147348 0.00000000 70.81076856 63.91823607 50.11765876 22.86963378 48.50979807 10.59650056 10.14538004 61.53857882 16.52575335 38.17731515 25.21608621 51.28038284 66.29424690 25.06098587 68.37883624 42.88203254 35.74126572 56.41145610 31.38081358 29.61657301 50.70732116 35.72121615 68.92678719 39.01811886 78.16700787
52.37267221 85.88387115 74.74341010 61.75047363 43.11425163 50.41267251 45.12971348 85.31004916 38.23174657 44.95866034 73.87726519 33.93268169 62.82371388 34.40584386 90.27265619 45.33733784 68.16079871 30.24542552 79.95612064 27.43182999 83.33021350 80.60887394 45.79829381 33.92780033 15.58676762 76.03077053 15.09074142 10.24777134 80.21431619 41.73457509 72.25437485 24.53735514 52.15511190 45.47073860 70.81076856 0.00000000 7.06091453 22.68187998 48.47000586 26.49909536 65.24111824 72.77044662 17.72607466 60.82389029 39.33758264 54.19351089 29.81313145 25.93156729 71.58013459 31.04633966 44.59578858 53.86841265 37.42420973 76.05587583 72.25538144 41.95259218 62.63166247 39.38606405 84.40729227 42.68862176
50.94634787 84.45754681 73.31708576 60.32414929 41.68792729 48.98634817 44.20323638 83.92864249 36.80542223 43.53233600 72.22989557 33.00620459 61.17634426 32.97951952 88.62528657 41.19400502 66.51342909 29.31894842 78.30875102 26.00550565 76.43768101 78.96150432 40.16053219 28.29003871 15.33779726 69.13823804 13.27541022 12.21558845 73.32178370 36.09681347 65.36184236 18.89959352 46.51735028 39.63187117 63.91823607 7.06091453 0.00000000 15.64079884 41.42735311 19.45644261 58.19846549 65.72779388 10.68342192 53.78123754 32.29492990 47.15085814 22.77047871 18.88891455 64.53748185 24.00368691 37.55313584 46.82575991 30.38155698 69.01322309 65.21272870 34.90993944 55.58900972 32.34341131 77.36463952 35.64596902
49.24258308 73.54464949 62.40418844 50.73551168 41.97917145 43.17811077 46.09226389 72.69684539 37.09666639 35.93379781 60.99809847 34.89523210 49.94454716 33.12482097 77.39348947 29.96220792 55.28163199 31.39133403 65.70198028 26.15080710 62.63710371 66.22743579 28.65920598 17.50680875 20.29965016 55.33766074 15.18723440 21.03287221 59.52120639 23.38372980 51.56126506 7.66779642 32.69027176 25.48779591 50.11765876 22.68187998 15.64079884 0.00000000 27.62677581 6.91970601 44.39788819 51.92721657 13.67144820 39.98066024 20.16583092 34.77610093 14.02819790 22.08862533 52.04815933 25.93967314 26.90836651 36.18099058 23.83721649 57.00894765 53.08362971 27.47210391 44.94424039 33.01264690 65.34903145 38.12621478
54.74573967 59.57837364 57.65331007 55.03520719 55.91439395 47.47780628 64.36401442 53.10330481 48.87275431 41.41710245 46.84807881 54.15571369 48.26509174 39.74812891 50.23675615 34.26190343 41.31895046 55.19001197 38.47571155 44.44087096 35.41083497 39.00116705 21.61867514 30.48899600 44.67369092 28.11139200 39.56127517 46.56322511 32.27318141 16.35577774 24.33499632 25.52770907 9.35432717 6.68579687 22.86963378 48.47000586 41.42735311 27.62677581 0.00000000 26.01891512 16.84191368 24.37124207 39.04769587 12.63935509 16.12217517 12.46379904 29.63296628 44.64683034 25.88957585 46.73141968 25.95981902 20.75422404 37.81058503 32.13078985 30.30647747 33.78510764 26.59939761 49.63374094 39.84670885 57.13040007
54.58604008 78.88810648 67.74764543 56.07896868 48.85102906 48.52156777 52.96412150 78.04030239 43.96852399 41.27725481 66.34155546 41.76708971 55.28800415 38.69637877 75.85516420 35.30566492 60.62508898 38.26319164 64.09411960 33.02266471 61.02924302 64.61957510 32.68241181 23.85925486 27.17150776 53.72980005 22.05909201 27.01928483 57.91334571 25.41808622 49.95340437 13.97930913 32.49806410 24.22343317 48.50979807 26.49909536 19.45644261 6.91970601 26.01891512 0.00000000 42.58369031 50.27805227 14.96072462 36.57416066 13.25932366 28.11525190 8.16070494 20.96370705 45.50187560 23.85287818 20.45053967 29.72316373 18.93471662 49.97761684 46.17712245 21.60461095 38.48641355 28.11014703 58.32903328 34.65759639
68.36361711 53.69703596 52.22432338 54.76963375 69.53227139 59.22879296 77.98189186 47.22196714 62.49063175 55.03497989 41.41909211 67.77359113 42.83397400 53.36600635 44.35541847 47.87978087 35.88783272 69.87290150 32.59437387 58.05874840 25.67945516 33.69488248 34.18717104 46.79902486 61.44480330 22.02346100 56.33238755 63.33433749 20.22694524 29.99444976 17.50293886 42.29882145 17.40857600 22.59606494 10.59650056 65.24111824 58.19846549 44.39788819 16.84191368 42.58369031 0.00000000 7.69436196 54.44535907 6.96643928 30.45692610 15.67177267 43.37911883 58.57385785 14.95349139 58.73725337 33.05884731 25.15907345 46.58827086 21.27331910 19.50907853 40.88413593 25.47527847 59.10360195 28.91062438 68.34382264
70.97432203 55.42826020 54.05130748 57.11408049 76.20407714 61.57323970 84.65369760 48.95319138 69.16243749 61.70678563 43.24607622 74.44539687 45.17842075 60.03781209 46.08664271 54.55158662 38.56456531 76.54470724 34.32559811 64.73055415 24.93389010 36.53066370 40.85897678 53.47083060 68.95428104 24.47295132 63.84186528 70.84381523 16.67900750 36.66625550 19.33116367 49.80829918 24.08038174 29.86309357 10.14538004 72.77044662 65.72779388 51.92721657 24.37124207 50.27805227 7.69436196 0.00000000 62.13972104 14.09532709 38.15128806 22.79720048 50.50454665 66.26821981 20.01444456 65.86268119 40.18427512 32.28450126 53.71369868 26.33427227 24.57003170 48.00956374 30.82889084 66.22902977 33.97157755 75.46925045
57.63126116 85.68006088 74.53959983 62.87092308 48.37284059 55.31352217 50.88814967 84.83225679 43.49033552 48.06920921 73.13350986 39.69111789 62.07995855 39.66443282 89.52890086 42.09761932 67.41704338 36.00386171 77.12290034 32.69041894 74.05802377 77.64835585 41.06414649 29.19365300 22.93447969 66.75858080 19.27285561 20.63625686 70.94212645 36.58429684 62.98218512 19.80320781 45.52684485 37.25221392 61.53857882 17.72607466 10.68342192 13.67144820 39.04769587 14.96072462 54.44535907 62.13972104 0.00000000 48.43582943 25.12099242 39.97692066 14.48860911 8.89694305 57.36354437 14.00310711 28.08953806 37.36216212 19.70854687 60.59895413 55.57747646 24.82398909 46.12541194 22.34283150 68.94063604 25.65399752
64.67955779 54.48010007 52.55503650 55.10247792 65.84821207 57.41162440 74.29783254 48.00503125 58.80657242 51.35092057 41.74980524 64.08953181 43.16681818 49.68194702 45.13848258 44.19572155 36.22067689 66.18884217 33.37743798 54.37468908 30.27132696 33.90289349 31.29939672 42.99034400 57.17598160 23.01311843 52.06356584 59.06551579 26.16900379 26.28959586 19.23672276 38.02999974 15.33517456 18.39350636 16.52575335 60.82389029 53.78123754 39.98066024 12.63935509 36.57416066 6.96643928 14.09532709 48.43582943 0.00000000 24.44739645 8.76912384 36.47647000 52.32104543 13.73294050 52.11347624 26.43507017 19.42547091 39.96449373 19.97415451 18.12137455 34.26035879 21.38182439 52.47982482 27.69007350 61.72004551
56.86337164 74.88605501 68.86131810 57.19264135 58.03202593 49.63524044 65.19701847 68.41098619 50.68426574 43.55458637 62.15576019 53.99998668 56.40167682 41.55964034 65.54443753 36.41933759 56.62663183 50.49608861 53.78339292 45.25556168 50.71851635 54.30884843 29.34786934 28.50570918 39.79386967 43.41907338 34.68145392 39.85777212 47.58086278 22.75335458 39.64267770 22.21716728 23.68668942 17.03697153 38.17731515 39.33758264 32.29492990 20.16583092 16.12217517 13.25932366 30.45692610 38.15128806 25.12099242 24.44739645 0.00000000 16.63282239 14.25130508 29.24949119 34.03598425 31.33408053 18.83587344 21.37433568 22.42892383 38.51172549 34.71123110 19.95510146 27.80370691 34.25207974 46.86314193 41.74873887
66.10137975 62.34733209 60.42226852 62.96970994 67.27003403 58.83344636 75.71965450 55.87226327 60.22839439 52.77274253 49.61703726 65.51135377 51.03405020 51.10376899 53.00571460 45.61754351 44.08790891 62.93114359 41.24467000 55.79651104 38.17979343 41.77012551 32.97431522 39.14178574 52.22892465 30.88035045 47.11650890 54.11845885 34.61963384 27.71141782 27.10395478 33.61567723 19.52785297 18.04143695 25.21608621 54.19351089 47.15085814 34.77610093 12.46379904 28.11525190 15.67177267 22.79720048 39.97692066 8.76912384 16.63282239 0.00000000 27.70734617 43.55192159 17.76216644 43.34435240 17.66594634 12.46035136 31.19536990 22.28054809 18.77321049 25.49123496 15.87057543 43.71070099 30.62063189 52.95092167
61.69453197 85.99659837 74.85613732 63.18746057 55.95952095 55.63005966 60.07261338 81.51405388 51.07701588 48.38574670 73.45004735 48.87558160 62.39649604 45.80487066 78.64750521 42.41415681 67.73358087 45.37168353 66.88646061 40.13115659 63.82158404 67.41191612 39.42379094 30.96774675 34.10453315 56.52214107 29.16758390 32.72331365 60.68393047 32.15946534 52.74574539 21.08780102 37.44941242 30.79969453 51.28038284 29.81313145 22.77047871 14.02819790 29.63296628 8.16070494 43.37911883 50.50454665 14.48860911 36.47647000 14.25130508 27.70734617 0.00000000 16.92487561 44.80530050 18.21903247 15.67652791 24.94915198 10.90721399 48.18594399 43.16446632 13.44390601 33.71240179 21.13921122 56.52762590 28.63587036
65.83675379 94.50477085 83.36430980 71.69563305 56.57833322 63.87675409 59.09364230 93.65696676 51.69582815 56.89391918 81.95821983 47.89661051 70.90466852 47.86992544 93.66136927 50.92232929 76.24175335 44.20935434 81.90032467 40.89591157 78.83544810 82.42578018 49.88885646 38.01836297 31.13997232 71.53600513 27.91034378 28.84174949 75.69779453 45.39669453 67.75960945 28.62791778 52.43228490 44.36935068 66.29424690 25.93156729 18.88891455 22.08862533 44.64683034 20.96370705 58.57385785 66.26821981 8.89694305 52.32104543 29.24949119 43.55192159 16.92487561 0.00000000 60.04037207 5.72980372 28.88660621 38.15923027 17.46711787 61.39602228 56.37454461 24.42390574 46.92248009 13.90612176 69.73770419 16.75705447
77.91163005 65.54305834 64.01506545 66.56250687 79.08028434 70.64369667 87.52990481 59.06798952 72.03864469 64.58299283 53.20983419 77.32160407 54.62684712 62.91401929 56.20144086 57.42779382 47.68070583 79.42091444 44.44039625 67.60676135 40.21792244 45.36292243 44.53146899 55.93963545 69.50098305 34.07607671 64.38856729 71.39051724 34.05324841 39.52166813 30.28477762 50.50077111 28.56724683 31.64372711 25.06098587 71.58013459 64.53748185 52.04815933 25.88957585 45.50187560 14.95349139 20.01444456 57.36354437 13.73294050 34.03598425 17.76216644 44.80530050 60.04037207 0.00000000 57.86679504 32.18838898 23.71738587 45.71781254 9.87819539 9.90617937 40.01367760 18.97348059 58.23314363 16.45650966 67.47336431
70.95152616 99.40866202 88.26820097 76.59952422 61.69310558 68.99152646 64.20841467 98.56085793 56.81060052 61.79781035 86.86211100 53.01138288 75.80855969 52.98469781 95.74595861 55.82622046 81.14564452 49.32412671 83.98491401 46.01068394 80.92003743 84.51036951 54.52321851 43.13313534 36.25474469 73.62059446 33.02511615 33.95652185 77.78238387 47.84781535 69.84419878 33.53180895 54.51687424 46.65316231 68.37883624 31.04633966 24.00368691 25.93967314 46.73141968 23.85287818 58.73725337 65.86268119 14.00310711 52.11347624 31.33408053 43.34435240 18.21903247 5.72980372 57.86679504 0.00000000 26.71302918 35.98565324 14.61828222 59.22244525 54.20096758 21.90472288 44.74890306 8.38633979 67.56412717 12.76692226
72.06823213 80.01327843 78.08821486 73.04101930 68.83968956 65.48361839 72.95278200 73.53820960 63.95718449 58.75944686 67.28298360 61.75575021 68.69999653 56.21674700 70.67166094 52.26771554 61.75385524 58.25185214 58.91061634 53.01132521 55.84573976 59.43607184 45.93977525 41.83590315 47.16016826 48.54629679 42.04775251 46.57278844 52.28558017 40.70479206 44.76990111 33.58294104 34.92348439 31.00689699 42.88203254 44.59578858 37.55313584 26.90836651 25.95981902 20.45053967 33.05884731 40.18427512 28.08953806 26.43507017 18.83587344 17.66594634 15.67652791 28.88660621 32.18838898 26.71302918 0.00000000 9.32384801 13.57913815 32.56064002 27.53916235 7.85645153 18.08709782 26.09236324 40.90232193 35.33258393
73.90683616 73.00367916 71.07861560 73.62605702 75.07549045 66.63890278 82.22540606 66.52861034 68.03385080 60.57819894 60.27338433 71.02837428 61.69039727 58.90922540 63.66206167 53.42299993 54.74425598 67.52447621 51.90101707 62.28394927 48.83614050 52.42647258 40.77977164 46.11801536 56.43279233 41.53669753 51.32037657 55.84541251 45.27598091 35.51687424 37.76030185 40.59190685 29.71788942 25.84689337 35.74126572 53.86841265 46.82575991 36.18099058 20.75422404 29.72316373 25.15907345 32.28450126 37.36216212 19.42547091 21.37433568 12.46035136 24.94915198 38.15923027 23.71738587 35.98565324 9.32384801 0.00000000 22.90298616 23.28811336 18.26663569 17.18029954 8.86761503 35.41621125 31.62979527 44.65643193
72.46854364 93.54270198 85.63014900 73.96147225 65.13679293 66.40407134 69.24988537 87.06763316 60.25428787 59.15975838 80.81240716 58.05285358 73.17050772 56.28244245 84.20108450 53.18816848 75.28327880 54.54895551 72.44003990 49.30842858 69.37516332 72.96549540 50.19397938 41.32679861 42.63261476 62.07572035 38.34485588 40.33439192 65.81500373 42.92965378 58.29932467 31.48778627 45.62703116 38.97731327 56.41145610 37.42420973 30.38155698 23.83721649 37.81058503 18.93471662 46.58827086 53.71369868 19.70854687 39.96449373 22.42892383 31.19536990 10.90721399 17.46711787 45.71781254 14.61828222 13.57913815 22.90298616 0.00000000 46.13977817 41.11830050 7.33631423 31.66623597 13.03737792 54.48146008 22.46141522
84.15284406 71.82432782 70.25833467 72.80577609 85.32149834 76.88491067 93.77111881 65.34925899 78.27985870 70.82420684 59.45310341 83.56281808 60.87011634 69.15523330 62.48271033 63.66900782 53.92397505 85.12386233 50.72166573 73.84797535 46.53775015 51.60619165 50.77268300 60.90042377 74.46177137 40.35734618 69.34935562 76.35130556 40.37307612 45.76288213 36.56604710 55.46155943 34.80846083 37.88494112 31.38081358 76.05587583 69.01322309 57.00894765 32.13078985 49.97761684 21.27331910 26.33427227 60.59895413 19.97415451 38.51172549 22.28054809 48.18594399 61.39602228 9.87819539 59.22244525 32.56064002 23.28811336 46.13977817 0.00000000 7.49054229 40.41709155 17.02596381 58.65300326 9.41847287 67.89322394
82.30006410 70.06008725 68.40555471 70.95299613 83.46871839 75.03213072 91.91833885 63.58501843 76.42707874 68.97142688 57.60032345 81.71003812 59.01733639 67.30245334 60.71846977 61.81622787 52.07119510 81.61652473 48.95742516 71.99519540 44.77350959 49.75341170 48.91990304 57.39308617 70.95443377 38.59310562 65.84201802 72.77557092 38.60883556 43.91010218 34.80180653 51.95422183 32.95568088 35.88411539 29.61657301 72.25538144 65.21272870 53.08362971 30.30647747 46.17712245 19.50907853 24.57003170 55.57747646 18.12137455 34.71123110 18.77321049 43.16446632 56.37454461 9.90617937 54.20096758 27.53916235 18.26663569 41.11830050 7.49054229 0.00000000 35.39561388 10.86887003 53.63152559 15.83222420 62.87174627
73.18746015 87.83856705 85.91350348 74.16024732 69.40342696 66.60284641 73.51651939 81.36349822 64.52092189 59.87867488 75.10827222 62.31948761 73.36928280 57.33597502 78.49694956 53.38694356 69.57914386 58.81558954 66.73590496 53.57506260 63.67102838 67.26136046 48.76053432 42.95513117 47.16099721 56.37158541 42.61148991 44.86277438 60.11086879 41.82402008 52.59518973 34.53170703 42.74877301 36.50349091 50.70732116 41.95259218 34.90993944 27.47210391 33.78510764 21.60461095 40.88413593 48.00956374 24.82398909 34.26035879 19.95510146 25.49123496 13.44390601 24.42390574 40.01367760 21.90472288 7.85645153 17.18029954 7.33631423 40.41709155 35.39561388 0.00000000 25.94354936 18.68810208 48.75877346 27.92832276
80.23697832 74.96003264 73.03496907 75.58241049 81.40563261 72.96904494 89.85525307 68.48496381 74.36399296 66.90834110 62.22973781 79.64695234 63.64675074 65.23936756 65.61841515 59.75314208 56.70060946 76.28635860 53.85737055 69.90727359 50.79249398 54.38282605 47.10991379 52.50169325 65.19604215 43.49305100 60.08362639 64.60866232 44.71347870 41.84701640 39.71665532 46.97558474 33.66327708 32.17703553 35.72121615 62.63166247 55.58900972 44.94424039 26.59939761 38.48641355 25.47527847 30.82889084 46.12541194 21.38182439 27.80370691 15.87057543 33.71240179 46.92248009 18.97348059 44.74890306 18.08709782 8.86761503 31.66623597 17.02596381 10.86887003 25.94354936 0.00000000 44.17946106 25.36764572 53.41968175
79.29125055 105.94604046 94.80557941 83.13690265 70.03282998 75.57950174 72.54813906 99.58296425 65.15032491 68.33518878 93.39948944 61.35110728 82.34593813 61.32442221 96.71641559 62.36359889 87.68302296 57.66385110 84.95537099 54.35040833 81.89049441 85.48082649 59.36940979 50.50222902 44.59446908 74.59105144 41.36484054 42.29624625 78.33033482 52.10508419 70.81465576 40.66321668 57.45018707 50.80046919 68.92678719 39.38606405 32.34341131 33.01264690 49.63374094 28.11014703 59.10360195 66.22902977 22.34283150 52.47982482 34.25207974 43.71070099 21.13921122 13.90612176 58.23314363 8.38633979 26.09236324 35.41621125 13.03737792 58.65300326 53.63152559 18.68810208 44.17946106 0.00000000 66.99468517 9.48222992
91.86876305 79.50019134 77.97219844 80.51963986 93.03741734 84.60082967 101.48703780 73.02512252 85.99577769 78.54012583 67.16696718 91.27873707 68.58398012 76.87115229 70.15857385 71.38492681 61.63783883 93.37804744 58.39752925 81.56389434 54.17505544 59.32005543 58.48860199 69.24050757 82.80185517 48.03320970 77.68943942 84.69138936 48.01038141 53.47880113 44.24191062 63.80164323 42.52437983 45.60086011 39.01811886 84.40729227 77.36463952 65.34903145 39.84670885 58.32903328 28.91062438 33.97157755 68.94063604 27.69007350 46.86314193 30.62063189 56.52762590 69.73770419 16.45650966 67.56412717 40.90232193 31.62979527 54.48146008 9.41847287 15.83222420 48.75877346 25.36764572 66.99468517 0.00000000 76.23490585
82.59380826 111.26182532 100.12136427 88.45268752 73.33538769 80.63380856 75.85069677 108.82318493 68.45288262 73.65097365 98.71527430 64.65366498 87.66172299 64.62697991 105.95663627 67.67938376 92.99880782 60.96640881 94.19559167 57.65296604 91.13071510 94.72104717 65.91685915 54.77541744 47.89702679 83.83127212 44.66739825 45.59880396 87.57055550 58.65253355 80.05487645 45.38497225 64.94684621 57.45788051 78.16700787 42.68862176 35.64596902 38.12621478 57.13040007 34.65759639 68.34382264 75.46925045 25.65399752 61.72004551 41.74873887 52.95092167 28.63587036 16.75705447 67.47336431 12.76692226 35.33258393 44.65643193 22.46141522 67.89322394 62.87174627 27.92832276 53.41968175 9.48222992 76.23490585 0.00000000
