0.00000000 108.21320344 129.32590181 116.66904756 135.25483400 110.11269837 77.04163056 118.87005769 80.97056275 98.69848481 131.25483400 128.49747468 187.22539674 160.53910524 166.22539674 214.43860018 218.36753237 202.26702730 208.95331881
108.21320344 0.00000000 37.07106781 150.74011537 169.32590181 22.72792206 111.11269837 53.76955262 36.07106781 132.76955262 91.28427125 160.91168825 219.63961031 128.76955262 189.65180362 232.55129855 186.59797975 220.37972568 212.48023074
129.32590181 37.07106781 0.00000000 171.85281374 190.43860018 22.72792206 132.22539674 31.97056275 60.69848481 153.88225099 110.63961031 182.02438662 240.75230868 148.12489168 209.59292911 252.49242405 205.95331881 240.32085117 231.83556980
116.66904756 150.74011537 171.85281374 0.00000000 29.31370850 152.63961031 44.31370850 161.39696962 123.49747468 27.82842712 167.98275606 106.88225099 170.29646456 197.26702730 149.29646456 206.05382387 238.10764774 193.88225099 228.35028843
135.25483400 169.32590181 190.43860018 29.31370850 0.00000000 171.22539674 65.24264069 179.98275606 142.08326112 39.72792206 186.56854249 125.46803743 188.88225099 215.85281374 167.88225099 224.63961031 256.69343418 212.46803743 246.93607486
110.11269837 22.72792206 22.72792206 152.63961031 171.22539674 0.00000000 113.01219331 31.04163056 37.97056275 134.66904756 93.18376618 162.81118318 221.53910524 130.66904756 192.13708499 235.03657993 188.49747468 222.86500705 214.37972568
77.04163056 111.11269837 132.22539674 44.31370850 65.24264069 113.01219331 0.00000000 121.76955262 83.87005769 31.31370850 128.35533906 73.49747468 136.91168825 157.63961031 115.91168825 172.66904756 201.40916293 160.49747468 193.75230868
118.87005769 53.76955262 31.97056275 161.39696962 179.98275606 31.04163056 121.76955262 0.00000000 57.07106781 143.42640687 100.18376618 171.56854249 230.29646456 137.66904756 199.13708499 242.03657993 195.49747468 229.86500705 221.37972568
80.97056275 36.07106781 60.69848481 123.49747468 142.08326112 37.97056275 83.87005769 57.07106781 0.00000000 105.52691193 73.94112550 133.66904756 192.39696962 111.42640687 162.40916293 205.30865787 169.25483400 193.13708499 195.13708499
98.69848481 132.76955262 153.88225099 27.82842712 39.72792206 134.66904756 31.31370850 143.42640687 105.52691193 0.00000000 150.01219331 88.91168825 152.32590181 179.29646456 131.32590181 188.08326112 220.13708499 175.91168825 210.37972568
131.25483400 91.28427125 110.63961031 167.98275606 186.56854249 93.18376618 128.35533906 100.18376618 73.94112550 150.01219331 0.00000000 166.55634919 219.75230868 78.79898987 190.02438662 232.92388155 136.62741700 220.75230868 164.16652224
128.49747468 160.91168825 182.02438662 106.88225099 125.46803743 162.81118318 73.49747468 171.56854249 133.66904756 88.91168825 166.55634919 0.00000000 101.79898987 195.84062043 80.79898987 141.69848481 228.82337649 129.52691193 163.99494937
187.22539674 219.63961031 240.75230868 170.29646456 188.88225099 221.53910524 136.91168825 230.29646456 192.39696962 152.32590181 219.75230868 101.79898987 0.00000000 214.75230868 54.89949494 120.38477631 254.13708499 108.21320344 146.82337649
160.53910524 128.76955262 148.12489168 197.26702730 215.85281374 130.66904756 157.63961031 137.66904756 111.42640687 179.29646456 78.79898987 195.84062043 214.75230868 0.00000000 185.02438662 232.65180362 86.45584412 220.48023074 115.75230868
166.22539674 189.65180362 209.59292911 149.29646456 167.88225099 192.13708499 115.91168825 199.13708499 162.40916293 131.32590181 190.02438662 80.79898987 54.89949494 185.02438662 0.00000000 87.72792206 222.65180362 75.55634919 115.33809512
214.43860018 232.55129855 252.49242405 206.05382387 224.63961031 235.03657993 172.66904756 242.03657993 205.30865787 188.08326112 232.92388155 141.69848481 120.38477631 232.65180362 87.72792206 0.00000000 260.23759005 45.82842712 152.92388155
218.36753237 186.59797975 205.95331881 238.10764774 256.69343418 188.49747468 201.40916293 195.49747468 169.25483400 220.13708499 136.62741700 228.82337649 254.13708499 86.45584412 222.65180362 260.23759005 0.00000000 248.06601718 143.33809512
202.26702730 220.37972568 240.32085117 193.88225099 212.46803743 222.86500705 160.49747468 229.86500705 193.13708499 175.91168825 220.75230868 129.52691193 108.21320344 220.48023074 75.55634919 45.82842712 248.06601718 0.00000000 140.75230868
208.95331881 212.48023074 231.83556980 228.35028843 246.93607486 214.37972568 193.75230868 221.37972568 195.13708499 210.37972568 164.16652224 163.99494937 146.82337649 115.75230868 115.33809512 152.92388155 143.33809512 140.75230868 0.00000000
