0.00000000 40.17548388 47.48890664 52.01646062 63.44351251 40.95208186 44.60038751 53.97536918 35.23943241 50.41146883 63.12232316 58.07089962 98.25412658 66.90185867 94.48240912 117.94528369 76.27160015 114.33915153 73.34412365
40.17548388 0.00000000 18.47009775 48.90442062 60.33147250 4.58743382 41.68321765 27.36337096 6.94673948 47.29942882 34.60380640 55.57103403 94.79615089 38.55259258 83.35096928 108.80061473 47.92233405 105.19448258 61.67854152
47.48890664 18.47009775 0.00000000 56.44872582 67.87577770 6.37886870 49.22752286 9.40349725 13.92060755 54.84373402 41.42908852 63.11533923 102.34045609 45.37787470 88.71942628 114.16907173 54.74761618 110.56293958 68.50382364
52.01646062 48.90442062 56.44872582 0.00000000 4.77898996 49.68101861 8.46419888 62.93518836 43.89509265 10.24022086 65.35933944 25.32337050 55.58315758 69.13887494 51.81144013 80.47961843 94.68895907 76.87348628 92.40685892
63.44351251 60.33147250 67.87577770 4.77898996 0.00000000 61.10807049 12.86295730 74.36224025 55.32214454 13.20420208 76.78639132 36.75042239 67.01020947 80.56592683 63.23849201 91.90667032 106.11601095 88.30053817 103.83391080
40.95208186 4.58743382 6.37886870 49.68101861 61.10807049 0.00000000 42.45981564 22.91019339 7.70523873 48.07602681 35.38914367 56.34763202 95.57274887 39.33792985 82.61324650 108.06289194 48.70767132 104.45675979 62.46387878
44.60038751 41.68321765 49.22752286 8.46419888 12.86295730 42.45981564 0.00000000 55.71398540 36.67388969 8.25842663 58.13813647 19.23577618 49.49556326 61.91767198 45.72384581 74.39202411 84.30065199 70.78589196 62.11313052
53.97536918 27.36337096 9.40349725 62.93518836 74.36224025 22.91019339 55.71398540 0.00000000 23.30108135 61.33019657 47.91555106 69.60180177 108.82691863 51.86433724 95.20588882 120.65553427 61.23407872 117.04940212 74.99028618
35.23943241 6.94673948 13.92060755 43.89509265 55.32214454 7.70523873 36.67388969 23.30108135 0.00000000 42.29010086 32.90329119 50.56170607 89.78682292 36.85207737 78.34164132 103.79128677 46.22181885 100.18515462 59.97802631
50.41146883 47.29942882 54.84373402 10.24022086 13.20420208 48.07602681 8.25842663 61.33019657 42.29010086 0.00000000 63.75434764 23.71837871 53.97816579 67.53388315 50.20644833 78.87462664 93.08396727 75.26849449 90.80186712
63.12232316 34.60380640 41.42908852 65.35933944 76.78639132 35.38914367 58.13813647 47.91555106 32.90329119 63.75434764 0.00000000 83.52191629 105.92841116 16.83847326 98.91630274 124.36594819 26.20821473 120.75981604 39.52142185
58.07089962 55.57103403 63.11533923 25.32337050 36.75042239 56.34763202 19.23577618 69.60180177 50.56170607 23.71837871 83.52191629 0.00000000 30.11387719 87.30145180 26.18415801 58.48518701 108.68627900 54.87905486 70.41242750
98.25412658 94.79615089 102.34045609 55.58315758 67.01020947 95.57274887 49.49556326 108.82691863 89.78682292 53.97816579 105.92841116 30.11387719 0.00000000 76.43199839 34.63163279 45.54729355 76.52952590 41.23565615 66.48396740
66.90185867 38.55259258 45.37787470 69.13887494 80.56592683 39.33792985 61.91767198 51.86433724 36.85207737 67.53388315 16.83847326 87.30145180 76.43199839 0.00000000 69.41988997 93.60066943 13.66560807 89.99453728 27.35125511
94.48240912 83.35096928 88.71942628 51.81144013 63.23849201 82.61324650 45.72384581 95.20588882 78.34164132 50.20644833 98.91630274 26.18415801 34.63163279 69.41988997 0.00000000 37.15331295 72.09372990 32.84167554 62.04817140
117.94528369 108.80061473 114.16907173 80.47961843 91.90667032 108.06289194 74.39202411 120.65553427 103.79128677 78.87462664 124.36594819 58.48518701 45.54729355 93.60066943 37.15331295 0.00000000 97.36018816 16.22163443 87.31462965
76.27160015 47.92233405 54.74761618 94.68895907 106.11601095 48.70767132 84.30065199 61.23407872 46.22181885 93.08396727 26.20821473 108.68627900 76.52952590 13.66560807 72.09372990 97.36018816 0.00000000 93.75405600 31.11077383
114.33915153 105.19448258 110.56293958 76.87348628 88.30053817 104.45675979 70.78589196 117.04940212 100.18515462 75.26849449 120.75981604 54.87905486 41.23565615 89.99453728 32.84167554 16.22163443 93.75405600 0.00000000 83.70849750
73.34412365 61.67854152 68.50382364 92.40685892 103.83391080 62.46387878 62.11313052 74.99028618 59.97802631 90.80186712 39.52142185 70.41242750 66.48396740 27.35125511 62.04817140 87.31462965 31.11077383 83.70849750 0.00000000
