0.00000000 81.71129483 97.06653984 85.90267041 99.37462604 83.16495134 57.43947632 90.60592442 62.08050175 73.12790625 97.61630698 92.41280463 140.32621263 118.27271099 122.86700015 162.32036550 156.83931550 151.51571346 151.27051987
81.71129483 0.00000000 28.73363640 108.26753412 121.73948975 16.63339361 79.84331406 41.81267495 26.81199998 95.49276996 66.65423921 113.90599068 161.35416121 91.97955001 140.44443448 173.97544101 130.54615451 163.17078897 146.72696188
97.06653984 28.73363640 0.00000000 123.42789473 136.89985035 16.97524197 95.00367467 23.87373363 45.05496870 110.65313057 80.81538780 129.06635129 176.51452181 106.14069859 154.56130255 188.09230907 144.70730309 177.28765703 160.88811047
85.90267041 108.26753412 123.42789473 0.00000000 20.83509532 109.72119063 32.95589510 116.96727931 88.82923859 20.81970206 119.63941130 76.11183903 124.31106474 140.29581532 106.85185227 149.44699362 175.59987547 138.64234159 163.34444656
99.37462604 121.73948975 136.89985035 20.83509532 0.00000000 123.19314626 47.34976900 130.43923494 102.30119421 28.50451701 133.11136693 89.58379465 137.78302037 153.76777094 120.32380789 162.91894925 189.07183109 152.11429721 176.81640219
83.16495134 16.63339361 16.97524197 109.72119063 123.19314626 0.00000000 81.29697057 25.35875846 28.39676332 96.94642647 68.07431801 115.35964719 162.80781771 93.39962880 141.78554191 175.31654843 131.96623331 164.51189640 148.14704068
57.43947632 79.84331406 95.00367467 32.95589510 47.34976900 81.29697057 0.00000000 88.54305925 60.40501853 22.98264126 91.21519124 51.58414070 99.78336641 111.87159526 82.32415394 124.91929529 147.87351247 114.11464326 138.39466550
90.60592442 41.81267495 23.87373363 116.96727931 130.43923494 25.35875846 88.54305925 0.00000000 43.49931239 104.19251515 74.35477238 122.60573587 170.05390640 99.68008318 148.10068713 181.63169365 138.24668768 170.82704162 154.42749505
62.08050175 26.81199998 45.05496870 88.82923859 102.30119421 28.39676332 60.40501853 43.49931239 0.00000000 76.05447442 53.78844473 94.46769514 141.91586567 79.11375552 121.00613895 154.53714547 117.68036003 143.73249344 133.86116740
73.12790625 95.49276996 110.65313057 20.81970206 28.50451701 96.94642647 22.98264126 104.19251515 76.05447442 0.00000000 106.86464714 63.33707487 111.53630058 127.52105115 94.07708810 136.67222946 162.82511130 125.86757743 150.56968240
97.61630698 66.65423921 80.81538780 119.63941130 133.11136693 68.07431801 91.21519124 74.35477238 53.78844473 106.86464714 0.00000000 119.41608268 163.05549536 53.98939409 139.85386979 173.38487631 92.55599859 162.58022428 109.64231845
92.41280463 113.90599068 129.06635129 76.11183903 89.58379465 115.35964719 51.58414070 122.60573587 94.46769514 63.33707487 119.41608268 0.00000000 78.16233500 140.07248669 61.11528404 103.92437385 169.68270535 93.11972182 117.82182679
140.32621263 161.35416121 176.51452181 124.31106474 137.78302037 162.80781771 99.78336641 170.05390640 141.91586567 111.53630058 163.05549536 78.16233500 0.00000000 159.47671987 45.82869922 94.99052516 182.35203544 84.47197151 109.69053545
118.27271099 91.97955001 106.14069859 140.29581532 153.76777094 93.39962880 111.87159526 99.68008318 79.11375552 127.52105115 53.98939409 140.07248669 159.47671987 0.00000000 136.27509430 169.10680495 61.15350265 158.30215292 79.15536759
122.86700015 140.44443448 154.56130255 106.85185227 120.32380789 141.78554191 82.32415394 148.10068713 121.00613895 94.07708810 139.85386979 61.11528404 45.82869922 136.27509430 0.00000000 69.40877209 158.38048208 58.89021843 85.71898209
162.32036550 173.97544101 188.09230907 149.44699362 162.91894925 175.31654843 124.91929529 181.63169365 154.53714547 136.67222946 173.38487631 103.92437385 94.99052516 169.10680495 69.40877209 0.00000000 188.69039754 36.99277620 116.02889755
156.83931550 130.54615451 144.70730309 175.59987547 189.07183109 131.96623331 147.87351247 138.24668768 117.68036003 162.82511130 92.55599859 169.68270535 182.35203544 61.15350265 158.38048208 188.69039754 0.00000000 177.88574551 98.73896017
151.51571346 163.17078897 177.28765703 138.64234159 152.11429721 164.51189640 114.11464326 170.82704162 143.73249344 125.86757743 162.58022428 93.11972182 84.47197151 158.30215292 58.89021843 36.99277620 177.88574551 0.00000000 105.22424551
151.27051987 146.72696188 160.88811047 163.34444656 176.81640219 148.14704068 138.39466550 154.42749505 133.86116740 150.56968240 109.64231845 117.82182679 109.69053545 79.15536759 85.71898209 116.02889755 98.73896017 105.22424551 0.00000000
