0.00000000 396.38477631 264.55634919 135.55634919 412.56854249 279.56854249 142.08326112 429.50966799 298.09545443 172.91168825 246.58073580 389.89444430 383.00714267 263.23759005 522.59292911 481.66399692 344.93607486 290.09545443 428.70562748 636.53405461 409.93607486 470.46298680 665.96046148 530.06096654
396.38477631 0.00000000 131.00000000 265.55634919 92.14213562 214.01219331 353.15432893 169.08326112 289.95331881 432.50966799 378.92388155 258.33809512 325.79393924 449.27922061 260.26702730 288.99494937 419.62236636 550.27922061 436.90663761 372.55129855 604.84776311 601.33304448 468.32085117 477.19090886
264.55634919 131.00000000 0.00000000 134.55634919 148.01219331 92.38477631 222.15432893 171.39696962 168.32590181 301.50966799 247.92388155 194.12489168 254.16652224 318.27922061 264.48023074 290.23759005 297.99494937 419.27922061 364.45079349 378.42135624 473.84776311 479.70562748 473.70562748 464.14927830
135.55634919 265.55634919 134.55634919 0.00000000 281.74011537 144.59797975 94.04163056 298.68124087 171.32590181 173.39696962 185.22539674 254.92388155 256.23759005 255.58073580 391.76450199 346.69343418 281.09545443 295.30865787 364.86500705 505.70562748 411.14927830 465.29141392 530.98989873 466.22034611
412.56854249 92.14213562 148.01219331 281.74011537 0.00000000 135.48528137 272.14213562 85.72792206 208.94112550 349.84062043 299.56854249 170.74011537 245.81118318 369.92388155 181.05382387 205.63961031 338.61017306 470.92388155 356.92388155 293.33809512 525.49242405 524.42135624 389.10764774 393.83556980
279.56854249 214.01219331 92.38477631 144.59797975 135.48528137 0.00000000 136.65685425 152.42640687 84.14213562 215.18376618 164.91168825 116.76955262 169.98275606 235.26702730 247.12489168 208.53910524 213.81118318 336.26702730 280.26702730 361.06601718 390.83556980 395.52186130 392.83556980 379.96551211
142.08326112 353.15432893 222.15432893 94.04163056 272.14213562 136.65685425 0.00000000 286.59797975 152.94112550 88.14213562 110.35533906 246.98275606 237.85281374 171.39696962 377.33809512 338.75230868 208.71067812 210.05382387 292.48023074 491.27922061 324.48023074 378.62236636 523.04877324 393.83556980
429.50966799 169.08326112 171.39696962 298.68124087 85.72792206 152.42640687 286.59797975 0.00000000 132.00000000 272.89949494 222.62741700 93.79898987 167.11269837 292.98275606 100.35533906 126.94112550 261.66904756 393.98275606 278.22539674 214.29646456 448.55129855 445.72287143 310.40916293 315.13708499
298.09545443 289.95331881 168.32590181 171.32590181 208.94112550 84.14213562 152.94112550 132.00000000 0.00000000 140.89949494 90.62741700 92.38477631 92.52691193 160.98275606 222.74011537 184.15432893 135.52691193 261.98275606 202.81118318 336.68124087 316.55129855 317.23759005 368.45079349 302.50966799
172.91168825 432.50966799 301.50966799 173.39696962 349.84062043 215.18376618 88.14213562 272.89949494 140.89949494 0.00000000 89.97056275 233.28427125 224.98275606 95.01219331 363.63961031 325.05382387 188.32590181 130.35533906 272.09545443 477.58073580 248.09545443 302.23759005 504.86500705 367.69343418
246.58073580 378.92388155 247.92388155 185.22539674 299.56854249 164.91168825 110.35533906 222.62741700 90.62741700 89.97056275 0.00000000 183.01219331 135.01219331 70.35533906 273.66904756 235.08326112 98.35533906 171.35533906 182.12489168 387.61017306 225.92388155 280.06601718 411.03657993 283.48023074
389.89444430 258.33809512 194.12489168 254.92388155 170.74011537 116.76955262 246.98275606 93.79898987 92.38477631 233.28427125 183.01219331 0.00000000 69.11269837 202.84062043 132.01219331 93.42640687 171.76955262 303.84062043 180.22539674 245.95331881 358.40916293 350.65180362 277.72287143 279.92388155
383.00714267 325.79393924 254.16652224 256.23759005 245.81118318 169.98275606 237.85281374 167.11269837 92.52691193 224.98275606 135.01219331 69.11269837 0.00000000 148.01219331 152.11269837 113.52691193 116.94112550 249.01219331 111.11269837 266.05382387 290.56854249 281.53910524 289.53910524 210.81118318
263.23759005 449.27922061 318.27922061 255.58073580 369.92388155 235.26702730 171.39696962 292.98275606 160.98275606 95.01219331 70.35533906 202.84062043 148.01219331 0.00000000 286.66904756 248.08326112 110.52691193 114.35533906 182.59797975 400.61017306 155.56854249 209.71067812 409.85281374 272.68124087
522.59292911 260.26702730 264.48023074 391.76450199 181.05382387 247.12489168 377.33809512 100.35533906 222.74011537 363.63961031 273.66904756 132.01219331 152.11269837 286.66904756 0.00000000 111.94112550 255.59797975 387.66904756 242.94112550 113.94112550 424.88225099 415.02438662 208.05382387 275.16652224
481.66399692 288.99494937 290.23759005 346.69343418 205.63961031 208.53910524 338.75230868 126.94112550 184.15432893 325.05382387 235.08326112 93.42640687 113.52691193 248.08326112 111.94112550 0.00000000 161.25483400 293.08326112 148.35533906 152.52691193 328.63961031 318.78174593 184.29646456 188.19595949
344.93607486 419.62236636 297.99494937 281.09545443 338.61017306 213.81118318 208.71067812 261.66904756 135.52691193 188.32590181 98.35533906 171.76955262 116.94112550 110.52691193 255.59797975 161.25483400 0.00000000 152.69848481 83.76955262 305.78174593 190.74011537 182.53910524 312.68124087 185.12489168
290.09545443 550.27922061 419.27922061 295.30865787 470.92388155 336.26702730 210.05382387 393.98275606 261.98275606 130.35533906 171.35533906 303.84062043 249.01219331 114.35533906 387.66904756 293.08326112 152.69848481 0.00000000 215.59797975 435.95331881 121.49747468 180.36753237 442.85281374 305.68124087
428.70562748 436.90663761 364.45079349 364.86500705 356.92388155 280.26702730 292.48023074 278.22539674 202.81118318 272.09545443 182.12489168 180.22539674 111.11269837 182.59797975 242.94112550 148.35533906 83.76955262 215.59797975 0.00000000 222.84062043 179.45584412 170.42640687 229.74011537 102.18376618
636.53405461 372.55129855 378.42135624 505.70562748 293.33809512 361.06601718 491.27922061 214.29646456 336.68124087 477.58073580 387.61017306 245.95331881 266.05382387 400.61017306 113.94112550 152.52691193 305.78174593 435.95331881 222.84062043 0.00000000 379.28427125 371.26702730 99.52691193 233.71067812
409.93607486 604.84776311 473.84776311 411.14927830 525.49242405 390.83556980 324.48023074 448.55129855 316.55129855 248.09545443 225.92388155 358.40916293 290.56854249 155.56854249 424.88225099 328.63961031 190.74011537 121.49747468 179.45584412 379.28427125 0.00000000 122.87005769 386.18376618 248.18376618
470.46298680 601.33304448 479.70562748 465.29141392 524.42135624 395.52186130 378.62236636 445.72287143 317.23759005 302.23759005 280.06601718 350.65180362 281.53910524 209.71067812 415.02438662 318.78174593 182.53910524 180.36753237 170.42640687 371.26702730 122.87005769 0.00000000 280.52691193 137.55634919
665.96046148 468.32085117 473.70562748 530.98989873 389.10764774 392.83556980 523.04877324 310.40916293 368.45079349 504.86500705 411.03657993 277.72287143 289.53910524 409.85281374 208.05382387 184.29646456 312.68124087 442.85281374 229.74011537 99.52691193 386.18376618 280.52691193 0.00000000 142.97056275
530.06096654 477.19090886 464.14927830 466.22034611 393.83556980 379.96551211 393.83556980 315.13708499 302.50966799 367.69343418 283.48023074 279.92388155 210.81118318 272.68124087 275.16652224 188.19595949 185.12489168 305.68124087 102.18376618 233.71067812 248.18376618 137.55634919 142.97056275 0.00000000
