0.00000000 74.91951607 64.67904684 40.16448372 92.64984486 77.56601125 47.24827652 83.76294900 88.58666783 70.74832510 79.32132350 104.13255189 132.81983487 98.47898918 109.58380202 131.61313728 106.93275358 84.92244941 138.36118395 134.85726261 126.45950534 151.83338144 163.32461104 158.48040305
74.91951607 0.00000000 13.28549300 46.40039828 25.42284433 31.90680673 61.59614492 31.31109893 40.40998118 89.20403304 62.82930465 78.13514716 123.86353704 71.40202996 37.96549986 56.94208017 114.60975072 99.35554466 159.56327550 63.08690904 114.05107308 170.39202297 81.36995578 129.62657541
64.67904684 13.28549300 0.00000000 33.79656120 33.15448262 20.44713003 48.99230784 22.09343837 28.95030448 76.60019597 57.83701958 43.65137425 72.34332189 66.40974489 47.91429139 44.67812587 103.15007402 94.36325959 107.88718062 73.18775198 109.05878801 158.93234627 76.37681537 130.26035402
40.16448372 46.40039828 33.79656120 0.00000000 64.13072707 53.07987916 21.01957241 55.24383121 57.11652123 48.62746053 55.77544136 79.64641980 101.34968826 64.34816667 81.06468423 107.12700519 83.16727680 93.60075977 114.59570716 106.33814482 106.99720979 124.67833140 138.83847895 134.71492627
92.64984486 25.42284433 33.15448262 64.13072707 0.00000000 45.06873272 94.25558675 6.78275686 33.06915775 74.82082765 55.86157564 45.09210433 61.60997165 64.43430095 13.53804123 32.41373810 107.26892728 92.38781565 97.30971010 38.65945041 107.08334407 148.01489054 56.94249716 105.09823334
77.56601125 31.90680673 20.44713003 53.07987916 45.06873272 0.00000000 49.26148507 36.17674491 10.41499721 49.97166121 31.01240920 27.95701925 53.80801462 39.58513451 61.70070880 55.43760464 84.61476674 67.53864921 89.35187335 86.97416938 82.23417764 140.39703899 87.14907840 111.72504674
47.24827652 61.59614492 48.99230784 21.01957241 94.25558675 49.26148507 0.00000000 67.41174559 47.59824678 37.53493573 45.33850866 75.82802571 91.83141382 61.58326254 109.57171526 103.30861110 72.94993874 82.50823496 104.37836911 134.84517584 103.98014908 121.66127069 135.02008486 124.49758821
83.76294900 31.31109893 22.09343837 55.24383121 6.78275686 36.17674491 67.41174559 0.00000000 16.98379700 58.73546690 39.77621489 29.00674358 52.86382975 48.34894020 28.60628015 23.66759620 91.18356653 76.30245490 88.56356820 53.87974074 90.99798333 139.26874864 55.36628571 96.35209144
88.58666783 40.40998118 28.95030448 57.11652123 33.06915775 10.41499721 47.59824678 16.98379700 0.00000000 41.75166990 22.79241789 25.40007712 44.39159187 31.36514320 59.14376667 52.88066251 76.24395452 59.31865790 79.93545060 84.41722726 74.01418633 132.02622677 84.59213628 102.30862400
70.74832510 89.20403304 76.60019597 48.62746053 74.82082765 49.97166121 37.53493573 58.73546690 41.75166990 0.00000000 19.07152623 67.15174702 72.22656438 30.59092879 110.03586325 103.77275909 46.68295632 52.01348040 78.11138668 135.30932384 72.98781533 90.66893694 141.30606359 106.85963958
79.32132350 62.82930465 57.83701958 55.77544136 55.86157564 31.01240920 45.33850866 39.77621489 22.79241789 19.07152623 0.00000000 48.19249502 53.18684229 8.57272531 90.99614117 84.73303701 27.64323423 36.52624001 59.07166459 116.26960175 51.22176843 68.90289004 127.51326285 79.19088370
104.13255189 78.13514716 43.65137425 79.64641980 45.09210433 27.95701925 75.82802571 29.00674358 25.40007712 67.15174702 48.19249502 0.00000000 48.39926046 98.32302437 37.06536517 30.80226101 106.82359707 126.27653906 84.09899892 62.33882575 140.97206749 138.27615109 62.51373477 106.47217231
132.81983487 123.86353704 72.34332189 101.34968826 61.60997165 53.80801462 91.83141382 52.86382975 44.39159187 72.22656438 53.18684229 48.39926046 0.00000000 56.49701811 46.43205379 40.16894963 64.99759081 84.45053281 35.72096461 71.70551437 92.21296721 89.89811677 77.39271730 58.09413800
98.47898918 71.40202996 66.40974489 64.34816667 64.43430095 39.58513451 61.58326254 48.34894020 31.36514320 30.59092879 8.57272531 98.32302437 56.49701811 0.00000000 94.30631698 88.04321282 32.43849156 29.30003712 56.38384506 119.57977757 42.64910577 60.33022738 110.73610982 76.28968581
109.58380202 37.96549986 47.91429139 81.06468423 13.53804123 61.70070880 109.57171526 28.60628015 59.14376667 110.03586325 90.99614117 37.06536517 46.43205379 94.30631698 0.00000000 17.23582024 102.80688969 122.25983168 80.88083840 25.28638185 128.57922633 127.73366065 43.47444818 100.86210919
131.61313728 56.94208017 44.67812587 107.12700519 32.41373810 55.43760464 103.30861110 23.66759620 52.88066251 103.77275909 84.73303701 30.80226101 40.16894963 88.04321282 17.23582024 0.00000000 73.35806547 114.15921935 63.74987899 41.69154965 116.78545226 115.93988659 31.99481960 73.02322938
106.93275358 114.60975072 103.15007402 83.16727680 107.26892728 84.61476674 72.94993874 91.18356653 76.24395452 46.68295632 27.64323423 106.82359707 64.99759081 32.43849156 102.80688969 73.35806547 0.00000000 39.66794928 31.42843036 99.44175366 57.52817691 55.92541193 99.87002862 51.54764947
84.92244941 99.35554466 94.36325959 93.60075977 92.38781565 67.53864921 82.50823496 76.30245490 59.31865790 52.01348040 36.52624001 126.27653906 84.45053281 29.30003712 122.25983168 114.15921935 39.66794928 0.00000000 71.77796731 131.76885647 39.64403595 69.01314163 132.19713143 97.75070742
138.36118395 159.56327550 107.88718062 114.59570716 97.30971010 89.35187335 104.37836911 88.56356820 79.93545060 78.11138668 59.07166459 84.09899892 35.72096461 56.38384506 80.88083840 63.74987899 31.42843036 71.77796731 0.00000000 71.91651949 57.53014187 55.21529143 72.34479445 24.02241529
134.85726261 63.08690904 73.18775198 106.33814482 38.65945041 86.97416938 134.84517584 53.87974074 84.41722726 135.30932384 116.26960175 62.33882575 71.70551437 119.57977757 25.28638185 41.69154965 99.44175366 131.76885647 71.91651949 0.00000000 120.12568948 84.92109029 17.35661233 57.13138442
126.45950534 114.05107308 109.05878801 106.99720979 107.08334407 82.23417764 103.98014908 90.99798333 74.01418633 72.98781533 51.22176843 140.97206749 92.21296721 42.64910577 128.57922633 116.78545226 57.52817691 39.64403595 57.53014187 120.12568948 0.00000000 58.54037611 120.55396444 88.09345704
151.83338144 170.39202297 158.93234627 124.67833140 148.01489054 140.39703899 121.66127069 139.26874864 132.02622677 90.66893694 68.90289004 138.27615109 89.89811677 60.33022738 127.73366065 115.93988659 55.92541193 69.01314163 55.21529143 84.92109029 58.54037611 0.00000000 70.93118458 54.28132283
163.32461104 81.36995578 76.37681537 138.83847895 56.94249716 87.14907840 135.02008486 55.36628571 84.59213628 141.30606359 127.51326285 62.51373477 77.39271730 110.73610982 43.47444818 31.99481960 99.87002862 132.19713143 72.34479445 17.35661233 120.55396444 70.93118458 0.00000000 43.16159043
158.48040305 129.62657541 130.26035402 134.71492627 105.09823334 111.72504674 124.49758821 96.35209144 102.30862400 106.85963958 79.19088370 106.47217231 58.09413800 76.28968581 100.86210919 73.02322938 51.54764947 97.75070742 24.02241529 57.13138442 88.09345704 54.28132283 43.16159043 0.00000000
