0.00000000 252.81476900 171.66961888 89.36670626 267.81707390 187.68861273 96.96055226 278.93971778 202.08367333 124.07759073 170.44145488 262.33790582 263.95291906 186.67963881 341.50783822 324.64173391 237.14263721 197.82258971 296.96524326 417.29129772 281.54906361 323.82136318 445.39991947 363.54927587
252.81476900 0.00000000 81.25709860 168.61388917 67.33502229 137.97008450 225.95780578 117.30972007 187.26873930 281.80852272 246.60568292 174.53143728 224.86062472 292.27941086 175.60491173 196.49626674 283.48358421 358.72223067 301.34031058 250.36384840 397.15007458 408.59731545 313.14322498 329.90172802
171.66961888 81.25709860 0.00000000 87.49312175 97.18419194 61.82870924 144.83703836 110.86520692 111.12736405 200.68775530 167.57943996 129.07792917 173.49915345 213.25316789 173.43332735 188.83759224 207.34220895 279.69598770 249.45060709 249.21678686 318.12383161 332.45594019 309.09616468 315.49131801
89.36670626 168.61388917 87.49312175 0.00000000 183.61619407 101.00977696 61.50188254 194.73883795 118.85492272 117.35259948 127.11530936 175.65907006 180.72416845 172.78903729 257.30695838 237.96289815 192.28140394 203.61305184 252.10400999 333.09041789 277.65970101 314.55419643 358.72108371 318.68804260
267.81707390 67.33502229 97.18419194 183.61619407 0.00000000 91.41211701 183.46216908 54.55268645 137.38468793 235.56366322 199.46232366 114.46221968 162.97806546 245.13605159 115.35333617 133.73923312 233.59953284 311.57887140 239.45775132 190.11227284 350.00671531 354.07849178 252.89164942 267.14469440
187.68861273 137.97008450 61.82870924 101.00977696 91.41211701 0.00000000 92.06379977 102.53374250 54.25218647 144.75492025 108.65358069 77.92058959 116.62397587 154.32730862 164.62851037 140.22441767 150.46703137 220.77012843 192.57542952 240.41196988 259.19797234 275.58076261 260.98260324 258.61614044
96.96055226 225.95780578 144.83703836 61.50188254 183.46216908 92.06379977 0.00000000 191.24316063 105.19336228 61.98309781 78.02343295 166.71309286 167.06260801 120.24814823 253.42101364 229.01692095 144.72461528 148.24355017 204.54722133 329.20447315 223.57721181 260.47170722 349.77510651 271.13125394
278.93971778 117.30972007 110.86520692 194.73883795 54.55268645 102.53374250 191.24316063 0.00000000 88.21985464 186.39882992 150.29749036 65.29738639 111.90969118 195.97121829 67.11004136 82.67085884 184.43469954 262.41403811 188.38937704 142.89350086 300.84188201 303.01011750 202.92943127 216.07632012
202.08367333 187.26873930 111.12736405 118.85492272 137.38468793 54.25218647 105.19336228 88.21985464 0.00000000 98.17897528 62.07763572 63.68978687 66.16712983 107.75136365 150.39770765 125.99361495 99.71443535 174.19418347 142.11858348 226.18116715 212.62202737 224.82816659 246.75180051 208.15929440
124.07759073 281.80852272 200.68775530 117.35259948 235.56366322 144.75492025 61.98309781 186.39882992 98.17897528 0.00000000 61.35754580 161.86876215 155.42464851 65.60415945 246.18062084 221.77652814 128.05872813 91.99065042 187.88133418 321.96408034 168.93322303 205.82771844 338.34629618 249.25659098
170.44145488 246.60568292 167.57943996 127.11530936 199.46232366 108.65358069 78.02343295 150.29749036 62.07763572 61.35754580 0.00000000 125.76742259 94.07346354 45.67372793 184.82943587 160.42534317 66.70754316 112.11654775 126.53014921 260.61289537 150.54439165 187.43888706 279.48109287 193.11418182
262.33790582 174.53143728 129.07792917 175.65907006 114.46221968 77.92058959 166.71309286 65.29738639 63.68978687 161.86876215 125.76742259 0.00000000 51.85747410 143.46513787 88.36636845 63.96227576 125.67845348 209.90795768 128.33715996 164.14982796 248.33580159 243.17441395 184.72046132 194.37787088
263.95291906 224.86062472 173.49915345 180.72416845 162.97806546 116.62397587 167.06260801 111.90969118 66.16712983 155.42464851 94.07346354 51.85747410 0.00000000 102.53549871 101.59665112 77.19255843 84.74881431 168.97831852 76.48393109 177.38011063 196.32882781 191.32118508 196.01413760 142.52464201
186.67963881 292.27941086 213.25316789 172.78903729 245.13605159 154.32730862 120.24814823 195.97121829 107.75136365 65.60415945 45.67372793 143.46513787 102.53549871 0.00000000 193.29147103 168.88737833 74.96953835 76.47130717 127.26522172 269.07493054 104.87067625 141.76517166 272.74633173 183.65662654
341.50783822 175.60491173 173.43332735 257.30695838 115.35333617 164.62851037 253.42101364 67.11004136 150.39770765 246.18062084 184.82943587 88.36636845 101.59665112 193.29147103 0.00000000 72.35781878 175.50478663 259.73429084 172.92467811 75.78604376 284.24489068 279.03404864 137.55231171 191.56534566
324.64173391 196.49626674 188.83759224 237.96289815 133.73923312 140.22441767 229.01692095 82.67085884 125.99361495 221.77652814 160.42534317 63.96227576 77.19255843 168.88737833 72.35781878 0.00000000 121.74511166 215.30265799 109.56989870 105.55861789 225.61784754 220.40700549 120.81485473 133.47320811
237.14263721 283.48358421 207.34220895 192.28140394 233.59953284 150.46703137 144.72461528 184.43469954 99.71443535 128.05872813 66.70754316 125.67845348 84.74881431 74.96953835 175.50478663 121.74511166 0.00000000 107.33325325 59.82260605 209.04197983 130.00758481 125.63941545 212.77354971 126.40663866
197.82258971 358.72223067 279.69598770 203.61305184 311.57887140 220.77012843 148.24355017 262.41403811 174.19418347 91.99065042 112.11654775 209.90795768 168.97831852 76.47130717 259.73429084 215.30265799 107.33325325 0.00000000 153.37596593 292.98524392 84.20965564 126.41921539 296.71681380 207.62710860
296.96524326 301.34031058 249.45060709 252.10400999 239.45775132 192.57542952 204.54722133 188.38937704 142.11858348 187.88133418 126.53014921 128.33715996 76.48393109 127.26522172 172.92467811 109.56989870 59.82260605 153.37596593 0.00000000 150.49706930 120.05252457 115.04488184 154.22863917 67.86172813
417.29129772 250.36384840 249.21678686 333.09041789 190.11227284 240.41196988 329.20447315 142.89350086 226.18116715 321.96408034 260.61289537 164.14982796 177.38011063 269.07493054 75.78604376 105.55861789 209.04197983 292.98524392 150.49706930 0.00000000 253.13210406 242.75468203 65.32472750 154.66293135
281.54906361 397.15007458 318.12383161 277.65970101 350.00671531 259.19797234 223.57721181 300.84188201 212.62202737 168.93322303 150.54439165 248.33580159 196.32882781 104.87067625 284.24489068 225.61784754 130.00758481 84.20965564 120.05252457 253.13210406 0.00000000 86.30309955 256.86367394 167.67409579
323.82136318 408.59731545 332.45594019 314.55419643 354.07849178 275.58076261 260.47170722 303.01011750 224.82816659 205.82771844 187.43888706 243.17441395 191.32118508 141.76517166 279.03404864 220.40700549 125.63941545 126.41921539 115.04488184 242.75468203 86.30309955 0.00000000 182.50238408 93.39007408
445.39991947 313.14322498 309.09616468 358.72108371 252.89164942 260.98260324 349.77510651 202.92943127 246.75180051 338.34629618 279.48109287 184.72046132 196.01413760 272.74633173 137.55231171 120.81485473 212.77354971 296.71681380 154.22863917 65.32472750 256.86367394 182.50238408 0.00000000 94.41465574
363.54927587 329.90172802 315.49131801 318.68804260 267.14469440 258.61614044 271.13125394 216.07632012 208.15929440 249.25659098 193.11418182 194.37787088 142.52464201 183.65662654 191.56534566 133.47320811 126.40663866 207.62710860 67.86172813 154.66293135 167.67409579 93.39007408 94.41465574 0.00000000
