0.00000000 254.58073580 190.30865787 207.32590181 342.93607486 298.83556980 114.91168825 157.88225099 380.46298680 260.62236636 213.13708499 341.56349186 251.65180362 312.75230868 323.27922061 366.51681067 247.26702730 316.33809512 401.99494937 387.93607486 287.35028843 424.59292911 415.48023074 326.36753237 477.41630560 440.96046148 512.03657993 392.66399692 479.80108191 630.00209204 483.27922061 495.57568517 678.81327522 589.05591591 524.00714267
254.58073580 0.00000000 340.66399692 88.04163056 89.18376618 450.84776311 174.48023074 313.43354955 540.80108191 120.04163056 175.26702730 165.99494937 374.23253942 381.19090886 445.85995642 220.23759005 317.84776311 336.50966799 255.78174593 495.28636329 392.35743110 292.13708499 351.97770542 394.80613255 339.92388155 545.96760416 580.47518011 497.67113960 584.80822459 535.66399692 551.71782079 564.01428535 541.32085117 704.86709909 592.44574285
190.30865787 340.66399692 0.00000000 293.40916293 429.01933598 109.35533906 193.27922061 104.56854249 190.98275606 344.22034611 285.94826817 425.16147161 184.01219331 359.01933598 223.45584412 450.11479041 267.93607486 362.60512242 448.26197667 304.49747468 308.01933598 470.85995642 456.85995642 367.74725805 552.91378029 392.50966799 553.41630560 413.33304448 477.89444430 671.38181772 524.65894629 504.64675298 737.66608897 593.49242405 544.67619023
207.32590181 88.04163056 293.40916293 0.00000000 176.39696962 403.59292911 127.22539674 266.17871555 493.54624792 139.09545443 138.15432893 220.03657993 326.97770542 333.93607486 398.60512242 247.91883092 270.59292911 337.52186130 275.26197667 448.03152929 345.10259710 311.61731573 371.45793616 347.55129855 359.40411229 498.71277016 533.22034611 450.41630560 537.55339059 555.14422766 504.46298680 516.75945135 560.80108191 657.61226510 545.19090886
342.93607486 89.18376618 429.01933598 176.39696962 0.00000000 539.20310217 262.83556980 401.78888861 629.15642097 142.92388155 239.86500705 123.11269837 462.58787848 364.69343418 534.21529548 174.87005769 406.20310217 320.13708499 239.40916293 583.64170235 480.71277016 269.96551211 346.73506474 454.77669530 309.46803743 634.32294321 649.77669530 586.02647866 673.16356365 505.20815280 607.64675298 624.81327522 510.86500705 765.66608897 653.24473273
298.83556980 450.84776311 109.35533906 403.59292911 539.20310217 0.00000000 300.97770542 201.72287143 84.55634919 451.91883092 393.64675298 532.85995642 208.62236636 441.98989873 188.61017306 557.81327522 336.46298680 445.57568517 531.23253942 246.84062043 342.06096654 553.83051917 525.38686835 436.27416998 635.88434303 328.02438662 621.94321754 397.65894629 371.46803743 739.90872965 593.18585823 501.00714267 806.19300090 487.06601718 616.71782079
114.91168825 174.48023074 193.27922061 127.22539674 262.83556980 300.97770542 0.00000000 139.53910524 366.90663761 161.32590181 103.05382387 242.26702730 200.33809512 218.42640687 271.96551211 267.22034611 155.08326112 222.01219331 307.66904756 332.52186130 231.93607486 330.26702730 321.15432893 232.04163056 378.11984105 385.54624792 417.71067812 337.24978336 424.38686835 535.67619023 388.95331881 401.24978336 579.51681067 542.10259710 429.68124087
157.88225099 313.43354955 104.56854249 266.17871555 401.78888861 201.72287143 139.53910524 0.00000000 257.61017306 290.48023074 232.20815280 371.42135624 91.04163056 254.45079349 162.66904756 396.37467504 163.36753237 258.03657993 343.69343418 232.39696962 203.45079349 366.29141392 352.29141392 263.17871555 448.34523779 320.40916293 448.84776311 308.76450199 390.92388155 566.81327522 420.09040380 400.07821049 633.09754647 500.17871555 440.10764774
380.46298680 540.80108191 190.98275606 493.54624792 629.15642097 84.55634919 366.90663761 257.61017306 0.00000000 499.46298680 411.06601718 586.88939367 166.56854249 387.93607486 103.22539674 559.87720036 282.40916293 391.52186130 477.17871555 161.45584412 256.67619023 499.77669530 470.74725805 381.63455967 581.83051917 242.63961031 549.97265479 312.27416998 286.08326112 667.93816690 521.21529548 415.62236636 734.22243815 401.68124087 531.33304448
260.62236636 120.04163056 344.22034611 139.09545443 142.92388155 451.91883092 161.32590181 290.48023074 499.46298680 0.00000000 100.25483400 80.94112550 351.27922061 268.48023074 404.52186130 115.85281374 271.82337649 223.92388155 143.19595949 449.26197667 346.33304448 179.55129855 239.39191899 348.78174593 227.33809512 499.94321754 534.45079349 451.64675298 538.78383797 423.07821049 505.69343418 517.98989873 428.73506474 658.84271247 546.42135624
213.13708499 175.26702730 285.94826817 138.15432893 239.86500705 393.64675298 103.05382387 232.20815280 411.06601718 100.25483400 0.00000000 176.12489168 246.98275606 246.76955262 316.12489168 176.71067812 183.42640687 250.35533906 203.46803743 360.86500705 257.93607486 239.82337649 299.66399692 260.38477631 287.61017306 411.54624792 446.05382387 363.24978336 450.38686835 483.35028843 417.29646456 429.59292911 489.00714267 570.44574285 458.02438662
341.56349186 165.99494937 425.16147161 220.03657993 123.11269837 532.85995642 242.26702730 371.42135624 586.88939367 80.94112550 176.12489168 0.00000000 432.22034611 241.58073580 483.66399692 54.24264069 305.30865787 197.02438662 116.29646456 520.94826817 393.24978336 146.85281374 223.62236636 331.66399692 186.35533906 545.68838354 526.66399692 497.39191899 584.52900398 382.09545443 470.91883092 501.70057685 387.75230868 642.55339059 530.13203436
251.65180362 374.23253942 184.01219331 326.97770542 462.58787848 208.62236636 200.33809512 91.04163056 166.56854249 351.27922061 246.98275606 432.22034611 0.00000000 233.36753237 71.62741700 405.30865787 127.84062043 236.95331881 322.61017306 141.35533906 160.46803743 345.20815280 316.76450199 227.65180362 427.26197667 229.36753237 413.32085117 265.78174593 299.88225099 531.28636329 384.56349186 359.58073580 597.57063454 409.13708499 399.61017306
312.75230868 381.19090886 359.01933598 333.93607486 364.69343418 441.98989873 218.42640687 254.45079349 387.93607486 268.48023074 246.76955262 241.58073580 233.36753237 0.00000000 284.71067812 214.56854249 106.35533906 54.49747468 139.32590181 321.99494937 194.29646456 188.26702730 206.06601718 146.76955262 263.39191899 346.73506474 332.43860018 298.43860018 385.57568517 459.13203436 303.68124087 316.80613255 464.78888861 457.65894629 345.23759005
323.27922061 445.85995642 223.45584412 398.60512242 534.21529548 188.61017306 271.96551211 162.66904756 103.22539674 404.52186130 316.12489168 483.66399692 71.62741700 284.71067812 0.00000000 456.65180362 179.18376618 288.29646456 373.95331881 83.52691193 158.13708499 396.55129855 367.52186130 278.40916293 478.60512242 171.53910524 446.74725805 213.73506474 253.50966799 564.71277016 417.98989873 360.76450199 630.99704141 355.45079349 432.20815280
366.51681067 220.23759005 450.11479041 247.91883092 174.87005769 557.81327522 267.22034611 396.37467504 559.87720036 115.85281374 176.71067812 54.24264069 405.30865787 214.56854249 456.65180362 0.00000000 278.29646456 170.01219331 93.56854249 493.93607486 366.23759005 95.09545443 171.86500705 292.04877324 134.59797975 518.67619023 474.90663761 470.37972568 557.51681067 330.33809512 432.77669530 464.08535316 335.99494937 604.93816690 488.41630560
247.26702730 317.84776311 267.93607486 270.59292911 406.20310217 336.46298680 155.08326112 163.36753237 282.40916293 271.82337649 183.42640687 305.30865787 127.84062043 106.35533906 179.18376618 278.29646456 0.00000000 109.94112550 195.59797975 216.46803743 94.56854249 218.19595949 199.12489168 110.01219331 300.24978336 247.00714267 295.68124087 198.71067812 285.84776311 413.64675298 266.92388155 260.99494937 479.93102423 401.84776311 299.36753237
316.33809512 336.50966799 362.60512242 337.52186130 320.13708499 445.57568517 222.01219331 258.03657993 391.52186130 223.92388155 250.35533906 197.02438662 236.95331881 54.49747468 288.29646456 170.01219331 109.94112550 0.00000000 87.31370850 325.58073580 197.88225099 136.25483400 164.43860018 136.29646456 211.37972568 350.32085117 321.96551211 302.02438662 389.16147161 407.11984105 293.20815280 306.33304448 412.77669530 447.18585823 334.76450199
401.99494937 255.78174593 448.26197667 275.26197667 239.40916293 531.23253942 307.66904756 343.69343418 477.17871555 143.19595949 203.46803743 116.29646456 322.61017306 139.32590181 373.95331881 93.56854249 195.59797975 87.31370850 0.00000000 411.23759005 283.53910524 54.21320344 119.85281374 221.95331881 129.33809512 435.97770542 407.62236636 387.68124087 474.81832586 325.07821049 378.86500705 391.98989873 330.73506474 532.84271247 420.42135624
387.93607486 495.28636329 304.49747468 448.03152929 583.64170235 246.84062043 332.52186130 232.39696962 161.45584412 449.26197667 360.86500705 520.94826817 141.35533906 321.99494937 83.52691193 493.93607486 216.46803743 325.58073580 411.23759005 0.00000000 166.65180362 433.83556980 404.80613255 315.69343418 515.88939367 98.79898987 482.37467504 208.26702730 167.09545443 600.34018716 453.61731573 296.63455967 666.62445841 282.69343418 412.34523779
287.35028843 392.35743110 308.01933598 345.10259710 480.71277016 342.06096654 231.93607486 203.45079349 256.67619023 346.33304448 257.93607486 393.24978336 160.46803743 194.29646456 158.13708499 366.23759005 94.56854249 197.88225099 283.53910524 166.65180362 0.00000000 306.13708499 253.75230868 147.65180362 373.62236636 154.78174593 329.80613255 111.45584412 193.62236636 447.77164466 301.04877324 275.23759005 514.05591591 302.87720036 315.26702730
424.59292911 292.13708499 470.85995642 311.61731573 269.96551211 553.83051917 330.26702730 366.29141392 499.77669530 179.55129855 239.82337649 146.85281374 345.20815280 188.26702730 396.55129855 95.09545443 218.19595949 136.25483400 54.21320344 433.83556980 306.13708499 0.00000000 76.76955262 196.95331881 82.05382387 458.57568517 366.43860018 410.27922061 479.71782079 280.72287143 337.68124087 368.98989873 286.96551211 509.84271247 393.32085117
415.48023074 351.97770542 456.85995642 371.45793616 346.73506474 525.38686835 321.15432893 352.29141392 470.74725805 239.39191899 299.66399692 223.62236636 316.76450199 206.06601718 367.52186130 171.86500705 199.12489168 164.43860018 119.85281374 404.80613255 253.75230868 76.76955262 0.00000000 124.32590181 119.87005769 406.19090886 293.81118318 357.89444430 407.09040380 309.75230868 265.05382387 296.36248173 315.40916293 437.21529548 320.69343418
326.36753237 394.80613255 367.74725805 347.55129855 454.77669530 436.27416998 232.04163056 263.17871555 381.63455967 348.78174593 260.38477631 331.66399692 227.65180362 146.76955262 278.40916293 292.04877324 110.01219331 136.29646456 221.95331881 315.69343418 147.65180362 196.95331881 124.32590181 0.00000000 244.19595949 300.09040380 185.66904756 251.79393924 285.69343418 303.63455967 156.91168825 174.96551211 369.91883092 315.81832586 199.29646456
477.41630560 339.92388155 552.91378029 359.40411229 309.46803743 635.88434303 378.11984105 448.34523779 581.83051917 227.33809512 287.61017306 186.35533906 427.26197667 263.39191899 478.60512242 134.59797975 300.24978336 211.37972568 129.33809512 515.88939367 373.62236636 82.05382387 119.87005769 244.19595949 0.00000000 526.06096654 340.30865787 477.76450199 526.96046148 195.74011537 333.14927830 416.23253942 201.39696962 557.08535316 440.56349186
440.96046148 545.96760416 392.50966799 498.71277016 634.32294321 328.02438662 385.54624792 320.40916293 242.63961031 499.94321754 411.54624792 545.68838354 229.36753237 346.73506474 171.53910524 518.67619023 247.00714267 350.32085117 435.97770542 98.79898987 154.78174593 458.57568517 406.19090886 300.09040380 526.06096654 0.00000000 420.03657993 135.42640687 84.25483400 538.00209204 391.27922061 213.79393924 604.28636329 199.85281374 329.50461736
512.03657993 580.47518011 553.41630560 533.22034611 649.77669530 621.94321754 417.71067812 448.84776311 549.97265479 534.45079349 446.05382387 526.66399692 413.32085117 332.43860018 446.74725805 474.90663761 295.68124087 321.96551211 407.62236636 482.37467504 329.80613255 366.43860018 293.81118318 185.66904756 340.30865787 420.03657993 0.00000000 433.94826817 342.36753237 146.22539674 99.52691193 235.82337649 309.22034611 372.49242405 239.56854249
392.66399692 497.67113960 413.33304448 450.41630560 586.02647866 397.65894629 337.24978336 308.76450199 312.27416998 451.64675298 363.24978336 497.39191899 265.78174593 298.43860018 213.73506474 470.37972568 198.71067812 302.02438662 387.68124087 208.26702730 111.45584412 410.27922061 357.89444430 251.79393924 477.76450199 135.42640687 433.94826817 0.00000000 143.35533906 551.91378029 405.19090886 257.92388155 618.19805153 252.61017306 373.63455967
479.80108191 584.80822459 477.89444430 537.55339059 673.16356365 371.46803743 424.38686835 390.92388155 286.08326112 538.78383797 450.38686835 584.52900398 299.88225099 385.57568517 253.50966799 557.51681067 285.84776311 389.16147161 474.81832586 167.09545443 193.62236636 479.71782079 407.09040380 285.69343418 526.96046148 84.25483400 342.36753237 143.35533906 0.00000000 460.33304448 313.61017306 136.12489168 526.61731573 118.08326112 251.83556980
630.00209204 535.66399692 671.38181772 555.14422766 505.20815280 739.90872965 535.67619023 566.81327522 667.93816690 423.07821049 483.35028843 382.09545443 531.28636329 459.13203436 564.71277016 330.33809512 413.64675298 407.11984105 325.07821049 600.34018716 447.77164466 280.72287143 309.75230868 303.63455967 195.74011537 538.00209204 146.22539674 551.91378029 460.33304448 0.00000000 139.06601718 353.78888861 170.81118318 490.45793616 357.53405461
483.27922061 551.71782079 524.65894629 504.46298680 607.64675298 593.18585823 388.95331881 420.09040380 521.21529548 505.69343418 417.29646456 470.91883092 384.56349186 303.68124087 417.98989873 432.77669530 266.92388155 293.20815280 378.86500705 453.61731573 301.04877324 337.68124087 265.05382387 156.91168825 333.14927830 391.27922061 99.52691193 405.19090886 313.61017306 139.06601718 0.00000000 207.06601718 224.42135624 343.73506474 210.81118318
495.57568517 564.01428535 504.64675298 516.75945135 624.81327522 501.00714267 401.24978336 400.07821049 415.62236636 517.98989873 429.59292911 501.70057685 359.58073580 316.80613255 360.76450199 464.08535316 260.99494937 306.33304448 391.98989873 296.63455967 275.23759005 368.98989873 296.36248173 174.96551211 416.23253942 213.79393924 235.82337649 257.92388155 136.12489168 353.78888861 207.06601718 0.00000000 420.07315985 147.88225099 118.19595949
678.81327522 541.32085117 737.66608897 560.80108191 510.86500705 806.19300090 579.51681067 633.09754647 734.22243815 428.73506474 489.00714267 387.75230868 597.57063454 464.78888861 630.99704141 335.99494937 479.93102423 412.77669530 330.73506474 666.62445841 514.05591591 286.96551211 315.40916293 369.91883092 201.39696962 604.28636329 309.22034611 618.19805153 526.61731573 170.81118318 224.42135624 420.07315985 0.00000000 556.74220741 423.81832586
589.05591591 704.86709909 593.49242405 657.61226510 765.66608897 487.06601718 542.10259710 500.17871555 401.68124087 658.84271247 570.44574285 642.55339059 409.13708499 457.65894629 355.45079349 604.93816690 401.84776311 447.18585823 532.84271247 282.69343418 302.87720036 509.84271247 437.21529548 315.81832586 557.08535316 199.85281374 372.49242405 252.61017306 118.08326112 490.45793616 343.73506474 147.88225099 556.74220741 0.00000000 221.52691193
524.00714267 592.44574285 544.67619023 545.19090886 653.24473273 616.71782079 429.68124087 440.10764774 531.33304448 546.42135624 458.02438662 530.13203436 399.61017306 345.23759005 432.20815280 488.41630560 299.36753237 334.76450199 420.42135624 412.34523779 315.26702730 393.32085117 320.69343418 199.29646456 440.56349186 329.50461736 239.56854249 373.63455967 251.83556980 357.53405461 210.81118318 118.19595949 423.81832586 221.52691193 0.00000000
