0.00000000 123.33234062 93.36118897 107.62837931 155.83143523 131.83346377 36.31001956 70.07839816 143.89992477 114.66977833 72.81465902 141.72661483 69.88663356 104.87635004 84.81061219 148.30086633 86.91777910 103.41754969 137.96558801 150.40499749 95.76117698 144.92265502 140.43523243 97.66502688 181.24417927 160.60496010 189.78264113 133.92259915 180.29109387 227.49413897 201.50939418 174.38420845 231.94330308 216.08319348 153.27097410
123.33234062 0.00000000 190.55319675 35.93055308 32.44598297 221.17137336 83.29357055 113.69668363 162.69345991 37.42460315 72.05008513 48.01615554 132.26235960 160.45480970 147.18633823 68.08057535 140.61193179 140.29597336 107.50456710 245.83802294 185.59437239 110.78259076 150.64756475 153.24348653 107.07302302 250.16478474 245.36110078 223.48242379 269.85091851 193.00820722 257.08785384 229.96266810 157.77214683 246.02532909 208.84943375
93.36118897 190.55319675 0.00000000 174.84923544 223.05229136 45.11411783 85.72730495 42.36117846 57.39795029 156.65987031 125.07439241 183.71670681 63.53117084 139.47813400 103.95440594 190.13749679 100.69157643 138.01933365 172.56737197 140.50329253 109.53497430 179.52443898 176.37036587 133.67588909 221.98353933 175.06120491 212.75525403 147.69639648 145.08596217 250.46675187 224.48200709 231.23025300 277.75415492 182.48901467 209.29253334
107.62837931 35.93055308 174.84923544 0.00000000 69.23637029 205.46741205 67.58960924 97.99272232 146.98949860 66.08659449 90.21242094 93.14343098 116.55839829 144.75084839 131.48237692 103.70804150 124.90797048 143.29204803 135.87425723 230.13406163 169.89041108 139.15228089 179.01725488 137.53952522 135.44271315 234.46082343 229.65713947 207.77846248 254.14695720 221.37789735 241.38389253 214.25870679 186.14183696 230.32136778 193.14547244
155.83143523 32.44598297 223.05229136 69.23637029 0.00000000 253.67046797 115.79266516 146.19577824 195.19255452 62.75679890 107.42309333 36.53686681 164.76145421 149.81206881 179.68543284 45.04230155 173.11102640 130.71254211 97.92113585 278.33711755 218.09346700 78.28659753 113.91966670 161.92342609 80.65760401 282.66387935 207.01728924 255.98151840 302.35001312 166.59278821 270.41892063 238.04411517 131.35672783 254.10677616 216.93088082
131.83346377 221.17137336 45.11411783 205.46741205 253.67046797 0.00000000 126.22320798 75.21898335 12.98214901 197.15577335 165.57029545 224.21260985 64.52914636 163.50170941 30.78735675 230.63339983 116.59704405 162.04290906 196.59094738 59.11546252 142.56245694 204.04232940 192.27583349 149.58135671 246.50142975 93.83556567 228.66072165 153.52744735 100.63965717 266.37221949 240.38747471 176.78862591 293.65962254 138.04270968 202.10395683
36.31001956 83.29357055 85.72730495 67.58960924 115.79266516 126.22320798 0.00000000 30.63922511 79.63600138 72.93571121 41.35023331 99.99254771 49.20490107 78.60486696 64.12887970 106.41333769 58.76198905 77.14606660 111.69410493 129.09273642 74.44891590 118.65117193 114.16374934 71.39354379 139.35665063 139.29269903 163.51115804 112.61033808 158.97883280 201.22265588 175.23791110 148.11272536 190.05577444 164.17538635 126.99949101
70.07839816 113.69668363 42.36117846 97.99272232 146.19577824 75.21898335 30.63922511 0.00000000 53.44144827 101.58114200 69.99566410 128.63797850 23.01034796 97.12060293 37.93432660 135.05876848 58.33404535 95.66180257 130.20984090 72.00472831 67.17744323 137.16690790 134.01283479 91.31835801 179.62600825 106.56264069 170.39772296 105.33886541 158.77075050 208.10922080 182.12447601 188.87272192 235.39662385 194.56285011 166.93500227
143.89992477 162.69345991 57.39795029 146.98949860 195.19255452 12.98214901 79.63600138 53.44144827 0.00000000 195.94453369 165.49718901 225.34866005 30.42010702 137.04288176 17.89978752 226.73533142 90.42026721 135.58408141 170.13211973 46.23421146 129.67488771 177.58350174 165.44249672 122.74801994 220.04260209 80.95431462 226.66975324 140.63987812 87.75849416 264.38125107 238.39650629 163.90746289 291.66865412 125.16154666 189.22279381
114.66977833 37.42460315 156.65987031 66.08659449 62.75679890 197.15577335 72.93571121 101.58114200 195.94453369 0.00000000 47.18055403 27.93894387 120.14681796 126.52075419 180.43741201 42.44254671 125.44193679 107.42122749 74.62982123 231.09016112 170.84651057 77.90784489 117.77281888 138.07349154 74.19827715 235.41692292 230.19110578 208.73456197 255.10305669 160.13346134 241.91785884 214.79267310 124.89740096 230.85533409 193.67943876
72.81465902 72.05008513 125.07439241 90.21242094 107.42309333 165.57029545 41.35023331 69.99566410 165.49718901 47.18055403 0.00000000 74.91761927 135.51700155 114.82705224 149.99006733 66.61880675 94.98417433 113.36825188 99.99366377 200.64281643 140.39916589 103.27168744 143.13666142 107.61572907 99.56211969 204.96957824 199.73334332 178.28721729 224.65571201 185.49730389 211.46009638 184.33491064 150.26124350 200.39757163 163.22167629
141.72661483 48.01615554 183.71670681 93.14343098 36.53686681 224.21260985 99.99254771 128.63797850 225.34866005 27.93894387 74.91761927 0.00000000 147.20365446 114.01039368 207.48902719 20.21949966 141.58477139 94.91086697 62.11946071 230.00234155 167.61990414 54.14001134 89.77308051 126.12175095 56.51101783 232.16416306 182.87070305 205.48180211 251.85029683 142.44620202 264.09385386 202.24244004 107.21014164 218.30510103 181.12920569
69.88663356 132.26235960 63.53117084 116.55839829 164.76145421 64.52914636 49.20490107 23.01034796 30.42010702 120.14681796 135.51700155 147.20365446 0.00000000 98.95525432 14.91298534 188.64770398 52.05058895 97.49645397 132.04449229 48.98338706 55.08713125 139.49587430 127.72937839 85.03490161 181.95497465 83.54129944 164.11426656 93.24855343 135.74940925 201.82576440 175.84101961 176.11981352 229.11316745 171.54150886 154.18209387
104.87635004 160.45480970 139.47813400 144.75084839 149.81206881 163.50170941 78.60486696 97.12060293 137.04288176 126.52075419 114.82705224 114.01039368 98.95525432 0.00000000 119.18324890 115.39706505 53.27899310 22.16269229 54.14122471 141.69656325 79.31412585 66.45981540 119.68993729 58.73077672 93.46138122 143.85838477 150.84725241 117.17602382 163.54451854 179.87792124 162.57400547 136.12716998 144.79921855 152.18983097 115.01393564
84.81061219 147.18633823 103.95440594 131.48237692 179.68543284 30.78735675 64.12887970 37.93432660 17.89978752 180.43741201 149.99006733 207.48902719 14.91298534 119.18324890 0.00000000 208.87569856 72.56063435 117.72444854 152.27248687 37.74441625 109.26284442 159.72386888 147.58286386 104.88838708 202.18296923 72.30232863 208.81012037 120.22783483 79.44042292 246.52161821 220.53687343 200.54904362 273.80902126 161.47144650 177.32987169
148.30086633 68.08057535 190.13749679 103.70804150 45.04230155 230.63339983 106.41333769 135.05876848 226.73533142 42.44254671 66.61880675 20.21949966 188.64770398 115.39706505 208.87569856 0.00000000 142.97144277 96.29753835 40.59523791 231.38901292 169.00657551 32.91892322 68.55199238 117.02293250 35.28992970 233.55083443 161.64961492 206.86847348 253.23696820 121.22511390 225.05124631 188.14317986 85.98905351 204.20584085 172.27224801
86.91777910 140.61193179 100.69157643 124.90797048 173.11102640 116.59704405 58.76198905 58.33404535 90.42026721 125.44193679 94.98417433 141.58477139 52.05058895 53.27899310 72.56063435 142.97144277 0.00000000 51.82019275 86.36823107 95.07394870 34.02297563 93.99802628 86.14695940 43.45248263 136.45712663 98.56723456 122.59538745 71.88487360 118.25336832 160.30688529 134.32214051 114.04841802 187.59428834 130.11107901 91.73357060
103.41754969 140.29597336 138.01933365 143.29204803 130.71254211 162.04290906 77.14606660 95.66180257 135.58408141 107.42122749 113.36825188 94.91086697 97.49645397 22.16269229 117.72444854 96.29753835 51.82019275 0.00000000 39.69432665 140.23776290 77.85532550 52.01291735 102.21345732 37.01976549 79.01448316 142.39958442 129.13624118 115.71722346 162.08571819 165.43102319 140.86299423 113.14045457 130.35232049 129.20311556 92.02722023
137.96558801 107.50456710 172.56737197 135.87425723 97.92113585 196.59094738 111.69410493 130.20984090 170.13211973 74.62982123 99.99366377 62.11946071 132.04449229 54.14122471 152.27248687 40.59523791 86.36823107 39.69432665 0.00000000 174.78580122 112.40336382 15.60727154 52.14851952 70.90521063 38.95974001 176.94762274 163.02168632 150.26526179 196.63375651 124.89492420 174.74843938 147.02589972 89.65886382 163.08856071 125.91266537
150.40499749 245.83802294 140.50329253 230.13406163 278.33711755 59.11546252 129.09273642 72.00472831 46.23421146 231.09016112 200.64281643 230.00234155 48.98338706 141.69656325 37.74441625 231.38901292 95.07394870 140.23776290 174.78580122 0.00000000 137.90405614 182.23718324 170.09617822 127.40170144 224.69628359 39.27609552 228.93336441 114.01907455 63.26610622 266.64486225 240.66011747 139.41507496 293.93226530 100.66915873 164.73040588
95.76117698 185.59437239 109.53497430 169.89041108 218.09346700 142.56245694 74.44891590 67.17744323 129.67488771 170.84651057 140.39916589 167.61990414 55.08713125 79.31412585 109.26284442 169.00657551 34.02297563 77.85532550 112.40336382 137.90405614 0.00000000 119.84514442 144.36366609 96.86303205 187.98753102 79.43543447 163.00940621 47.95001203 99.12156824 200.72090405 174.73615927 153.46687719 228.00830710 134.91366784 131.52915753
144.92265502 110.78259076 179.52443898 139.15228089 78.28659753 204.04232940 118.65117193 137.16690790 177.58350174 77.90784489 103.27168744 54.14001134 139.49587430 66.45981540 159.72386888 32.91892322 93.99802628 52.01291735 15.60727154 182.23718324 119.84514442 0.00000000 36.42329674 84.89423685 42.10916038 184.38940334 181.19579762 157.70704239 224.64062934 126.69484677 192.92255067 156.01448422 90.75171513 172.07714520 140.14355237
140.43523243 150.64756475 176.37036587 179.01725488 113.91966670 192.27583349 114.16374934 134.01283479 165.44249672 117.77281888 143.13666142 89.77308051 127.72937839 119.68993729 147.58286386 68.55199238 86.14695940 102.21345732 52.14851952 170.09617822 144.36366609 36.42329674 0.00000000 47.81878458 43.71569417 208.87852041 144.12034534 182.19615945 187.56517706 139.30405595 155.84709839 118.93903194 108.06750963 135.00169293 103.06810009
97.66502688 153.24348653 133.67588909 137.53952522 161.92342609 149.58135671 71.39354379 91.31835801 122.74801994 138.07349154 107.61572907 126.12175095 85.03490161 58.73077672 104.88838708 117.02293250 43.45248263 37.01976549 70.90521063 127.40170144 96.86303205 84.89423685 47.81878458 0.00000000 91.44264950 161.37788636 91.98605906 134.69552541 139.50047650 129.69755690 103.71281212 70.87433138 156.98495995 86.93699237 55.00339954
181.24417927 107.07302302 221.98353933 135.44271315 80.65760401 246.50142975 139.35665063 179.62600825 220.04260209 74.19827715 99.56211969 56.51101783 181.95497465 93.46138122 202.18296923 35.28992970 136.45712663 79.01448316 38.95974001 224.69628359 187.98753102 42.10916038 43.71569417 91.44264950 0.00000000 252.50238533 132.43909095 225.82002438 231.18904198 92.01458993 142.92614513 162.56289686 58.42652350 178.62555785 146.69196502
160.60496010 250.16478474 175.06120491 234.46082343 282.66387935 93.83556567 139.29269903 106.56264069 80.95431462 235.41692292 204.96957824 232.16416306 83.54129944 143.85838477 72.30232863 233.55083443 98.56723456 142.39958442 176.94762274 39.27609552 79.43543447 184.38940334 208.87852041 161.37788636 252.50238533 0.00000000 239.67573215 70.27284930 48.82376335 276.96255732 251.62446018 124.97273209 303.76244894 86.22681585 150.28806301
189.78264113 245.36110078 212.75525403 229.65713947 207.01728924 228.66072165 163.51115804 170.39772296 226.66975324 230.19110578 199.73334332 182.87070305 164.11426656 150.84725241 208.81012037 161.64961492 122.59538745 129.13624118 163.02168632 228.93336441 163.00940621 181.19579762 144.12034534 91.98605906 132.43909095 239.67573215 0.00000000 200.84189957 189.37372535 49.14476225 86.88331629 104.02704772 98.30026747 136.81024122 101.65417904
133.92259915 223.48242379 147.69639648 207.77846248 255.98151840 153.52744735 112.61033808 105.33886541 140.63987812 208.73456197 178.28721729 205.48180211 93.24855343 117.17602382 120.22783483 206.86847348 71.88487360 115.71722346 150.26526179 114.01907455 47.95001203 157.70704239 182.19615945 134.69552541 225.82002438 70.27284930 200.84189957 0.00000000 64.29994985 238.55339741 212.56865263 139.16964657 265.84080046 100.09204946 164.48497749
180.29109387 269.85091851 145.08596217 254.14695720 302.35001312 100.63965717 158.97883280 158.77075050 87.75849416 255.10305669 224.65571201 251.85029683 135.74940925 163.54451854 79.44042292 253.23696820 118.25336832 162.08571819 196.63375651 63.26610622 99.12156824 224.64062934 187.56517706 139.50047650 231.18904198 48.82376335 189.37372535 64.29994985 0.00000000 226.66055052 201.32245339 74.67072529 253.46044214 37.53417102 99.98605621
227.49413897 193.00820722 250.46675187 221.37789735 166.59278821 266.37221949 201.22265588 208.10922080 264.38125107 160.13346134 185.49730389 142.44620202 201.82576440 179.87792124 246.52161821 121.22511390 160.30688529 165.43102319 124.89492420 266.64486225 200.72090405 126.69484677 139.30405595 129.69755690 92.01458993 276.96255732 49.14476225 238.55339741 226.66055052 0.00000000 59.63181644 141.31387288 47.84765593 174.09706639 138.94100421
201.50939418 257.08785384 224.48200709 241.38389253 270.41892063 240.38747471 175.23791110 182.12447601 238.39650629 241.91785884 211.46009638 264.09385386 175.84101961 162.57400547 220.53687343 225.05124631 134.32214051 140.86299423 174.74843938 240.66011747 174.73615927 192.92255067 155.84709839 103.71281212 142.92614513 251.62446018 86.88331629 212.56865263 201.32245339 59.63181644 0.00000000 115.97577575 102.72955812 148.75896925 113.60290707
174.38420845 229.96266810 231.23025300 214.25870679 238.04411517 176.78862591 148.11272536 188.87272192 163.90746289 214.79267310 184.33491064 202.24244004 176.11981352 136.12716998 200.54904362 188.14317986 114.04841802 113.14045457 147.02589972 139.41507496 153.46687719 156.01448422 118.93903194 70.87433138 162.56289686 124.97273209 104.02704772 139.16964657 74.67072529 141.31387288 115.97577575 0.00000000 168.11376450 42.13666783 36.75048087
231.94330308 157.77214683 277.75415492 186.14183696 131.35672783 293.65962254 190.05577444 235.39662385 291.66865412 124.89740096 150.26124350 107.21014164 229.11316745 144.79921855 273.80902126 85.98905351 187.59428834 130.35232049 89.65886382 293.93226530 228.00830710 90.75171513 108.06750963 156.98495995 58.42652350 303.76244894 98.30026747 265.84080046 253.46044214 47.84765593 102.72955812 168.11376450 0.00000000 200.89695801 165.74089583
216.08319348 246.02532909 182.48901467 230.32136778 254.10677616 138.04270968 164.17538635 194.56285011 125.16154666 230.85533409 200.39757163 218.30510103 171.54150886 152.18983097 161.47144650 204.20584085 130.11107901 129.20311556 163.08856071 100.66915873 134.91366784 172.07714520 135.00169293 86.93699237 178.62555785 86.22681585 136.81024122 100.09204946 37.53417102 174.09706639 148.75896925 42.13666783 200.89695801 0.00000000 57.79854066
153.27097410 208.84943375 209.29253334 193.14547244 216.93088082 202.10395683 126.99949101 166.93500227 189.22279381 193.67943876 163.22167629 181.12920569 154.18209387 115.01393564 177.32987169 172.27224801 91.73357060 92.02722023 125.91266537 164.73040588 131.52915753 140.14355237 103.06810009 55.00339954 146.69196502 150.28806301 101.65417904 164.48497749 99.98605621 138.94100421 113.60290707 36.75048087 165.74089583 57.79854066 0.00000000
