0.00000000 182.71414026 139.50030024 153.20370399 242.36312100 212.46064003 83.03231895 112.93393189 265.42690876 183.67629046 149.45420229 238.12223745 173.68083725 219.25411419 220.00979329 254.72682264 171.91458198 221.05681747 280.85886674 270.84306030 198.22232802 292.74901967 287.81724569 225.08761907 328.72817191 305.66453897 359.27754571 269.16217060 331.70798367 437.12760442 343.52284801 342.91087140 461.96183659 407.93315471 356.13909058
182.71414026 0.00000000 247.41453606 60.01108895 60.13541469 320.40785088 122.32041147 217.48032111 371.14547969 79.56756190 121.68281144 109.34873514 260.60424920 266.24031094 306.93320524 145.78867908 222.21311926 236.09097666 182.54572859 355.97892088 281.02040244 199.31851417 252.35098941 272.07381583 227.24985707 388.40793924 406.26374247 351.90557086 414.45138394 364.68462684 390.50904477 389.89706816 360.48352176 476.50695569 403.12528734
139.50030024 247.41453606 0.00000000 217.90409979 307.06351680 76.05619405 138.70056506 74.19152907 129.00121046 244.82280527 203.30527847 299.26875226 127.57797909 257.95528341 159.88502218 315.87029811 189.98523062 259.75798669 319.56003596 219.44976052 216.29297665 331.45018889 320.82385110 257.50235805 391.23519097 281.37712969 389.07088022 287.23281923 323.02999779 466.92093893 373.31618252 364.13770243 511.26611175 402.58076804 381.30295658
153.20370399 60.01108895 217.90409979 0.00000000 119.82141422 290.89741461 92.80997520 187.96988484 341.63504343 98.79727573 104.40766685 153.24322272 231.09381293 236.72987468 277.42276897 171.24033146 192.70268299 238.53257796 200.64729584 326.46848461 251.50996617 217.42008143 270.45255667 242.56337957 245.35142433 358.89750297 376.75330620 322.39513460 384.94094767 382.78619409 360.99860850 360.38663189 378.58508901 446.99651942 373.61485107
242.36312100 60.13541469 307.06351680 119.82141422 0.00000000 380.05683163 181.96939221 277.12930185 430.79446044 99.74069980 168.99365307 81.17499238 320.25322994 252.33793370 366.58218598 113.93049492 281.86210000 221.26359311 167.71834504 415.62790162 340.66938318 177.80625840 232.68758011 313.72671213 201.98315340 448.05691998 437.59617943 411.55455161 474.10036468 339.41792316 427.12841086 432.39364738 335.21681808 519.00353491 445.62186656
212.46064003 320.40785088 76.05619405 290.89741461 380.05683163 0.00000000 211.56857422 140.83069482 54.39138771 317.69081443 276.17328763 372.13676142 141.76887511 309.96921582 123.55127437 388.73830727 234.47433483 311.77191910 371.57396838 162.23027808 242.00375883 383.12086802 365.31295532 301.99146226 442.90587010 219.95738199 433.55998443 275.49677092 248.41407430 511.41004315 417.80528674 344.89918773 555.75521597 327.96484456 418.04492621
83.03231895 122.32041147 138.70056506 92.80997520 181.96939221 211.56857422 0.00000000 95.96178549 249.62694408 114.09763388 72.58010708 168.54358088 139.08571358 151.11744898 185.41466962 185.14512672 107.09025730 152.92015227 212.72220154 234.59481992 161.97408764 224.61235447 219.68058049 156.95095387 259.14647599 269.41629859 291.14088050 232.91393022 295.45974329 368.99093922 275.38618281 274.77420620 392.38014067 361.38409373 288.00242538
112.93393189 217.48032111 74.19152907 187.96988484 277.12930185 140.83069482 95.96178549 0.00000000 172.75629776 202.08789981 160.57037301 256.53384680 62.21506727 183.76448381 108.54402331 273.13539264 115.79443102 185.56718710 245.36923637 161.29115825 142.10217706 257.25938929 246.63305151 183.31155845 317.04439137 223.21852742 314.88008062 213.04201964 274.01561756 392.73013934 299.12538293 289.94690283 437.07531216 350.24078860 307.11215698
265.42690876 371.14547969 129.00121046 341.63504343 430.79446044 54.39138771 249.62694408 172.75629776 0.00000000 354.70812654 296.68293130 407.81731919 111.33290058 267.70385563 69.27126747 390.57236957 192.65289419 269.50655891 329.30860818 107.95153481 187.72375193 340.85550783 322.86709780 259.54560475 400.64050991 165.67863872 387.65136441 221.21676402 194.13534864 465.50142312 371.89666671 290.62046207 509.84659594 273.68611890 363.76620055
183.67629046 79.56756190 244.82280527 98.79727573 99.74069980 317.69081443 114.09763388 202.08789981 354.70812654 0.00000000 71.65787286 55.13139384 245.21182790 192.03214090 290.49585208 78.00137610 192.52728513 160.95780031 107.41255224 326.35626516 251.39774672 124.18533783 177.21781306 242.38798171 152.11668073 358.78528352 376.57790834 322.28291514 384.82872822 289.55145049 360.82321064 360.21123403 285.35034541 446.82112156 373.43945321
149.45420229 121.68281144 203.30527847 104.40766685 168.99365307 276.17328763 72.58010708 160.57037301 296.68293130 71.65787286 0.00000000 124.21326279 187.14782989 178.52719803 232.47065684 122.90615066 134.50000634 180.32990131 152.20337144 268.33106992 193.37255148 168.97615702 222.00863226 184.36070291 196.90749992 300.76008828 318.55062955 264.25771991 326.80353298 334.34226969 302.79593185 302.18395524 330.14116461 388.79384277 315.41217442
238.12223745 109.34873514 299.26875226 153.24322272 81.17499238 372.13676142 168.54358088 256.53384680 407.81731919 55.13139384 124.21326279 0.00000000 299.65777490 171.30997965 338.55408265 36.58948434 218.04073206 140.23563906 86.69039099 368.27418548 277.20330215 98.96852198 153.84984370 232.69875808 123.14541698 384.37116348 358.75844301 347.86879511 410.41460818 260.58018675 349.10609954 351.36569333 256.37908167 437.97558086 364.59391251
173.68083725 260.60424920 127.57797909 231.09381293 320.25322994 141.76887511 139.08571358 62.21506727 111.33290058 245.21182790 187.14782989 299.65777490 0.00000000 169.10450938 47.12062613 291.97302332 93.60962839 170.90721266 230.70926193 99.86776108 115.30431023 242.25616158 224.44824888 161.12675582 302.04116366 161.79513025 292.69527799 186.24415281 212.59222039 370.54533671 276.94058030 264.36743416 414.89050953 288.81739142 281.53268831
219.25411419 266.24031094 257.95528341 236.72987468 252.33793370 309.96921582 151.11744898 183.76448381 267.70385563 192.03214090 178.52719803 171.30997965 169.10450938 0.00000000 198.44061908 154.06503003 77.92726850 37.13102327 94.97672933 228.16072192 137.08983859 128.46083395 151.49286686 104.79852983 178.73261125 244.25769992 238.98822876 207.75533155 270.30114462 316.23599923 223.23353106 222.76643130 312.06636568 309.37631883 235.99465048
220.00979329 306.93320524 159.88502218 277.42276897 366.58218598 123.55127437 185.41466962 108.54402331 69.27126747 290.49585208 232.47065684 338.55408265 47.12062613 198.44061908 0.00000000 321.30913302 123.38965765 200.24332237 260.04537164 61.29501310 119.92187378 271.59227129 253.60386126 190.28236821 331.37727337 123.22238227 318.38812787 153.41488587 174.77740006 396.23818658 302.63343017 264.39987537 440.58335940 251.16941737 300.26092135
254.72682264 145.78867908 315.87029811 171.24033146 113.93049492 388.73830727 185.14512672 273.13539264 390.57236957 78.00137610 122.90615066 36.58948434 291.97302332 154.06503003 321.30913302 0.00000000 200.79578244 122.99068944 67.41177800 351.02923586 259.95835253 63.91696461 118.79828632 202.56629245 88.09385961 367.12621386 323.70688564 330.62384549 393.16965856 225.52862937 313.23911707 325.77008511 221.32752429 412.37997264 334.60631429
171.91458198 222.21311926 189.98523062 192.70268299 281.86210000 234.47433483 107.09025730 115.79443102 192.65289419 192.52728513 134.50000634 218.04073206 93.60962839 77.92726850 123.38965765 200.79578244 0.00000000 79.72997179 139.53202106 153.10976048 64.29982455 151.05966105 138.48392385 75.16243079 210.84466313 171.46768588 206.74366094 134.96531751 197.51113058 284.59371966 190.98896324 184.01318557 328.93889247 270.62307310 200.89150400
221.05681747 236.09097666 259.75798669 238.53257796 221.26359311 311.77191910 152.92015227 185.56718710 269.50655891 160.95780031 180.32990131 140.23563906 170.90721266 37.13102327 200.24332237 122.99068944 79.72997179 0.00000000 61.72692806 229.96342521 138.89254188 95.21103267 123.33794568 94.51732609 145.48280997 246.06040321 228.70702501 209.55803483 272.10384791 282.98619795 212.95232731 213.18426133 278.81656441 299.79414887 226.41248051
280.85886674 182.54572859 319.56003596 200.64729584 167.71834504 371.57396838 212.72220154 245.36923637 329.30860818 107.41255224 152.20337144 86.69039099 230.70926193 94.97672933 260.04537164 67.41177800 139.53202106 61.72692806 0.00000000 289.76547448 198.69459115 37.18499257 87.87349068 154.19004708 86.54302585 305.86245248 288.37974600 269.36008410 331.90589718 223.97779561 272.62504830 272.85698233 219.77669053 359.46686986 286.08520151
270.84306030 355.97892088 219.44976052 326.46848461 415.62790162 162.23027808 234.59481992 161.29115825 107.95153481 326.35626516 268.33106992 368.27418548 99.86776108 228.16072192 61.29501310 351.02923586 153.10976048 229.96342521 289.76547448 0.00000000 134.72930029 301.31237413 283.32396410 220.00247104 361.09737620 69.92826813 348.00348913 150.95125299 119.93695459 425.85354785 332.24879143 216.42206802 470.19872066 199.48772485 289.56780650
198.22232802 281.02040244 216.29297665 251.50996617 340.66938318 242.00375883 161.97408764 142.10217706 187.72375193 251.39774672 193.37255148 277.20330215 115.30431023 137.08983859 119.92187378 259.95835253 64.29982455 138.89254188 198.69459115 134.72930029 0.00000000 210.23957051 185.04250103 111.00572720 266.21872940 110.95490148 238.24635969 76.47425846 136.99834618 316.09641841 222.49166199 202.95389903 360.44159122 213.22351722 220.11915318
292.74901967 199.31851417 331.45018889 217.42008143 177.80625840 383.12086802 224.61235447 257.25938929 340.85550783 124.18533783 168.97615702 98.96852198 242.25616158 128.46083395 271.59227129 63.91696461 151.05966105 95.21103267 37.18499257 301.31237413 210.23957051 0.00000000 55.03936723 138.80737335 59.97489543 317.40743184 265.23489567 280.90506347 342.87137964 198.09449206 249.48019797 262.01116602 194.00316440 348.62105355 270.84739520
287.81724569 252.35098941 320.82385110 270.45255667 232.68758011 365.31295532 219.68058049 246.63305151 322.86709780 177.21781306 222.00863226 153.84984370 224.44824888 151.49286686 253.60386126 118.79828632 138.48392385 123.33794568 87.87349068 283.32396410 185.04250103 55.03936723 0.00000000 86.12285639 81.19459422 292.20448144 212.55037871 255.70211307 290.18686268 217.13143831 196.79568101 209.32664905 213.73023604 295.93653659 218.16287823
225.08761907 272.07381583 257.50235805 242.56337957 313.72671213 301.99146226 156.95095387 183.31155845 259.54560475 242.38798171 184.36070291 232.69875808 161.12675582 104.79852983 190.28236821 202.56629245 75.16243079 94.51732609 154.19004708 220.00247104 111.00572720 138.80737335 86.12285639 0.00000000 167.29908476 218.16770760 134.57132359 181.66533923 205.06882431 212.42138231 118.81662590 124.20861069 256.76655513 210.81849822 133.04483987
328.72817191 227.24985707 391.23519097 245.35142433 201.98315340 442.90587010 259.14647599 317.04439137 400.64050991 152.11668073 196.90749992 123.14541698 302.04116366 178.73261125 331.37727337 88.09385961 210.84466313 145.48280997 86.54302585 361.09737620 266.21872940 59.97489543 81.19459422 167.29908476 0.00000000 373.38070981 236.80125422 336.87834143 371.36309105 138.62299796 236.05399923 290.50287742 134.75149167 377.11276495 299.33910660
305.66453897 388.40793924 281.37712969 358.89750297 448.05691998 219.95738199 269.41629859 223.21852742 165.67863872 358.78528352 300.76008828 384.37116348 161.79513025 244.25769992 123.22238227 367.12621386 171.46768588 246.06040321 305.86245248 69.92826813 110.95490148 317.40743184 292.20448144 218.16770760 373.38070981 0.00000000 315.70808856 95.31394952 65.74399735 392.79281614 299.31738926 162.22911078 437.04048667 145.29476761 235.37484926
359.27754571 406.26374247 389.07088022 376.75330620 437.59617943 433.55998443 291.14088050 314.88008062 387.65136441 376.57790834 318.55062955 358.75844301 292.69527799 238.98822876 318.38812787 323.70688564 206.74366094 228.70702501 288.37974600 348.00348913 238.24635969 265.23489567 212.55037871 134.57132359 236.80125422 315.70808856 0.00000000 308.90597172 254.24412515 100.91642106 81.62593892 173.36154617 208.68202715 259.99379906 173.72750559
269.16217060 351.90557086 287.23281923 322.39513460 411.55455161 275.49677092 232.91393022 213.04201964 221.21676402 322.28291514 264.25771991 347.86879511 186.24415281 207.75533155 153.41488587 330.62384549 134.96531751 209.55803483 269.36008410 150.95125299 76.47425846 280.90506347 255.70211307 181.66533923 336.87834143 95.31394952 308.90597172 0.00000000 99.00253658 386.75603044 293.15127403 188.45816561 431.10120326 175.22770762 261.60390409
331.70798367 414.45138394 323.02999779 384.94094767 474.10036468 248.41407430 295.45974329 274.01561756 194.13534864 384.82872822 326.80353298 410.41460818 212.59222039 270.30114462 174.77740006 393.16965856 197.51113058 272.10384791 331.90589718 119.93695459 136.99834618 342.87137964 290.18686268 205.06882431 371.36309105 65.74399735 254.24412515 99.00253658 0.00000000 331.32885273 237.85342585 100.76514738 375.57652326 81.70055021 173.91088585
437.12760442 364.68462684 466.92093893 382.78619409 339.41792316 511.41004315 368.99093922 392.73013934 465.50142312 289.55145049 334.34226969 260.58018675 370.54533671 316.23599923 396.23818658 225.52862937 284.59371966 282.98619795 223.97779561 425.85354785 316.09641841 198.09449206 217.13143831 212.42138231 138.62299796 392.79281614 100.91642106 386.75603044 331.32885273 0.00000000 100.16916607 250.44627375 118.29852449 337.07852664 250.81223318
343.52284801 390.50904477 373.31618252 360.99860850 427.12841086 417.80528674 275.38618281 299.12538293 371.89666671 360.82321064 302.79593185 349.10609954 276.94058030 223.23353106 302.63343017 313.23911707 190.98896324 212.95232731 272.62504830 332.24879143 222.49166199 249.48019797 196.79568101 118.81662590 236.05399923 299.31738926 81.62593892 293.15127403 237.85342585 100.16916607 0.00000000 156.97084687 157.51516492 243.60309976 157.33680629
342.91087140 389.89706816 364.13770243 360.38663189 432.39364738 344.89918773 274.77420620 289.94690283 290.62046207 360.21123403 302.18395524 351.36569333 264.36743416 222.76643130 264.39987537 325.77008511 184.01318557 213.18426133 272.85698233 216.42206802 202.95389903 262.01116602 209.32664905 124.20861069 290.50287742 162.22911078 173.36154617 188.45816561 100.76514738 250.44627375 156.97084687 0.00000000 294.69394429 100.55912360 79.94112322
461.96183659 360.48352176 511.26611175 378.58508901 335.21681808 555.75521597 392.38014067 437.07531216 509.84659594 285.35034541 330.14116461 256.37908167 414.89050953 312.06636568 440.58335940 221.32752429 328.93889247 278.81656441 219.77669053 470.19872066 360.44159122 194.00316440 213.73023604 256.76655513 134.75149167 437.04048667 208.68202715 431.10120326 375.57652326 118.29852449 157.51516492 294.69394429 0.00000000 381.32619717 295.05990371
407.93315471 476.50695569 402.58076804 446.99651942 519.00353491 327.96484456 361.38409373 350.24078860 273.68611890 446.82112156 388.79384277 437.97558086 288.81739142 309.37631883 251.16941737 412.37997264 270.62307310 299.79414887 359.46686986 199.48772485 213.22351722 348.62105355 295.93653659 210.81849822 377.11276495 145.29476761 259.99379906 175.22770762 81.70055021 337.07852664 243.60309976 100.55912360 381.32619717 0.00000000 144.47585529
356.13909058 403.12528734 381.30295658 373.61485107 445.62186656 418.04492621 288.00242538 307.11215698 363.76620055 373.43945321 315.41217442 364.59391251 281.53268831 235.99465048 300.26092135 334.60631429 200.89150400 226.41248051 286.08520151 289.56780650 220.11915318 270.84739520 218.16287823 133.04483987 299.33910660 235.37484926 173.72750559 261.60390409 173.91088585 250.81223318 157.33680629 79.94112322 295.05990371 144.47585529 0.00000000
