0.00000000 128.72792206 93.31370850 16.82842712 61.65685425 140.72792206 5.41421356 120.72792206 24.24264069 154.14213562 17.82842712 91.48528137 39.65685425 91.89949494 27.82842712 86.89949494 64.48528137 119.31370850 42.24264069 127.89949494 47.24264069 125.21320344 108.31370850 131.31370850 126.38477631 53.14213562 106.55634919 143.62741700 114.55634919 58.31370850 67.28427125 149.14213562 66.31370850 133.28427125 82.59797975 166.21320344 153.11269837 79.72792206 134.97056275 81.38477631 134.55634919 173.62741700 90.45584412 98.94112550 177.62741700 96.45584412 149.38477631 156.18376618 115.21320344 172.76955262 122.76955262 193.76955262 118.11269837 107.45584412 182.94112550 166.52691193 123.18376618 114.21320344 169.45584412 192.42640687
128.72792206 0.00000000 34.82842712 110.72792206 73.65685425 14.82842712 126.48528137 20.82842712 103.31370850 28.24264069 123.48528137 37.82842712 67.65685425 44.82842712 104.07106781 55.24264069 63.07106781 23.55634919 91.07106781 52.24264069 103.48528137 93.55634919 76.65685425 59.07106781 81.79898987 108.55634919 74.89949494 70.55634919 82.89949494 114.55634919 86.21320344 76.89949494 121.72792206 84.79898987 88.65685425 93.14213562 103.89949494 135.14213562 103.31370850 136.79898987 102.89949494 100.55634919 145.87005769 114.45584412 104.55634919 128.94112550 117.72792206 113.69848481 170.62741700 141.11269837 138.62741700 162.11269837 143.28427125 162.87005769 151.28427125 134.87005769 178.59797975 169.62741700 137.79898987 160.76955262
93.31370850 34.82842712 0.00000000 75.31370850 38.24264069 46.82842712 91.07106781 26.82842712 67.89949494 60.24264069 88.07106781 12.89949494 32.24264069 15.65685425 68.65685425 19.82842712 27.65685425 52.24264069 55.65685425 60.82842712 68.07106781 58.14213562 41.24264069 64.24264069 59.31370850 73.14213562 39.48528137 76.55634919 47.48528137 79.14213562 50.79898987 82.07106781 86.31370850 66.21320344 53.24264069 99.14213562 86.04163056 99.72792206 67.89949494 101.38477631 67.48528137 106.55634919 110.45584412 79.04163056 110.55634919 93.52691193 82.31370850 89.11269837 135.21320344 105.69848481 103.21320344 126.69848481 107.87005769 127.45584412 115.87005769 99.45584412 143.18376618 134.21320344 102.38477631 125.35533906
16.82842712 110.72792206 75.31370850 0.00000000 43.65685425 122.72792206 26.24264069 102.72792206 5.65685425 136.14213562 16.07106781 73.48528137 21.65685425 73.89949494 17.48528137 68.89949494 46.48528137 101.31370850 33.65685425 109.89949494 46.07106781 107.21320344 90.31370850 113.31370850 108.38477631 51.14213562 88.55634919 125.62741700 96.55634919 57.14213562 65.28427125 131.14213562 64.31370850 115.28427125 102.31370850 148.21320344 135.11269837 77.72792206 116.97056275 79.38477631 116.55634919 155.62741700 88.45584412 96.94112550 159.62741700 94.45584412 131.38477631 138.18376618 113.21320344 154.76955262 120.76955262 175.76955262 116.11269837 105.45584412 164.94112550 148.52691193 121.18376618 112.21320344 151.45584412 174.42640687
61.65685425 73.65685425 38.24264069 43.65685425 0.00000000 85.65685425 71.07106781 65.65685425 36.24264069 99.07106781 47.24264069 37.24264069 13.31370850 37.65685425 59.48528137 32.65685425 18.24264069 65.07106781 46.48528137 73.65685425 58.89949494 70.97056275 54.07106781 77.07106781 72.14213562 63.97056275 52.31370850 89.38477631 60.31370850 69.97056275 63.62741700 94.89949494 77.14213562 79.04163056 66.07106781 111.97056275 98.87005769 90.55634919 80.72792206 92.21320344 80.31370850 119.38477631 101.28427125 91.87005769 123.38477631 107.28427125 95.14213562 101.94112550 126.04163056 118.52691193 116.04163056 139.52691193 128.94112550 118.28427125 128.69848481 112.28427125 134.01219331 125.04163056 115.21320344 138.18376618
140.72792206 14.82842712 46.82842712 122.72792206 85.65685425 0.00000000 138.48528137 32.82842712 115.31370850 6.82842712 135.48528137 49.82842712 79.65685425 56.82842712 116.07106781 67.24264069 75.07106781 52.24264069 103.07106781 36.82842712 115.48528137 77.69848481 88.07106781 43.65685425 66.38477631 120.55634919 86.31370850 55.14213562 93.48528137 126.55634919 97.62741700 61.48528137 133.72792206 69.38477631 100.07106781 77.72792206 88.48528137 147.14213562 113.89949494 148.79898987 113.48528137 85.14213562 157.87005769 125.04163056 89.14213562 139.52691193 128.31370850 98.28427125 182.62741700 151.69848481 149.21320344 172.69848481 153.87005769 174.87005769 161.87005769 145.45584412 190.59797975 181.62741700 148.38477631 171.35533906
5.41421356 126.48528137 91.07106781 26.24264069 71.07106781 138.48528137 0.00000000 118.48528137 33.65685425 151.89949494 7.24264069 89.24264069 49.07106781 89.65685425 21.82842712 84.65685425 62.24264069 117.07106781 36.24264069 125.65685425 41.24264069 122.97056275 68.69848481 129.07106781 124.14213562 47.14213562 104.31370850 141.38477631 112.31370850 52.31370850 61.28427125 146.89949494 60.31370850 131.04163056 76.59797975 163.97056275 150.87005769 73.72792206 132.72792206 75.38477631 132.31370850 171.38477631 84.45584412 92.94112550 175.38477631 90.45584412 110.84062043 153.94112550 109.21320344 170.52691193 116.76955262 191.52691193 112.11269837 101.45584412 180.69848481 127.59797975 117.18376618 108.21320344 167.21320344 190.18376618
120.72792206 20.82842712 26.82842712 102.72792206 65.65685425 32.82842712 118.48528137 0.00000000 95.31370850 46.24264069 115.48528137 13.48528137 59.65685425 18.14213562 96.07106781 47.24264069 55.07106781 14.82842712 83.07106781 31.41421356 95.48528137 85.55634919 68.65685425 34.82842712 57.55634919 100.55634919 66.89949494 47.14213562 74.89949494 106.55634919 78.21320344 52.65685425 113.72792206 60.55634919 80.65685425 69.72792206 80.48528137 127.14213562 95.31370850 128.79898987 94.89949494 77.14213562 137.87005769 106.45584412 81.14213562 120.94112550 109.72792206 90.28427125 162.62741700 133.11269837 130.62741700 154.11269837 135.28427125 154.87005769 143.28427125 126.87005769 170.59797975 161.62741700 129.79898987 152.76955262
24.24264069 103.31370850 67.89949494 5.65685425 36.24264069 115.31370850 33.65685425 95.31370850 0.00000000 128.72792206 16.07106781 66.07106781 14.24264069 66.48528137 15.14213562 61.48528137 39.07106781 93.89949494 26.24264069 102.48528137 38.65685425 99.79898987 82.89949494 105.89949494 100.97056275 43.72792206 81.14213562 118.21320344 89.14213562 49.72792206 57.87005769 123.72792206 56.89949494 107.87005769 94.89949494 140.79898987 127.69848481 70.31370850 109.55634919 71.97056275 109.14213562 148.21320344 81.04163056 89.52691193 152.21320344 87.04163056 123.97056275 130.76955262 105.79898987 147.35533906 113.35533906 168.35533906 108.69848481 98.04163056 157.52691193 141.11269837 113.76955262 104.79898987 144.04163056 167.01219331
154.14213562 28.24264069 60.24264069 136.14213562 99.07106781 6.82842712 151.89949494 46.24264069 128.72792206 0.00000000 148.89949494 63.24264069 93.07106781 64.24264069 129.48528137 70.65685425 88.48528137 44.24264069 116.48528137 28.82842712 128.89949494 69.69848481 80.07106781 35.65685425 58.38477631 133.97056275 78.31370850 47.14213562 85.48528137 139.97056275 89.62741700 53.48528137 107.18376618 61.38477631 92.07106781 69.72792206 80.48528137 120.01219331 105.89949494 120.84062043 105.48528137 77.14213562 130.74011537 117.04163056 81.14213562 131.52691193 120.31370850 90.28427125 154.66904756 143.69848481 141.21320344 164.69848481 145.87005769 146.91168825 153.87005769 137.45584412 162.63961031 153.66904756 140.38477631 163.35533906
17.82842712 123.48528137 88.07106781 16.07106781 47.24264069 135.48528137 7.24264069 115.48528137 16.07106781 148.89949494 0.00000000 86.24264069 24.41421356 86.65685425 7.65685425 81.65685425 59.24264069 114.07106781 33.24264069 122.65685425 38.24264069 119.97056275 65.69848481 126.07106781 121.14213562 44.14213562 101.31370850 138.38477631 109.31370850 49.31370850 58.28427125 143.89949494 57.31370850 128.04163056 73.59797975 160.97056275 147.87005769 70.72792206 129.72792206 72.38477631 129.31370850 168.38477631 81.45584412 89.94112550 172.38477631 87.45584412 107.84062043 150.94112550 106.21320344 167.52691193 113.76955262 188.52691193 109.11269837 98.45584412 177.69848481 124.59797975 114.18376618 105.21320344 164.21320344 187.18376618
91.48528137 37.82842712 12.89949494 73.48528137 37.24264069 49.82842712 89.24264069 13.48528137 66.07106781 63.24264069 86.24264069 0.00000000 30.41421356 5.24264069 66.82842712 12.48528137 25.82842712 16.31370850 53.82842712 36.41421356 66.24264069 55.14213562 38.24264069 39.82842712 62.55634919 71.31370850 36.48528137 52.14213562 44.48528137 77.31370850 47.79898987 57.65685425 84.48528137 65.55634919 50.24264069 74.72792206 85.48528137 97.89949494 64.89949494 99.55634919 64.48528137 82.14213562 108.62741700 76.04163056 86.14213562 90.52691193 79.31370850 86.11269837 133.38477631 102.69848481 100.21320344 123.69848481 104.87005769 125.62741700 112.87005769 96.45584412 141.35533906 132.38477631 99.38477631 122.35533906
39.65685425 67.65685425 32.24264069 21.65685425 13.31370850 79.65685425 49.07106781 59.65685425 14.24264069 93.07106781 24.41421356 30.41421356 0.00000000 30.82842712 34.07106781 25.82842712 14.48528137 58.24264069 21.07106781 66.82842712 33.48528137 64.14213562 47.24264069 70.24264069 65.31370850 38.55634919 45.48528137 82.55634919 53.48528137 44.55634919 52.69848481 88.07106781 51.72792206 72.21320344 59.24264069 105.14213562 92.04163056 65.14213562 73.89949494 66.79898987 73.48528137 112.55634919 75.87005769 84.35533906 116.55634919 81.87005769 88.31370850 95.11269837 100.62741700 111.69848481 108.18376618 132.69848481 103.52691193 92.87005769 121.87005769 105.45584412 108.59797975 99.62741700 108.38477631 131.35533906
91.89949494 44.82842712 15.65685425 73.89949494 37.65685425 56.82842712 89.65685425 18.14213562 66.48528137 64.24264069 86.65685425 5.24264069 30.82842712 0.00000000 67.24264069 7.82842712 26.24264069 26.82842712 54.24264069 35.41421356 66.65685425 46.72792206 30.65685425 38.82842712 47.89949494 71.72792206 28.89949494 51.14213562 36.07106781 77.72792206 40.21320344 56.65685425 57.76955262 64.55634919 42.65685425 73.72792206 84.48528137 70.59797975 56.48528137 71.42640687 56.07106781 81.14213562 81.32590181 67.62741700 85.14213562 82.11269837 70.89949494 77.69848481 105.25483400 94.28427125 91.79898987 115.28427125 96.45584412 97.49747468 104.45584412 88.04163056 113.22539674 104.25483400 90.97056275 113.94112550
27.82842712 104.07106781 68.65685425 17.48528137 59.48528137 116.07106781 21.82842712 96.07106781 15.14213562 129.48528137 7.65685425 66.82842712 34.07106781 67.24264069 0.00000000 62.24264069 39.82842712 94.65685425 13.82842712 103.24264069 18.82842712 100.55634919 46.28427125 106.65685425 101.72792206 24.72792206 81.89949494 118.97056275 89.89949494 29.89949494 38.87005769 124.48528137 37.89949494 108.62741700 54.18376618 141.55634919 128.45584412 51.31370850 110.31370850 52.97056275 109.89949494 148.97056275 62.04163056 70.52691193 152.97056275 68.04163056 88.42640687 131.52691193 86.79898987 148.11269837 94.35533906 169.11269837 89.69848481 79.04163056 158.28427125 105.18376618 94.76955262 85.79898987 144.79898987 167.76955262
86.89949494 55.24264069 19.82842712 68.89949494 32.65685425 67.24264069 84.65685425 47.24264069 61.48528137 70.65685425 81.65685425 12.48528137 25.82842712 7.82842712 62.24264069 0.00000000 21.24264069 33.24264069 49.24264069 41.82842712 61.65685425 39.14213562 22.24264069 45.24264069 40.31370850 66.72792206 20.48528137 57.55634919 28.48528137 72.72792206 31.79898987 63.07106781 49.35533906 47.21320344 34.24264069 80.14213562 67.04163056 62.18376618 48.89949494 63.01219331 48.48528137 87.55634919 72.91168825 60.04163056 91.55634919 74.52691193 63.31370850 70.11269837 96.84062043 86.69848481 84.21320344 107.69848481 88.87005769 89.08326112 96.87005769 80.45584412 104.81118318 95.84062043 83.38477631 106.35533906
64.48528137 63.07106781 27.65685425 46.48528137 18.24264069 75.07106781 62.24264069 55.07106781 39.07106781 88.48528137 59.24264069 25.82842712 14.48528137 26.24264069 39.82842712 21.24264069 0.00000000 53.65685425 26.82842712 62.24264069 39.24264069 59.55634919 42.65685425 65.65685425 60.72792206 44.31370850 40.89949494 77.97056275 48.89949494 50.31370850 52.21320344 83.48528137 57.48528137 67.62741700 54.65685425 100.55634919 87.45584412 70.89949494 69.31370850 72.55634919 68.89949494 107.97056275 81.62741700 80.45584412 111.97056275 87.62741700 83.72792206 90.52691193 106.38477631 107.11269837 104.62741700 128.11269837 109.28427125 98.62741700 117.28427125 100.87005769 114.35533906 105.38477631 103.79898987 126.76955262
119.31370850 23.55634919 52.24264069 101.31370850 65.07106781 52.24264069 117.07106781 14.82842712 93.89949494 44.24264069 114.07106781 16.31370850 58.24264069 26.82842712 94.65685425 33.24264069 53.65685425 0.00000000 81.65685425 15.41421356 94.07106781 58.72792206 42.65685425 18.82842712 41.55634919 62.45584412 40.89949494 31.14213562 48.07106781 105.14213562 52.21320344 36.65685425 69.76955262 44.55634919 54.65685425 53.72792206 64.48528137 82.59797975 68.48528137 83.42640687 68.07106781 61.14213562 93.32590181 79.62741700 65.14213562 94.11269837 82.89949494 74.28427125 117.25483400 106.28427125 103.79898987 127.28427125 108.45584412 109.49747468 116.45584412 100.04163056 125.22539674 116.25483400 102.97056275 125.94112550
42.24264069 91.07106781 55.65685425 33.65685425 46.48528137 103.07106781 36.24264069 83.07106781 26.24264069 116.48528137 33.24264069 53.82842712 21.07106781 54.24264069 13.82842712 49.24264069 26.82842712 81.65685425 0.00000000 90.24264069 13.24264069 87.55634919 70.65685425 93.65685425 88.72792206 18.31370850 68.89949494 105.97056275 76.89949494 24.31370850 32.45584412 111.48528137 31.48528137 95.62741700 47.76955262 128.55634919 115.45584412 44.89949494 97.31370850 46.55634919 96.89949494 135.97056275 55.62741700 64.11269837 139.97056275 61.62741700 111.72792206 118.52691193 80.38477631 135.11269837 87.94112550 156.11269837 83.28427125 72.62741700 145.28427125 128.87005769 88.35533906 79.38477631 131.79898987 154.76955262
127.89949494 52.24264069 60.82842712 109.89949494 73.65685425 36.82842712 125.65685425 31.41421356 102.48528137 28.82842712 122.65685425 36.41421356 66.82842712 35.41421356 103.24264069 41.82842712 62.24264069 15.41421356 90.24264069 0.00000000 102.65685425 40.87005769 51.24264069 6.82842712 29.55634919 71.04163056 49.48528137 18.31370850 56.65685425 113.72792206 60.79898987 24.65685425 78.35533906 32.55634919 63.24264069 40.89949494 51.65685425 91.18376618 77.07106781 92.01219331 76.65685425 48.31370850 101.91168825 88.21320344 52.31370850 102.69848481 91.48528137 61.45584412 125.84062043 114.87005769 112.38477631 135.87005769 117.04163056 118.08326112 125.04163056 108.62741700 133.81118318 124.84062043 111.55634919 134.52691193
47.24264069 103.48528137 68.07106781 46.07106781 58.89949494 115.48528137 41.24264069 95.48528137 38.65685425 128.89949494 38.24264069 66.24264069 33.48528137 66.65685425 18.82842712 61.65685425 39.24264069 94.07106781 13.24264069 102.65685425 0.00000000 99.97056275 42.04163056 106.07106781 101.14213562 18.72792206 44.04163056 118.38477631 89.31370850 15.41421356 34.62741700 123.89949494 27.55634919 108.04163056 49.94112550 140.97056275 127.87005769 41.79898987 66.84062043 43.45584412 109.31370850 148.38477631 52.52691193 61.01219331 152.38477631 58.52691193 78.91168825 130.94112550 77.28427125 104.63961031 84.84062043 125.63961031 80.18376618 69.52691193 114.81118318 95.66904756 85.25483400 76.28427125 101.32590181 124.29646456
125.21320344 93.55634919 58.14213562 107.21320344 70.97056275 77.69848481 122.97056275 85.55634919 99.79898987 69.69848481 119.97056275 55.14213562 64.14213562 46.72792206 100.55634919 39.14213562 59.55634919 58.72792206 87.55634919 40.87005769 99.97056275 0.00000000 37.04163056 34.04163056 12.48528137 51.04163056 25.72792206 37.38477631 15.24264069 64.21320344 35.14213562 29.62741700 57.52691193 27.97056275 29.97056275 44.94112550 56.62741700 70.35533906 39.31370850 63.87005769 38.07106781 56.59797975 81.08326112 50.45584412 60.59797975 64.94112550 52.89949494 59.69848481 87.84062043 76.28427125 73.79898987 97.28427125 78.45584412 80.08326112 86.45584412 70.04163056 95.81118318 86.01219331 72.97056275 95.94112550
108.31370850 76.65685425 41.24264069 90.31370850 54.07106781 88.07106781 68.69848481 68.65685425 82.89949494 80.07106781 65.69848481 38.24264069 47.24264069 30.65685425 46.28427125 22.24264069 42.65685425 42.65685425 70.65685425 51.24264069 42.04163056 37.04163056 0.00000000 54.65685425 38.21320344 23.31370850 11.31370850 66.97056275 26.38477631 37.31370850 15.41421356 72.48528137 30.62741700 45.11269837 27.55634919 89.55634919 64.94112550 43.45584412 46.79898987 44.28427125 46.38477631 69.69848481 54.18376618 57.94112550 100.97056275 59.35533906 61.21320344 68.01219331 78.11269837 84.59797975 82.11269837 105.59797975 81.01219331 70.35533906 94.76955262 78.35533906 86.08326112 77.11269837 81.28427125 104.25483400
131.31370850 59.07106781 64.24264069 113.31370850 77.07106781 43.65685425 129.07106781 34.82842712 105.89949494 35.65685425 126.07106781 39.82842712 70.24264069 38.82842712 106.65685425 45.24264069 65.65685425 18.82842712 93.65685425 6.82842712 106.07106781 34.04163056 54.65685425 0.00000000 22.72792206 74.45584412 52.89949494 13.72792206 32.89949494 117.14213562 64.21320344 17.82842712 81.76955262 25.72792206 66.65685425 38.65685425 46.48528137 94.59797975 51.69848481 95.42640687 50.45584412 43.14213562 105.32590181 62.84062043 47.14213562 77.32590181 65.28427125 56.28427125 100.22539674 88.66904756 86.18376618 109.66904756 90.84062043 92.46803743 98.84062043 82.42640687 108.19595949 98.39696962 85.35533906 108.32590181
126.38477631 81.79898987 59.31370850 108.38477631 72.14213562 66.38477631 124.14213562 57.55634919 100.97056275 58.38477631 121.14213562 62.55634919 65.31370850 47.89949494 101.72792206 40.31370850 60.72792206 41.55634919 88.72792206 29.55634919 101.14213562 12.48528137 38.21320344 22.72792206 0.00000000 52.21320344 26.89949494 26.07106781 13.48528137 65.38477631 36.31370850 18.31370850 58.69848481 16.65685425 31.14213562 33.62741700 48.62741700 71.52691193 34.62741700 59.18376618 33.38477631 45.28427125 77.42640687 45.76955262 49.28427125 60.25483400 48.21320344 55.01219331 83.15432893 71.59797975 69.11269837 92.59797975 73.76955262 75.39696962 81.76955262 65.35533906 91.12489168 81.32590181 68.28427125 91.25483400
53.14213562 108.55634919 73.14213562 51.14213562 63.97056275 120.55634919 47.14213562 100.55634919 43.72792206 133.97056275 44.14213562 71.31370850 38.55634919 71.72792206 24.72792206 66.72792206 44.31370850 62.45584412 18.31370850 71.04163056 18.72792206 51.04163056 23.31370850 74.45584412 52.21320344 0.00000000 25.31370850 86.76955262 39.55634919 16.48528137 15.89949494 66.38477631 15.65685425 58.28427125 31.21320344 109.35533906 78.11269837 29.07106781 53.28427125 29.89949494 59.21320344 82.87005769 39.79898987 47.45584412 97.35533906 44.97056275 65.35533906 81.18376618 63.72792206 91.08326112 71.28427125 112.08326112 66.62741700 55.97056275 101.25483400 82.11269837 71.69848481 62.72792206 87.76955262 110.74011537
106.55634919 74.89949494 39.48528137 88.55634919 52.31370850 86.31370850 104.31370850 66.89949494 81.14213562 78.31370850 101.31370850 36.48528137 45.48528137 28.89949494 81.89949494 20.48528137 40.89949494 40.89949494 68.89949494 49.48528137 44.04163056 25.72792206 11.31370850 52.89949494 26.89949494 25.31370850 0.00000000 65.21320344 15.07106781 39.31370850 15.07106781 41.89949494 32.62741700 33.79898987 16.24264069 87.79898987 53.62741700 45.45584412 35.48528137 46.28427125 35.07106781 58.38477631 56.18376618 46.62741700 72.87005769 61.35533906 49.89949494 56.69848481 80.11269837 73.28427125 70.79898987 94.28427125 75.45584412 72.35533906 83.45584412 67.04163056 88.08326112 79.11269837 69.97056275 92.94112550
143.62741700 70.55634919 76.55634919 125.62741700 89.38477631 55.14213562 141.38477631 47.14213562 118.21320344 47.14213562 138.38477631 52.14213562 82.55634919 51.14213562 118.97056275 57.55634919 77.97056275 31.14213562 105.97056275 18.31370850 118.38477631 37.38477631 66.97056275 13.72792206 26.07106781 86.76955262 65.21320344 0.00000000 36.24264069 129.45584412 76.52691193 15.31370850 94.08326112 29.07106781 53.89949494 20.82842712 37.48528137 106.91168825 55.04163056 79.59797975 53.79898987 34.14213562 117.63961031 66.18376618 37.31370850 80.66904756 61.11269837 47.28427125 103.56854249 80.35533906 78.69848481 101.35533906 83.35533906 95.81118318 90.52691193 74.94112550 111.53910524 101.74011537 77.04163056 100.01219331
114.55634919 82.89949494 47.48528137 96.55634919 60.31370850 93.48528137 112.31370850 74.89949494 89.14213562 85.48528137 109.31370850 44.48528137 53.48528137 36.07106781 89.89949494 28.48528137 48.89949494 48.07106781 76.89949494 56.65685425 89.31370850 15.24264069 26.38477631 32.89949494 13.48528137 39.55634919 15.07106781 36.24264069 0.00000000 52.72792206 23.65685425 27.65685425 46.04163056 18.72792206 18.48528137 42.97056275 41.38477631 58.87005769 24.07106781 48.62741700 22.82842712 46.14213562 66.87005769 35.21320344 58.62741700 49.69848481 37.65685425 44.45584412 72.59797975 61.04163056 58.55634919 82.04163056 63.21320344 64.84062043 71.21320344 54.79898987 80.56854249 70.76955262 57.72792206 80.69848481
58.31370850 114.55634919 79.14213562 57.14213562 69.97056275 126.55634919 52.31370850 106.55634919 49.72792206 139.97056275 49.31370850 77.31370850 44.55634919 77.72792206 29.89949494 72.72792206 50.31370850 105.14213562 24.31370850 113.72792206 15.41421356 64.21320344 37.31370850 117.14213562 65.38477631 16.48528137 39.31370850 129.45584412 52.72792206 0.00000000 29.07106781 134.97056275 13.31370850 71.45584412 44.38477631 152.04163056 78.59797975 26.97056275 52.01219331 28.62741700 57.94112550 83.35533906 37.69848481 46.18376618 97.84062043 43.69848481 64.08326112 81.66904756 62.45584412 89.81118318 70.01219331 110.81118318 65.35533906 54.69848481 99.98275606 80.84062043 70.42640687 61.45584412 86.49747468 109.46803743
67.28427125 86.21320344 50.79898987 65.28427125 63.62741700 97.62741700 61.28427125 78.21320344 57.87005769 89.62741700 58.28427125 47.79898987 52.69848481 40.21320344 38.87005769 31.79898987 52.21320344 52.21320344 32.45584412 60.79898987 34.62741700 35.14213562 15.41421356 64.21320344 36.31370850 15.89949494 15.07106781 76.52691193 23.65685425 29.07106781 0.00000000 50.48528137 22.38477631 42.38477631 15.31370850 99.11269837 62.21320344 35.21320344 44.07106781 36.04163056 43.65685425 66.97056275 45.94112550 53.59797975 81.45584412 51.11269837 58.48528137 65.28427125 69.87005769 81.87005769 77.42640687 102.87005769 72.76955262 62.11269837 92.04163056 75.62741700 77.84062043 68.87005769 78.55634919 101.52691193
149.14213562 76.89949494 82.07106781 131.14213562 94.89949494 61.48528137 146.89949494 52.65685425 123.72792206 53.48528137 143.89949494 57.65685425 88.07106781 56.65685425 124.48528137 63.07106781 83.48528137 36.65685425 111.48528137 24.65685425 123.89949494 29.62741700 72.48528137 17.82842712 18.31370850 66.38477631 41.89949494 15.31370850 27.65685425 134.97056275 50.48528137 0.00000000 72.87005769 20.48528137 45.31370850 17.07106781 30.89949494 85.69848481 46.45584412 71.01219331 45.21320344 27.55634919 89.25483400 57.59797975 31.55634919 72.08326112 54.52691193 40.69848481 94.98275606 73.76955262 72.11269837 94.76955262 76.76955262 87.22539674 83.94112550 68.35533906 102.95331881 93.15432893 70.45584412 93.42640687
66.31370850 121.72792206 86.31370850 64.31370850 77.14213562 133.72792206 60.31370850 113.72792206 56.89949494 107.18376618 57.31370850 84.48528137 51.72792206 57.76955262 37.89949494 49.35533906 57.48528137 69.76955262 31.48528137 78.35533906 27.55634919 57.52691193 30.62741700 81.76955262 58.69848481 15.65685425 32.62741700 94.08326112 46.04163056 13.31370850 22.38477631 72.87005769 0.00000000 64.76955262 37.69848481 116.66904756 65.87005769 14.24264069 39.28427125 15.89949494 45.21320344 70.62741700 24.97056275 33.45584412 85.11269837 30.97056275 51.35533906 68.94112550 49.72792206 77.08326112 57.28427125 98.08326112 52.62741700 41.97056275 87.25483400 68.11269837 57.69848481 48.72792206 73.76955262 96.74011537
133.28427125 84.79898987 66.21320344 115.28427125 79.04163056 69.38477631 131.04163056 60.55634919 107.87005769 61.38477631 128.04163056 65.55634919 72.21320344 64.55634919 108.62741700 47.21320344 67.62741700 44.55634919 95.62741700 32.55634919 108.04163056 27.97056275 45.11269837 25.72792206 16.65685425 58.28427125 33.79898987 29.07106781 18.72792206 71.45584412 42.38477631 20.48528137 64.76955262 0.00000000 37.21320344 35.79898987 47.38477631 72.52691193 30.07106781 54.62741700 28.82842712 47.45584412 72.87005769 41.21320344 51.45584412 55.69848481 43.65685425 50.45584412 78.59797975 67.04163056 64.55634919 88.04163056 69.21320344 70.84062043 77.21320344 60.79898987 86.56854249 76.76955262 63.72792206 86.69848481
82.59797975 88.65685425 53.24264069 102.31370850 66.07106781 100.07106781 76.59797975 80.65685425 94.89949494 92.07106781 73.59797975 50.24264069 59.24264069 42.65685425 54.18376618 34.24264069 54.65685425 54.65685425 47.76955262 63.24264069 49.94112550 29.97056275 27.55634919 66.65685425 31.14213562 31.21320344 16.24264069 53.89949494 18.48528137 44.38477631 15.31370850 45.31370850 37.69848481 37.21320344 0.00000000 60.62741700 57.04163056 50.52691193 38.89949494 51.35533906 38.48528137 61.79898987 61.25483400 50.04163056 76.28427125 64.52691193 53.31370850 60.11269837 85.18376618 76.69848481 74.21320344 97.69848481 78.87005769 77.42640687 86.87005769 70.45584412 93.15432893 84.18376618 73.38477631 96.35533906
166.21320344 93.14213562 99.14213562 148.21320344 111.97056275 77.72792206 163.97056275 69.72792206 140.79898987 69.72792206 160.97056275 74.72792206 105.14213562 73.72792206 141.55634919 80.14213562 100.55634919 53.72792206 128.55634919 40.89949494 140.97056275 44.94112550 89.55634919 38.65685425 33.62741700 109.35533906 87.79898987 20.82842712 42.97056275 152.04163056 99.11269837 17.07106781 116.66904756 35.79898987 60.62741700 0.00000000 29.24264069 129.49747468 60.11269837 78.04163056 47.21320344 25.89949494 96.28427125 62.28427125 29.07106781 79.11269837 52.87005769 39.04163056 102.01219331 72.11269837 70.45584412 93.11269837 75.11269837 94.25483400 82.28427125 66.69848481 109.98275606 94.42640687 68.79898987 91.76955262
153.11269837 103.89949494 86.04163056 135.11269837 98.87005769 88.48528137 150.87005769 80.48528137 127.69848481 80.48528137 147.87005769 85.48528137 92.04163056 84.48528137 128.45584412 67.04163056 87.45584412 64.48528137 115.45584412 51.65685425 127.87005769 56.62741700 64.94112550 46.48528137 48.62741700 78.11269837 53.62741700 37.48528137 41.38477631 78.59797975 62.21320344 30.89949494 65.87005769 47.38477631 57.04163056 29.24264069 0.00000000 70.21320344 34.38477631 52.31370850 21.48528137 16.55634919 70.55634919 36.55634919 31.04163056 53.38477631 27.14213562 23.65685425 76.28427125 46.38477631 44.72792206 67.38477631 49.38477631 68.52691193 56.55634919 40.97056275 84.25483400 68.69848481 43.07106781 66.04163056
79.72792206 135.14213562 99.72792206 77.72792206 90.55634919 147.14213562 73.72792206 127.14213562 70.31370850 120.01219331 70.72792206 97.89949494 65.14213562 70.59797975 51.31370850 62.18376618 70.89949494 82.59797975 44.89949494 91.18376618 41.79898987 70.35533906 43.45584412 94.59797975 71.52691193 29.07106781 45.45584412 106.91168825 58.87005769 26.97056275 35.21320344 85.69848481 14.24264069 72.52691193 50.52691193 129.49747468 70.21320344 0.00000000 43.62741700 17.89949494 49.55634919 74.97056275 14.82842712 37.79898987 89.45584412 31.79898987 55.69848481 73.28427125 47.04163056 81.42640687 54.59797975 102.42640687 49.94112550 39.28427125 91.59797975 65.42640687 55.01219331 46.04163056 72.84062043 101.08326112
134.97056275 103.31370850 67.89949494 116.97056275 80.72792206 113.89949494 132.72792206 95.31370850 109.55634919 105.89949494 129.72792206 64.89949494 73.89949494 56.48528137 110.31370850 48.89949494 69.31370850 68.48528137 97.31370850 77.07106781 66.84062043 39.31370850 46.79898987 51.69848481 34.62741700 53.28427125 35.48528137 55.04163056 24.07106781 52.01219331 44.07106781 46.45584412 39.28427125 30.07106781 38.89949494 60.11269837 34.38477631 43.62741700 0.00000000 25.72792206 12.89949494 39.14213562 43.97056275 15.24264069 53.62741700 26.79898987 25.97056275 37.45584412 49.69848481 49.35533906 46.87005769 70.35533906 51.76955262 41.94112550 59.52691193 43.11269837 57.66904756 47.87005769 46.04163056 69.01219331
81.38477631 136.79898987 101.38477631 79.38477631 92.21320344 148.79898987 75.38477631 128.79898987 71.97056275 120.84062043 72.38477631 99.55634919 66.79898987 71.42640687 52.97056275 63.01219331 72.55634919 83.42640687 46.55634919 92.01219331 43.45584412 63.87005769 44.28427125 95.42640687 59.18376618 29.89949494 46.28427125 79.59797975 48.62741700 28.62741700 36.04163056 71.01219331 15.89949494 54.62741700 51.35533906 78.04163056 52.31370850 17.89949494 25.72792206 0.00000000 31.65685425 57.07106781 19.89949494 19.89949494 71.55634919 15.07106781 37.79898987 55.38477631 33.82842712 63.52691193 41.38477631 84.52691193 36.72792206 26.07106781 73.69848481 52.21320344 41.79898987 32.82842712 59.62741700 83.18376618
134.55634919 102.89949494 67.48528137 116.55634919 80.31370850 113.48528137 132.31370850 94.89949494 109.14213562 105.48528137 129.31370850 64.48528137 73.48528137 56.07106781 109.89949494 48.48528137 68.89949494 68.07106781 96.89949494 76.65685425 109.31370850 38.07106781 46.38477631 50.45584412 33.38477631 59.21320344 35.07106781 53.79898987 22.82842712 57.94112550 43.65685425 45.21320344 45.21320344 28.82842712 38.48528137 47.21320344 21.48528137 49.55634919 12.89949494 31.65685425 0.00000000 26.24264069 49.89949494 15.89949494 40.72792206 32.72792206 14.82842712 24.55634919 55.62741700 38.21320344 35.72792206 59.21320344 40.38477631 47.87005769 48.38477631 31.97056275 63.59797975 53.79898987 34.89949494 57.87005769
173.62741700 100.55634919 106.55634919 155.62741700 119.38477631 85.14213562 171.38477631 77.14213562 148.21320344 77.14213562 168.38477631 82.14213562 112.55634919 81.14213562 148.97056275 87.55634919 107.97056275 61.14213562 135.97056275 48.31370850 148.38477631 56.59797975 69.69848481 43.14213562 45.28427125 82.87005769 58.38477631 34.14213562 46.14213562 83.35533906 66.97056275 27.55634919 70.62741700 47.45584412 61.79898987 25.89949494 16.55634919 74.97056275 39.14213562 57.07106781 26.24264069 0.00000000 75.31370850 41.31370850 14.48528137 58.14213562 31.07106781 14.31370850 81.04163056 50.31370850 48.65685425 71.31370850 53.31370850 73.28427125 60.48528137 44.89949494 89.01219331 72.62741700 47.00000000 69.97056275
90.45584412 145.87005769 110.45584412 88.45584412 101.28427125 157.87005769 84.45584412 137.87005769 81.04163056 130.74011537 81.45584412 108.62741700 75.87005769 81.32590181 62.04163056 72.91168825 81.62741700 93.32590181 55.62741700 101.91168825 52.52691193 81.08326112 54.18376618 105.32590181 77.42640687 39.79898987 56.18376618 117.63961031 66.87005769 37.69848481 45.94112550 89.25483400 24.97056275 72.87005769 61.25483400 96.28427125 70.55634919 14.82842712 43.97056275 19.89949494 49.89949494 75.31370850 0.00000000 37.31370850 89.79898987 24.48528137 55.21320344 73.62741700 39.72792206 78.35533906 47.28427125 99.35533906 42.62741700 31.97056275 88.52691193 58.11269837 47.69848481 38.72792206 65.52691193 98.01219331
98.94112550 114.45584412 79.04163056 96.94112550 91.87005769 125.04163056 92.94112550 106.45584412 89.52691193 117.04163056 89.94112550 76.04163056 84.35533906 67.62741700 70.52691193 60.04163056 80.45584412 79.62741700 64.11269837 88.21320344 61.01219331 50.45584412 57.94112550 62.84062043 45.76955262 47.45584412 46.62741700 66.18376618 35.21320344 46.18376618 53.59797975 57.59797975 33.45584412 41.21320344 50.04163056 62.28427125 36.55634919 37.79898987 15.24264069 19.89949494 15.89949494 41.31370850 37.31370850 0.00000000 55.79898987 20.14213562 17.89949494 39.62741700 43.04163056 43.62741700 41.14213562 64.62741700 45.11269837 35.28427125 53.79898987 37.38477631 51.01219331 41.21320344 40.31370850 63.28427125
177.62741700 104.55634919 110.55634919 159.62741700 123.38477631 89.14213562 175.38477631 81.14213562 152.21320344 81.14213562 172.38477631 86.14213562 116.55634919 85.14213562 152.97056275 91.55634919 111.97056275 65.14213562 139.97056275 52.31370850 152.38477631 60.59797975 100.97056275 47.14213562 49.28427125 97.35533906 72.87005769 37.31370850 58.62741700 97.84062043 81.45584412 31.55634919 85.11269837 51.45584412 76.28427125 29.07106781 31.04163056 89.45584412 53.62741700 71.55634919 40.72792206 14.48528137 89.79898987 55.79898987 0.00000000 72.62741700 45.55634919 22.07106781 95.52691193 64.79898987 63.14213562 85.79898987 67.79898987 87.76955262 74.97056275 59.38477631 103.49747468 87.11269837 61.48528137 84.45584412
96.45584412 128.94112550 93.52691193 94.45584412 107.28427125 139.52691193 90.45584412 120.94112550 87.04163056 131.52691193 87.45584412 90.52691193 81.87005769 82.11269837 68.04163056 74.52691193 87.62741700 94.11269837 61.62741700 102.69848481 58.52691193 64.94112550 59.35533906 77.32590181 60.25483400 44.97056275 61.35533906 80.66904756 49.69848481 43.69848481 51.11269837 72.08326112 30.97056275 55.69848481 64.52691193 79.11269837 53.38477631 31.79898987 26.79898987 15.07106781 32.72792206 58.14213562 24.48528137 20.14213562 72.62741700 0.00000000 38.04163056 56.45584412 24.65685425 62.45584412 31.38477631 83.45584412 26.72792206 16.89949494 72.62741700 42.21320344 32.62741700 22.82842712 49.62741700 82.11269837
149.38477631 117.72792206 82.31370850 131.38477631 95.14213562 128.31370850 110.84062043 109.72792206 123.97056275 120.31370850 107.84062043 79.31370850 88.31370850 70.89949494 88.42640687 63.31370850 83.72792206 82.89949494 111.72792206 91.48528137 78.91168825 52.89949494 61.21320344 65.28427125 48.21320344 65.35533906 49.89949494 61.11269837 37.65685425 64.08326112 58.48528137 54.52691193 51.35533906 43.65685425 53.31370850 52.87005769 27.14213562 55.69848481 25.97056275 37.79898987 14.82842712 31.07106781 55.21320344 17.89949494 45.55634919 38.04163056 0.00000000 29.38477631 60.94112550 25.72792206 23.24264069 46.72792206 27.89949494 50.31370850 35.89949494 19.48528137 67.79898987 47.21320344 22.41421356 45.38477631
156.18376618 113.69848481 89.11269837 138.18376618 101.94112550 98.28427125 153.94112550 90.28427125 130.76955262 90.28427125 150.94112550 86.11269837 95.11269837 77.69848481 131.52691193 70.11269837 90.52691193 74.28427125 118.52691193 61.45584412 130.94112550 59.69848481 68.01219331 56.28427125 55.01219331 81.18376618 56.69848481 47.28427125 44.45584412 81.66904756 65.28427125 40.69848481 68.94112550 50.45584412 60.11269837 39.04163056 23.65685425 73.28427125 37.45584412 55.38477631 24.55634919 14.31370850 73.62741700 39.62741700 22.07106781 56.45584412 29.38477631 0.00000000 79.35533906 48.62741700 46.97056275 69.62741700 51.62741700 71.59797975 58.79898987 43.21320344 87.32590181 70.94112550 45.31370850 68.28427125
115.21320344 170.62741700 135.21320344 113.21320344 126.04163056 182.62741700 109.21320344 162.62741700 105.79898987 154.66904756 106.21320344 133.38477631 100.62741700 105.25483400 86.79898987 96.84062043 106.38477631 117.25483400 80.38477631 125.84062043 77.28427125 87.84062043 78.11269837 100.22539674 83.15432893 63.72792206 80.11269837 103.56854249 72.59797975 62.45584412 69.87005769 94.98275606 49.72792206 78.59797975 85.18376618 102.01219331 76.28427125 47.04163056 49.69848481 33.82842712 55.62741700 81.04163056 39.72792206 43.04163056 95.52691193 24.65685425 60.94112550 79.35533906 0.00000000 72.62741700 41.55634919 93.62741700 36.89949494 15.07106781 82.79898987 52.38477631 13.24264069 25.38477631 59.79898987 92.28427125
172.76955262 141.11269837 105.69848481 154.76955262 118.52691193 151.69848481 170.52691193 133.11269837 147.35533906 143.69848481 167.52691193 102.69848481 111.69848481 94.28427125 148.11269837 86.69848481 107.11269837 106.28427125 135.11269837 114.87005769 104.63961031 76.28427125 84.59797975 88.66904756 71.59797975 91.08326112 73.28427125 80.35533906 61.04163056 89.81118318 81.87005769 73.76955262 77.08326112 67.04163056 76.69848481 72.11269837 46.38477631 81.42640687 49.35533906 63.52691193 38.21320344 50.31370850 78.35533906 43.62741700 64.79898987 62.45584412 25.72792206 48.62741700 72.62741700 0.00000000 32.72792206 23.82842712 35.72792206 58.14213562 16.31370850 21.89949494 75.62741700 55.04163056 18.72792206 25.79898987
122.76955262 138.62741700 103.21320344 120.76955262 116.04163056 149.21320344 116.76955262 130.62741700 113.35533906 141.21320344 113.76955262 100.21320344 108.18376618 91.79898987 94.35533906 84.21320344 104.62741700 103.79898987 87.94112550 112.38477631 84.84062043 73.79898987 82.11269837 86.18376618 69.11269837 71.28427125 70.79898987 78.69848481 58.55634919 70.01219331 77.42640687 72.11269837 57.28427125 64.55634919 74.21320344 70.45584412 44.72792206 54.59797975 46.87005769 41.38477631 35.72792206 48.65685425 47.28427125 41.14213562 63.14213562 31.38477631 23.24264069 46.97056275 41.55634919 32.72792206 0.00000000 53.72792206 5.24264069 27.07106781 42.89949494 15.07106781 44.55634919 23.97056275 22.97056275 52.38477631
193.76955262 162.11269837 126.69848481 175.76955262 139.52691193 172.69848481 191.52691193 154.11269837 168.35533906 164.69848481 188.52691193 123.69848481 132.69848481 115.28427125 169.11269837 107.69848481 128.11269837 127.28427125 156.11269837 135.87005769 125.63961031 97.28427125 105.59797975 109.66904756 92.59797975 112.08326112 94.28427125 101.35533906 82.04163056 110.81118318 102.87005769 94.76955262 98.08326112 88.04163056 97.69848481 93.11269837 67.38477631 102.42640687 70.35533906 84.52691193 59.21320344 71.31370850 99.35533906 64.62741700 85.79898987 83.45584412 46.72792206 69.62741700 93.62741700 23.82842712 53.72792206 0.00000000 56.72792206 79.14213562 12.48528137 42.89949494 96.62741700 76.04163056 39.72792206 19.24264069
118.11269837 143.28427125 107.87005769 116.11269837 128.94112550 153.87005769 112.11269837 135.28427125 108.69848481 145.87005769 109.11269837 104.87005769 103.52691193 96.45584412 89.69848481 88.87005769 109.28427125 108.45584412 83.28427125 117.04163056 80.18376618 78.45584412 81.01219331 90.84062043 73.76955262 66.62741700 75.45584412 83.35533906 63.21320344 65.35533906 72.76955262 76.76955262 52.62741700 69.21320344 78.87005769 75.11269837 49.38477631 49.94112550 51.76955262 36.72792206 40.38477631 53.31370850 42.62741700 45.11269837 67.79898987 26.72792206 27.89949494 51.62741700 36.89949494 35.72792206 5.24264069 56.72792206 0.00000000 22.41421356 45.89949494 16.31370850 39.89949494 19.31370850 23.72792206 55.38477631
107.45584412 162.87005769 127.45584412 105.45584412 118.28427125 174.87005769 101.45584412 154.87005769 98.04163056 146.91168825 98.45584412 125.62741700 92.87005769 97.49747468 79.04163056 89.08326112 98.62741700 109.49747468 72.62741700 118.08326112 69.52691193 80.08326112 70.35533906 92.46803743 75.39696962 55.97056275 72.35533906 95.81118318 64.84062043 54.69848481 62.11269837 87.22539674 41.97056275 70.84062043 77.42640687 94.25483400 68.52691193 39.28427125 41.94112550 26.07106781 47.87005769 73.28427125 31.97056275 35.28427125 87.76955262 16.89949494 50.31370850 71.59797975 15.07106781 58.14213562 27.07106781 79.14213562 22.41421356 0.00000000 68.31370850 37.89949494 17.48528137 10.89949494 45.31370850 77.79898987
182.94112550 151.28427125 115.87005769 164.94112550 128.69848481 161.87005769 180.69848481 143.28427125 157.52691193 153.87005769 177.69848481 112.87005769 121.87005769 104.45584412 158.28427125 96.87005769 117.28427125 116.45584412 145.28427125 125.04163056 114.81118318 86.45584412 94.76955262 98.84062043 81.76955262 101.25483400 83.45584412 90.52691193 71.21320344 99.98275606 92.04163056 83.94112550 87.25483400 77.21320344 86.87005769 82.28427125 56.55634919 91.59797975 59.52691193 73.69848481 48.38477631 60.48528137 88.52691193 53.79898987 74.97056275 72.62741700 35.89949494 58.79898987 82.79898987 16.31370850 42.89949494 12.48528137 45.89949494 68.31370850 0.00000000 31.24264069 85.79898987 65.21320344 28.07106781 9.48528137
166.52691193 134.87005769 99.45584412 148.52691193 112.28427125 145.45584412 127.59797975 126.87005769 141.11269837 137.45584412 124.59797975 96.45584412 105.45584412 88.04163056 105.18376618 80.45584412 100.87005769 100.04163056 128.87005769 108.62741700 95.66904756 70.04163056 78.35533906 82.42640687 65.35533906 82.11269837 67.04163056 74.94112550 54.79898987 80.84062043 75.62741700 68.35533906 68.11269837 60.79898987 70.45584412 66.69848481 40.97056275 65.42640687 43.11269837 52.21320344 31.97056275 44.89949494 58.11269837 37.38477631 59.38477631 42.21320344 19.48528137 43.21320344 52.38477631 21.89949494 15.07106781 42.89949494 16.31370850 37.89949494 31.24264069 0.00000000 54.55634919 33.97056275 9.07106781 40.72792206
123.18376618 178.59797975 143.18376618 121.18376618 134.01219331 190.59797975 117.18376618 170.59797975 113.76955262 162.63961031 114.18376618 141.35533906 108.59797975 113.22539674 94.76955262 104.81118318 114.35533906 125.22539674 88.35533906 133.81118318 85.25483400 95.81118318 86.08326112 108.19595949 91.12489168 71.69848481 88.08326112 111.53910524 80.56854249 70.42640687 77.84062043 102.95331881 57.69848481 86.56854249 93.15432893 109.98275606 84.25483400 55.01219331 57.66904756 41.79898987 63.59797975 89.01219331 47.69848481 51.01219331 103.49747468 32.62741700 67.79898987 87.32590181 13.24264069 75.62741700 44.55634919 96.62741700 39.89949494 17.48528137 85.79898987 54.55634919 0.00000000 22.82842712 61.97056275 95.28427125
114.21320344 169.62741700 134.21320344 112.21320344 125.04163056 181.62741700 108.21320344 161.62741700 104.79898987 153.66904756 105.21320344 132.38477631 99.62741700 104.25483400 85.79898987 95.84062043 105.38477631 116.25483400 79.38477631 124.84062043 76.28427125 86.01219331 77.11269837 98.39696962 81.32590181 62.72792206 79.11269837 101.74011537 70.76955262 61.45584412 68.87005769 93.15432893 48.72792206 76.76955262 84.18376618 94.42640687 68.69848481 46.04163056 47.87005769 32.82842712 53.79898987 72.62741700 38.72792206 41.21320344 87.11269837 22.82842712 47.21320344 70.94112550 25.38477631 55.04163056 23.97056275 76.04163056 19.31370850 10.89949494 65.21320344 33.97056275 22.82842712 0.00000000 41.38477631 74.69848481
169.45584412 137.79898987 102.38477631 151.45584412 115.21320344 148.38477631 167.21320344 129.79898987 144.04163056 140.38477631 164.21320344 99.38477631 108.38477631 90.97056275 144.79898987 83.38477631 103.79898987 102.97056275 131.79898987 111.55634919 101.32590181 72.97056275 81.28427125 85.35533906 68.28427125 87.76955262 69.97056275 77.04163056 57.72792206 86.49747468 78.55634919 70.45584412 73.76955262 63.72792206 73.38477631 68.79898987 43.07106781 72.84062043 46.04163056 59.62741700 34.89949494 47.00000000 65.52691193 40.31370850 61.48528137 49.62741700 22.41421356 45.31370850 59.79898987 18.72792206 22.97056275 39.72792206 23.72792206 45.31370850 28.07106781 9.07106781 61.97056275 41.38477631 0.00000000 37.55634919
192.42640687 160.76955262 125.35533906 174.42640687 138.18376618 171.35533906 190.18376618 152.76955262 167.01219331 163.35533906 187.18376618 122.35533906 131.35533906 113.94112550 167.76955262 106.35533906 126.76955262 125.94112550 154.76955262 134.52691193 124.29646456 95.94112550 104.25483400 108.32590181 91.25483400 110.74011537 92.94112550 100.01219331 80.69848481 109.46803743 101.52691193 93.42640687 96.74011537 86.69848481 96.35533906 91.76955262 66.04163056 101.08326112 69.01219331 83.18376618 57.87005769 69.97056275 98.01219331 63.28427125 84.45584412 82.11269837 45.38477631 68.28427125 92.28427125 25.79898987 52.38477631 19.24264069 55.38477631 77.79898987 9.48528137 40.72792206 95.28427125 74.69848481 37.55634919 0.00000000
