0.00000000 5.12132034 8.12132034 8.12132034 8.12132034 9.62132034 8.12132034 12.62132034 14.74264069 6.62132034 11.12132034 18.31066017 7.81066017 14.12132034 17.12132034 3.62132034 8.12132034 8.12132034 5.12132034 2.56066017 15.93198052 47.28122292 24.05330086 8.43198052 49.03858223 24.15990258 21.41726189 26.28122292 30.98528137 32.53858223 43.56244584 35.17462120 43.91726189 59.07716447 66.53300859 31.03858223 85.81980515 62.53858223 60.10660172 64.71320344 59.48528137 69.78122292 78.63046533 89.23706704 75.47056275 87.31980515 81.72792206 90.11574670 113.95584412 113.49442636 123.47970773 144.99442636 116.49442636 102.31980515 128.44112550 105.94112550 125.91168825 112.14518395 110.33452378 142.66904756
5.12132034 0.00000000 6.62132034 14.74264069 8.12132034 9.62132034 5.12132034 12.62132034 8.12132034 6.62132034 9.62132034 21.62132034 27.62132034 27.62132034 11.12132034 3.62132034 11.74264069 35.33452378 3.62132034 2.56066017 14.43198052 47.28122292 24.05330086 8.43198052 41.02386361 22.65990258 21.41726189 26.28122292 30.98528137 31.03858223 38.38782464 35.17462120 42.41726189 45.21320344 42.05330086 31.03858223 74.79594155 61.03858223 60.10660172 63.21320344 59.48528137 69.78122292 77.13046533 76.81980515 75.47056275 96.73706704 81.72792206 89.49442636 112.45584412 113.49442636 111.57716447 144.99442636 118.56244584 100.81980515 128.44112550 105.94112550 124.41168825 110.64518395 110.33452378 142.66904756
8.12132034 6.62132034 0.00000000 17.74264069 11.12132034 11.12132034 8.12132034 14.12132034 11.12132034 8.12132034 12.62132034 19.34924240 30.62132034 23.48528137 14.12132034 6.62132034 14.74264069 11.12132034 6.62132034 5.56066017 17.43198052 50.28122292 27.05330086 11.43198052 52.03858223 25.65990258 24.41726189 29.28122292 33.98528137 34.03858223 41.38782464 38.17462120 45.41726189 62.07716447 45.05330086 34.03858223 88.81980515 64.03858223 63.10660172 66.21320344 62.48528137 72.78122292 80.13046533 79.81980515 78.47056275 99.73706704 84.72792206 93.11574670 115.45584412 116.49442636 114.57716447 147.99442636 121.56244584 103.81980515 131.44112550 108.94112550 127.41168825 113.64518395 113.33452378 145.66904756
8.12132034 14.74264069 17.74264069 0.00000000 17.74264069 19.24264069 8.12132034 22.24264069 8.48528137 16.24264069 24.10660172 27.93198052 17.43198052 23.74264069 26.22792206 13.24264069 17.74264069 17.74264069 13.24264069 12.18198052 24.05330086 56.90254326 33.67462120 18.05330086 58.65990258 32.28122292 31.03858223 35.90254326 40.60660172 40.65990258 51.68376618 44.79594155 52.03858223 68.69848481 51.67462120 40.65990258 95.44112550 70.65990258 69.72792206 72.83452378 69.10660172 79.40254326 86.75178567 97.35838739 85.09188309 95.44112550 91.34924240 99.73706704 122.07716447 123.11574670 131.60102807 154.61574670 124.61574670 110.44112550 138.06244584 115.56244584 134.03300859 120.26650429 119.95584412 152.29036790
8.12132034 8.12132034 11.12132034 17.74264069 0.00000000 12.62132034 8.12132034 15.62132034 11.12132034 9.62132034 31.81066017 21.31066017 19.97056275 17.12132034 14.12132034 6.62132034 27.36396103 11.12132034 6.62132034 5.56066017 17.43198052 50.28122292 27.05330086 11.43198052 52.03858223 25.65990258 24.41726189 29.28122292 33.98528137 34.03858223 41.38782464 38.17462120 45.41726189 62.07716447 45.05330086 34.03858223 88.81980515 64.03858223 63.10660172 66.21320344 62.48528137 72.78122292 80.13046533 79.81980515 78.47056275 88.81980515 84.72792206 93.11574670 115.45584412 116.49442636 114.57716447 147.99442636 117.99442636 103.81980515 131.44112550 108.94112550 127.41168825 113.64518395 113.33452378 145.66904756
9.62132034 9.62132034 11.12132034 19.24264069 12.62132034 0.00000000 9.62132034 17.12132034 12.62132034 10.24264069 14.12132034 26.12132034 32.12132034 32.12132034 15.62132034 8.12132034 16.24264069 12.62132034 8.12132034 7.06066017 18.93198052 62.49442636 28.55330086 12.93198052 45.52386361 27.15990258 25.91726189 30.78122292 35.48528137 35.53858223 42.88782464 39.67462120 46.91726189 49.71320344 46.55330086 35.53858223 79.29594155 65.53858223 64.60660172 67.71320344 63.98528137 74.28122292 81.63046533 81.31980515 79.97056275 101.23706704 86.22792206 93.99442636 116.95584412 117.99442636 116.07716447 149.49442636 123.06244584 105.31980515 132.94112550 110.44112550 128.91168825 115.14518395 114.83452378 147.16904756
8.12132034 5.12132034 8.12132034 8.12132034 8.12132034 9.62132034 0.00000000 12.62132034 14.74264069 6.62132034 10.86396103 18.31066017 7.81066017 14.12132034 15.62132034 3.62132034 8.12132034 8.12132034 3.62132034 2.56066017 14.43198052 47.28122292 53.49442636 8.43198052 49.03858223 22.65990258 21.41726189 26.28122292 30.98528137 31.03858223 42.06244584 35.17462120 42.41726189 59.07716447 65.03300859 31.03858223 85.81980515 61.03858223 60.10660172 63.21320344 59.48528137 69.78122292 77.13046533 87.73706704 75.47056275 85.81980515 114.58630945 90.11574670 112.45584412 113.49442636 121.97970773 144.99442636 114.99442636 100.81980515 128.44112550 137.91168825 124.41168825 110.64518395 110.33452378 142.66904756
12.62132034 12.62132034 14.12132034 22.24264069 15.62132034 17.12132034 12.62132034 0.00000000 15.62132034 14.12132034 17.12132034 20.22792206 35.12132034 27.21320344 18.62132034 11.12132034 19.24264069 22.24264069 11.12132034 26.56066017 21.93198052 54.78122292 31.55330086 32.43198052 65.02386361 30.15990258 28.91726189 50.28122292 38.48528137 38.53858223 45.88782464 59.17462120 49.91726189 69.21320344 49.55330086 55.03858223 98.79594155 68.53858223 67.60660172 70.71320344 66.98528137 93.78122292 84.63046533 84.31980515 99.47056275 104.23706704 89.22792206 113.49442636 119.95584412 120.99442636 119.07716447 152.49442636 126.06244584 108.31980515 135.94112550 113.44112550 131.91168825 118.14518395 117.83452378 150.16904756
14.74264069 8.12132034 11.12132034 8.48528137 11.12132034 12.62132034 14.74264069 15.62132034 0.00000000 9.62132034 24.10660172 21.31066017 10.81066017 17.12132034 22.71320344 6.62132034 11.12132034 11.12132034 6.62132034 5.56066017 17.43198052 50.28122292 27.05330086 11.43198052 52.03858223 25.65990258 24.41726189 29.28122292 33.98528137 34.03858223 45.06244584 38.17462120 45.41726189 62.07716447 45.05330086 34.03858223 88.81980515 64.03858223 63.10660172 66.21320344 62.48528137 72.78122292 80.13046533 90.73706704 78.47056275 88.81980515 84.72792206 93.11574670 115.45584412 116.49442636 124.97970773 147.99442636 117.99442636 103.81980515 131.44112550 108.94112550 127.41168825 113.64518395 113.33452378 145.66904756
6.62132034 6.62132034 8.12132034 16.24264069 9.62132034 10.24264069 6.62132034 14.12132034 9.62132034 0.00000000 11.12132034 23.12132034 29.12132034 15.62132034 12.62132034 5.12132034 13.24264069 9.62132034 5.12132034 4.06066017 15.93198052 59.49442636 25.55330086 9.93198052 42.52386361 24.15990258 22.91726189 27.78122292 32.48528137 32.53858223 39.88782464 36.67462120 64.41168825 46.71320344 43.55330086 32.53858223 76.29594155 81.84366876 61.60660172 83.39696962 60.98528137 71.28122292 97.93555185 78.31980515 76.97056275 98.23706704 83.22792206 90.99442636 132.63961031 114.99442636 113.07716447 146.49442636 120.06244584 121.00357134 129.94112550 107.44112550 144.59545443 130.82895014 111.83452378 144.16904756
11.12132034 9.62132034 12.62132034 24.10660172 31.81066017 14.12132034 10.86396103 17.12132034 24.10660172 11.12132034 0.00000000 22.81066017 31.50000000 18.62132034 11.48528137 8.12132034 12.62132034 12.62132034 8.12132034 7.06066017 18.93198052 51.78122292 57.99442636 12.93198052 53.53858223 27.15990258 25.91726189 30.78122292 35.48528137 35.53858223 46.56244584 39.67462120 46.91726189 63.57716447 69.53300859 35.53858223 90.31980515 65.53858223 64.60660172 67.71320344 63.98528137 74.28122292 81.63046533 92.23706704 79.97056275 90.31980515 119.08630945 94.61574670 116.95584412 117.99442636 126.47970773 149.49442636 119.49442636 105.31980515 132.94112550 142.41168825 128.91168825 115.14518395 114.83452378 147.16904756
18.31066017 21.62132034 19.34924240 27.93198052 21.31066017 26.12132034 18.31066017 20.22792206 21.31066017 23.12132034 22.81066017 0.00000000 40.81066017 7.86396103 24.31066017 18.72792206 24.93198052 24.47056275 16.81066017 17.56066017 27.62132034 60.78122292 37.55330086 23.43198052 56.02386361 35.84924240 34.91726189 41.28122292 44.48528137 44.22792206 51.88782464 50.17462120 55.60660172 60.21320344 55.55330086 46.03858223 89.79594155 74.22792206 73.60660172 76.40254326 72.98528137 84.78122292 90.31980515 90.31980515 90.47056275 110.23706704 95.22792206 103.61574670 125.64518395 126.99442636 125.07716447 158.49442636 132.06244584 114.00914498 141.94112550 119.44112550 137.60102807 123.83452378 123.83452378 156.16904756
7.81066017 27.62132034 30.62132034 17.43198052 19.97056275 32.12132034 7.81066017 35.12132034 10.81066017 29.12132034 31.50000000 40.81066017 0.00000000 36.62132034 14.12132034 26.12132034 21.72792206 30.62132034 6.62132034 25.06066017 17.43198052 69.78122292 46.55330086 30.93198052 71.53858223 25.65990258 43.91726189 48.78122292 53.48528137 34.03858223 45.06244584 57.67462120 45.41726189 81.57716447 64.55330086 53.53858223 108.31980515 64.03858223 82.60660172 66.21320344 81.98528137 92.28122292 80.13046533 90.73706704 97.97056275 88.81980515 104.22792206 112.61574670 115.45584412 135.99442636 124.97970773 167.49442636 117.99442636 103.81980515 150.94112550 128.44112550 127.41168825 113.64518395 132.83452378 165.16904756
14.12132034 27.62132034 23.48528137 23.74264069 17.12132034 32.12132034 14.12132034 27.21320344 17.12132034 15.62132034 18.62132034 7.86396103 36.62132034 0.00000000 20.12132034 11.74264069 20.74264069 17.12132034 12.62132034 11.56066017 23.43198052 56.28122292 33.05330086 17.43198052 58.03858223 31.65990258 30.41726189 35.28122292 39.98528137 40.03858223 47.38782464 44.17462120 71.91168825 54.21320344 51.05330086 40.03858223 83.79594155 89.34366876 69.10660172 90.89696962 68.48528137 78.78122292 105.43555185 85.81980515 84.47056275 105.73706704 90.72792206 99.11574670 140.13961031 122.49442636 120.57716447 153.99442636 127.56244584 128.50357134 137.44112550 114.94112550 152.09545443 138.32895014 119.33452378 151.66904756
17.12132034 11.12132034 14.12132034 26.22792206 14.12132034 15.62132034 15.62132034 18.62132034 22.71320344 12.62132034 11.48528137 24.31066017 14.12132034 20.12132034 0.00000000 9.62132034 14.12132034 14.12132034 9.62132034 8.56066017 20.43198052 53.28122292 59.49442636 14.43198052 55.03858223 28.65990258 27.41726189 32.28122292 36.98528137 37.03858223 48.06244584 41.17462120 48.41726189 65.07716447 71.03300859 37.03858223 91.81980515 67.03858223 66.10660172 69.21320344 65.48528137 75.78122292 83.13046533 93.73706704 81.47056275 91.81980515 120.58630945 96.11574670 118.45584412 119.49442636 127.97970773 150.99442636 120.99442636 106.81980515 134.44112550 143.91168825 130.41168825 116.64518395 116.33452378 148.66904756
3.62132034 3.62132034 6.62132034 13.24264069 6.62132034 8.12132034 3.62132034 11.12132034 6.62132034 5.12132034 8.12132034 18.72792206 26.12132034 11.74264069 9.62132034 0.00000000 10.24264069 6.62132034 2.12132034 1.06066017 12.93198052 45.78122292 22.55330086 6.93198052 47.53858223 21.15990258 19.91726189 24.78122292 29.48528137 29.53858223 36.88782464 33.67462120 61.41168825 57.57716447 40.55330086 29.53858223 84.31980515 78.84366876 58.60660172 80.39696962 57.98528137 68.28122292 94.93555185 75.31980515 73.97056275 95.23706704 80.22792206 88.61574670 129.63961031 111.99442636 110.07716447 143.49442636 117.06244584 118.00357134 126.94112550 104.44112550 141.59545443 127.82895014 108.83452378 141.16904756
8.12132034 11.74264069 14.74264069 17.74264069 27.36396103 16.24264069 8.12132034 19.24264069 11.12132034 13.24264069 12.62132034 24.93198052 21.72792206 20.74264069 14.12132034 10.24264069 0.00000000 14.74264069 6.62132034 9.18198052 17.43198052 53.90254326 30.67462120 15.05330086 55.65990258 25.65990258 28.03858223 32.90254326 37.60660172 34.03858223 45.00914498 41.79594155 45.41726189 65.69848481 48.67462120 37.65990258 92.44112550 64.03858223 66.72792206 66.21320344 66.10660172 76.40254326 80.13046533 83.44112550 82.09188309 88.81980515 88.34924240 96.73706704 115.45584412 120.11574670 118.19848481 151.61574670 117.99442636 103.81980515 135.06244584 112.56244584 127.41168825 113.64518395 116.95584412 149.29036790
8.12132034 35.33452378 11.12132034 17.74264069 11.12132034 12.62132034 8.12132034 22.24264069 11.12132034 9.62132034 12.62132034 24.47056275 30.62132034 17.12132034 14.12132034 6.62132034 14.74264069 0.00000000 6.62132034 5.56066017 17.43198052 50.28122292 27.05330086 11.43198052 44.02386361 55.25178567 24.41726189 29.28122292 33.98528137 34.03858223 41.38782464 38.17462120 65.91168825 48.21320344 45.05330086 34.03858223 77.79594155 83.34366876 63.10660172 84.89696962 62.48528137 72.78122292 99.43555185 79.81980515 78.47056275 99.73706704 84.72792206 92.49442636 134.13961031 116.49442636 114.57716447 147.99442636 121.56244584 122.50357134 131.44112550 108.94112550 146.09545443 132.32895014 113.33452378 145.66904756
5.12132034 3.62132034 6.62132034 13.24264069 6.62132034 8.12132034 3.62132034 11.12132034 6.62132034 5.12132034 8.12132034 16.81066017 6.62132034 12.62132034 9.62132034 2.12132034 6.62132034 6.62132034 0.00000000 1.06066017 12.93198052 45.78122292 22.55330086 6.93198052 47.53858223 21.15990258 19.91726189 24.78122292 29.48528137 29.53858223 40.56244584 33.67462120 40.91726189 57.57716447 63.53300859 29.53858223 84.31980515 59.53858223 58.60660172 61.71320344 57.98528137 68.28122292 75.63046533 86.23706704 73.97056275 84.31980515 80.22792206 88.61574670 110.95584412 111.99442636 120.47970773 143.49442636 113.49442636 99.31980515 126.94112550 104.44112550 122.91168825 109.14518395 108.83452378 141.16904756
2.56066017 2.56066017 5.56066017 12.18198052 5.56066017 7.06066017 2.56066017 26.56066017 5.56066017 4.06066017 7.06066017 17.56066017 25.06066017 11.56066017 8.56066017 1.06066017 9.18198052 5.56066017 1.06066017 0.00000000 11.87132034 55.43376618 21.49264069 5.87132034 38.46320344 49.69112550 18.85660172 23.72056275 28.42462120 28.47792206 35.82716447 32.61396103 60.35102807 42.65254326 39.49264069 28.47792206 72.23528137 77.78300859 57.54594155 79.33630945 56.92462120 67.22056275 93.87489168 74.25914498 72.90990258 94.17640687 79.16726189 86.93376618 128.57895014 110.93376618 109.01650429 142.43376618 116.00178567 116.94291117 125.88046533 103.38046533 140.53479426 126.76828996 107.77386361 140.10838739
15.93198052 14.43198052 17.43198052 24.05330086 17.43198052 18.93198052 14.43198052 21.93198052 17.43198052 15.93198052 18.93198052 27.62132034 17.43198052 23.43198052 20.43198052 12.93198052 17.43198052 17.43198052 12.93198052 11.87132034 0.00000000 56.59188309 61.56244584 17.74264069 58.34924240 28.09188309 64.56244584 35.59188309 40.29594155 23.12132034 50.13046533 44.48528137 41.33452378 68.38782464 73.10102807 40.34924240 95.13046533 61.19848481 96.95027048 63.37310601 68.79594155 79.09188309 77.29036790 87.89696962 84.78122292 85.97970773 114.74621202 99.42640687 112.61574670 150.02743494 122.13961031 181.52743494 115.15432893 100.97970773 164.97413409 138.07159082 124.57159082 110.80508653 146.86753237 179.20205615
47.28122292 47.28122292 50.28122292 56.90254326 50.28122292 62.49442636 47.28122292 54.78122292 50.28122292 59.49442636 51.78122292 60.78122292 69.78122292 56.28122292 53.28122292 45.78122292 53.90254326 50.28122292 45.78122292 55.43376618 56.59188309 0.00000000 54.06244584 49.56244584 18.72792206 72.94112550 37.09188309 54.57716447 22.86396103 93.00914498 50.90254326 42.63046533 82.97970773 41.95584412 43.14518395 65.60102807 81.94112550 100.41168825 57.15990258 92.49442636 55.60660172 81.58630945 116.50357134 73.87310601 87.27564928 93.79036790 77.84924240 86.23706704 126.32895014 109.61574670 107.69848481 141.11574670 114.68376618 114.69291117 124.56244584 102.06244584 138.28479426 123.89696962 106.45584412 138.79036790
24.05330086 24.05330086 27.05330086 33.67462120 27.05330086 28.55330086 53.49442636 31.55330086 27.05330086 25.55330086 57.99442636 37.55330086 46.55330086 33.05330086 59.49442636 22.55330086 30.67462120 27.05330086 22.55330086 21.49264069 61.56244584 54.06244584 0.00000000 27.36396103 55.81980515 33.47056275 16.97056275 45.21320344 37.76650429 54.15990258 23.12132034 54.10660172 44.13046533 65.85838739 41.33452378 49.97056275 92.60102807 61.56244584 66.88782464 63.11574670 66.26650429 99.42640687 77.65432893 83.60102807 94.40254326 85.72234842 88.50914498 96.89696962 112.35838739 120.27564928 118.35838739 151.77564928 114.89696962 100.72234842 135.22234842 112.72234842 124.31423151 110.54772721 117.11574670 149.45027048
8.43198052 8.43198052 11.43198052 18.05330086 11.43198052 12.93198052 8.43198052 32.43198052 11.43198052 9.93198052 12.93198052 23.43198052 30.93198052 17.43198052 14.43198052 6.93198052 15.05330086 11.43198052 6.93198052 5.87132034 17.74264069 49.56244584 27.36396103 0.00000000 32.59188309 55.56244584 24.72792206 20.59188309 47.53858223 34.34924240 41.69848481 26.74264069 66.22234842 36.78122292 45.36396103 28.86396103 68.22792206 83.65432893 73.92640687 85.20762979 72.37310601 63.21320344 99.74621202 90.63961031 68.90254326 110.55687220 94.61574670 82.92640687 143.09545443 126.38225099 124.46498910 157.88225099 131.45027048 131.45941546 141.32895014 118.82895014 155.05129855 140.66347391 123.22234842 155.55687220
49.03858223 41.02386361 52.03858223 58.65990258 52.03858223 45.52386361 49.03858223 65.02386361 52.03858223 42.52386361 53.53858223 56.02386361 71.53858223 58.03858223 55.03858223 47.53858223 55.65990258 44.02386361 47.53858223 38.46320344 58.34924240 18.72792206 55.81980515 32.59188309 0.00000000 74.69848481 38.84924240 37.60660172 20.22792206 94.76650429 52.65990258 25.65990258 84.73706704 24.98528137 44.90254326 48.63046533 69.63046533 102.16904756 50.13046533 85.46498910 48.57716447 64.61574670 112.51828996 66.84366876 70.30508653 86.76093065 70.81980515 79.20762979 119.29951288 102.58630945 100.66904756 134.08630945 107.65432893 107.66347391 117.53300859 95.03300859 131.25535701 116.86753237 99.42640687 131.76093065
24.15990258 22.65990258 25.65990258 32.28122292 25.65990258 27.15990258 22.65990258 30.15990258 25.65990258 24.15990258 27.15990258 35.84924240 25.65990258 31.65990258 28.65990258 21.15990258 25.65990258 55.25178567 21.15990258 49.69112550 28.09188309 72.94112550 33.47056275 55.56244584 74.69848481 0.00000000 36.47056275 73.41168825 56.02386361 24.72792206 22.03858223 94.76650429 23.48528137 84.11574670 45.00914498 78.16904756 110.85838739 41.79594155 76.92640687 43.34924240 85.81980515 117.68376618 57.88782464 67.87310601 139.41168825 65.95584412 94.72234842 115.15432893 92.59188309 130.00357134 102.11574670 161.50357134 95.13046533 80.95584412 144.95027048 118.04772721 104.54772721 90.78122292 126.84366876 159.17819254
21.41726189 21.41726189 24.41726189 31.03858223 24.41726189 25.91726189 21.41726189 28.91726189 24.41726189 22.91726189 25.91726189 34.91726189 43.91726189 30.41726189 27.41726189 19.91726189 28.03858223 24.41726189 19.91726189 18.85660172 64.56244584 37.09188309 16.97056275 24.72792206 38.84924240 36.47056275 0.00000000 42.57716447 20.79594155 57.15990258 22.60660172 59.53858223 47.13046533 48.88782464 24.36396103 47.33452378 75.63046533 64.56244584 49.91726189 66.11574670 49.29594155 82.45584412 80.65432893 66.63046533 104.18376618 88.72234842 71.53858223 79.92640687 115.35838739 103.30508653 101.38782464 134.80508653 108.37310601 103.72234842 118.25178567 95.75178567 127.31423151 113.54772721 100.14518395 132.47970773
26.28122292 26.28122292 29.28122292 35.90254326 29.28122292 30.78122292 26.28122292 50.28122292 29.28122292 27.78122292 30.78122292 41.28122292 48.78122292 35.28122292 32.28122292 24.78122292 32.90254326 29.28122292 24.78122292 23.72056275 35.59188309 54.57716447 45.21320344 20.59188309 37.60660172 73.41168825 42.57716447 0.00000000 52.55330086 52.19848481 59.54772721 22.97056275 84.07159082 41.79594155 77.53858223 12.62132034 54.41726189 101.50357134 78.94112550 114.27564928 77.38782464 49.40254326 117.59545443 95.65432893 54.47056275 115.57159082 88.04772721 69.11574670 148.11017306 113.91168825 112.92640687 145.41168825 119.91168825 136.47413409 128.85838739 107.29036790 160.06601718 145.67819254 110.44112550 143.08630945
30.98528137 30.98528137 33.98528137 40.60660172 33.98528137 35.48528137 30.98528137 38.48528137 33.98528137 32.48528137 35.48528137 44.48528137 53.48528137 39.98528137 36.98528137 29.48528137 37.60660172 33.98528137 29.48528137 28.42462120 40.29594155 22.86396103 37.76650429 47.53858223 20.22792206 56.02386361 20.79594155 52.55330086 0.00000000 76.09188309 33.98528137 39.98528137 66.06244584 28.09188309 26.22792206 62.95584412 59.07716447 83.49442636 34.29594155 69.63046533 32.74264069 65.90254326 96.68376618 51.00914498 84.63046533 70.92640687 54.98528137 63.37310601 103.46498910 86.75178567 84.83452378 118.25178567 91.81980515 91.82895014 101.69848481 79.19848481 115.42083323 101.03300859 83.59188309 115.92640687
32.53858223 31.03858223 34.03858223 40.65990258 34.03858223 35.53858223 31.03858223 38.53858223 34.03858223 32.53858223 35.53858223 44.22792206 34.03858223 40.03858223 37.03858223 29.53858223 34.03858223 34.03858223 29.53858223 28.47792206 23.12132034 93.00914498 54.15990258 34.34924240 94.76650429 24.72792206 57.15990258 52.19848481 76.09188309 0.00000000 42.10660172 61.09188309 19.97056275 104.18376618 65.07716447 56.95584412 113.08630945 38.95584412 74.70762979 41.13046533 83.60102807 119.91168825 55.04772721 65.65432893 141.63961031 63.73706704 92.50357134 117.38225099 90.37310601 127.78479426 99.89696962 159.28479426 92.91168825 78.73706704 142.73149340 115.82895014 102.32895014 88.56244584 124.62489168 156.95941546
43.56244584 38.38782464 41.38782464 51.68376618 41.38782464 42.88782464 42.06244584 45.88782464 45.06244584 39.88782464 46.56244584 51.88782464 45.06244584 47.38782464 48.06244584 36.88782464 45.00914498 41.38782464 40.56244584 35.82716447 50.13046533 50.90254326 23.12132034 41.69848481 52.65990258 22.03858223 22.60660172 59.54772721 33.98528137 42.10660172 0.00000000 72.72792206 32.07716447 62.07716447 22.97056275 64.30508653 88.81980515 49.50914498 63.10660172 51.06244584 62.48528137 95.64518395 65.60102807 75.58630945 117.37310601 73.66904756 84.72792206 93.11574670 100.30508653 116.49442636 109.82895014 147.99442636 102.84366876 88.66904756 131.44112550 108.94112550 112.26093065 98.49442636 113.33452378 145.66904756
35.17462120 35.17462120 38.17462120 44.79594155 38.17462120 39.67462120 35.17462120 59.17462120 38.17462120 36.67462120 39.67462120 50.17462120 57.67462120 44.17462120 41.17462120 33.67462120 41.79594155 38.17462120 33.67462120 32.61396103 44.48528137 42.63046533 54.10660172 26.74264069 25.65990258 94.76650429 59.53858223 22.97056275 39.98528137 61.09188309 72.72792206 0.00000000 104.80508653 29.22792206 64.97056275 25.60660172 44.84924240 122.23706704 66.37310601 101.70762979 64.81980515 39.83452378 128.76093065 83.08630945 45.52386361 103.00357134 78.47970773 59.54772721 135.54215357 104.34366876 103.35838739 135.84366876 110.34366876 123.90611460 119.29036790 97.72234842 147.49799769 133.11017306 100.87310601 133.51828996
43.91726189 42.41726189 45.41726189 52.03858223 45.41726189 46.91726189 42.41726189 49.91726189 45.41726189 64.41168825 46.91726189 55.60660172 45.41726189 71.91168825 48.41726189 61.41168825 45.41726189 65.91168825 40.91726189 60.35102807 41.33452378 82.97970773 44.13046533 66.22234842 84.73706704 23.48528137 47.13046533 84.07159082 66.06244584 19.97056275 32.07716447 104.80508653 0.00000000 94.15432893 55.04772721 88.82895014 93.99442636 19.86396103 55.61574670 22.03858223 64.50914498 100.81980515 35.95584412 46.56244584 122.54772721 44.64518395 73.41168825 98.29036790 71.28122292 108.69291117 80.80508653 140.19291117 73.81980515 59.64518395 123.63961031 96.73706704 83.23706704 69.47056275 105.53300859 137.86753237
59.07716447 45.21320344 62.07716447 68.69848481 62.07716447 49.71320344 59.07716447 69.21320344 62.07716447 46.71320344 63.57716447 60.21320344 81.57716447 54.21320344 65.07716447 57.57716447 65.69848481 48.21320344 57.57716447 42.65254326 68.38782464 41.95584412 65.85838739 36.78122292 24.98528137 84.11574670 48.88782464 41.79594155 28.09188309 104.18376618 62.07716447 29.22792206 94.15432893 0.00000000 54.31980515 52.19848481 68.07716447 105.47970773 43.29594155 78.63046533 41.74264069 68.18376618 105.68376618 60.00914498 73.87310601 79.92640687 63.98528137 72.37310601 112.46498910 95.75178567 93.83452378 127.25178567 100.81980515 100.82895014 110.69848481 88.19848481 124.42083323 110.03300859 92.59188309 124.92640687
66.53300859 42.05330086 45.05330086 51.67462120 45.05330086 46.55330086 65.03300859 49.55330086 45.05330086 43.55330086 69.53300859 55.55330086 64.55330086 51.05330086 71.03300859 40.55330086 48.67462120 45.05330086 63.53300859 39.49264069 73.10102807 43.14518395 41.33452378 45.36396103 44.90254326 45.00914498 24.36396103 77.53858223 26.22792206 65.07716447 22.97056275 64.97056275 55.04772721 54.31980515 0.00000000 87.94112550 81.06244584 72.47970773 55.34924240 74.03300859 54.72792206 87.88782464 88.57159082 72.06244584 109.61574670 91.97970773 76.97056275 85.35838739 123.27564928 108.73706704 106.81980515 140.23706704 113.80508653 111.63961031 123.68376618 101.18376618 135.23149340 121.46498910 105.57716447 137.91168825
31.03858223 31.03858223 34.03858223 40.65990258 34.03858223 35.53858223 31.03858223 55.03858223 34.03858223 32.53858223 35.53858223 46.03858223 53.53858223 40.03858223 37.03858223 29.53858223 37.65990258 34.03858223 29.53858223 28.47792206 40.34924240 65.60102807 49.97056275 28.86396103 48.63046533 78.16904756 47.33452378 12.62132034 62.95584412 56.95584412 64.30508653 25.60660172 88.82895014 52.19848481 87.94112550 0.00000000 42.05330086 106.26093065 86.85838739 112.25178567 67.50914498 37.03858223 139.30508653 90.11574670 42.10660172 113.54772721 75.68376618 56.75178567 146.08630945 101.54772721 100.56244584 133.04772721 107.54772721 134.45027048 116.49442636 94.92640687 158.04215357 134.70762979 98.07716447 130.72234842
85.81980515 74.79594155 88.81980515 95.44112550 88.81980515 79.29594155 85.81980515 98.79594155 88.81980515 76.29594155 90.31980515 89.79594155 108.31980515 83.79594155 91.81980515 84.31980515 92.44112550 77.79594155 84.31980515 72.23528137 95.13046533 81.94112550 92.60102807 68.22792206 69.63046533 110.85838739 75.63046533 54.41726189 59.07716447 113.08630945 88.81980515 44.84924240 93.99442636 68.07716447 81.06244584 42.05330086 0.00000000 102.31980515 50.07716447 75.47056275 30.72792206 24.83452378 102.52386361 53.33452378 46.56244584 76.76650429 38.90254326 35.48528137 109.30508653 64.76650429 63.78122292 96.26650429 70.76650429 97.66904756 79.71320344 58.14518395 121.26093065 97.92640687 61.29594155 93.94112550
62.53858223 61.03858223 64.03858223 70.65990258 64.03858223 65.53858223 61.03858223 68.53858223 64.03858223 81.84366876 65.53858223 74.22792206 64.03858223 89.34366876 67.03858223 78.84366876 64.03858223 83.34366876 59.53858223 77.78300859 61.19848481 100.41168825 61.56244584 83.65432893 102.16904756 41.79594155 64.56244584 101.50357134 83.49442636 38.95584412 49.50914498 122.23706704 19.86396103 105.47970773 72.47970773 106.26093065 102.31980515 0.00000000 63.94112550 26.84924240 72.83452378 109.14518395 22.24264069 54.88782464 130.87310601 47.69848481 81.73706704 106.61574670 69.06244584 117.01828996 78.58630945 148.51828996 71.60102807 57.42640687 131.96498910 94.51828996 81.01828996 67.25178567 105.63961031 146.19291117
60.10660172 60.10660172 63.10660172 69.72792206 63.10660172 64.60660172 60.10660172 67.60660172 63.10660172 61.60660172 64.60660172 73.60660172 82.60660172 69.10660172 66.10660172 58.60660172 66.72792206 63.10660172 58.60660172 57.54594155 96.95027048 57.15990258 66.88782464 73.92640687 50.13046533 76.92640687 49.91726189 78.94112550 34.29594155 74.70762979 63.10660172 66.37310601 55.61574670 43.29594155 55.34924240 86.85838739 50.07716447 63.94112550 0.00000000 37.09188309 19.34924240 56.90254326 64.14518395 22.86396103 78.63046533 38.38782464 38.95584412 54.37310601 70.92640687 70.72234842 68.80508653 102.22234842 72.84366876 59.29036790 85.66904756 63.16904756 82.88225099 68.49442636 67.56244584 99.89696962
64.71320344 63.21320344 66.21320344 72.83452378 66.21320344 67.71320344 63.21320344 70.71320344 66.21320344 83.39696962 67.71320344 76.40254326 66.21320344 90.89696962 69.21320344 80.39696962 66.21320344 84.89696962 61.71320344 79.33630945 63.37310601 92.49442636 63.11574670 85.20762979 85.46498910 43.34924240 66.11574670 114.27564928 69.63046533 41.13046533 51.06244584 101.70762979 22.03858223 78.63046533 74.03300859 112.25178567 75.47056275 26.84924240 37.09188309 0.00000000 45.98528137 82.29594155 29.84924240 28.03858223 104.02386361 22.60660172 54.88782464 79.76650429 49.24264069 90.16904756 58.76650429 121.66904756 51.78122292 37.60660172 105.11574670 74.69848481 61.19848481 47.43198052 85.81980515 119.34366876
59.48528137 59.48528137 62.48528137 69.10660172 62.48528137 63.98528137 59.48528137 66.98528137 62.48528137 60.98528137 63.98528137 72.98528137 81.98528137 68.48528137 65.48528137 57.98528137 66.10660172 62.48528137 57.98528137 56.92462120 68.79594155 55.60660172 66.26650429 72.37310601 48.57716447 85.81980515 49.29594155 77.38782464 32.74264069 83.60102807 62.48528137 64.81980515 64.50914498 41.74264069 54.72792206 67.50914498 30.72792206 72.83452378 19.34924240 45.98528137 0.00000000 37.55330086 73.03858223 23.84924240 59.28122292 47.28122292 22.24264069 35.02386361 79.81980515 54.00914498 52.09188309 85.50914498 59.07716447 68.18376618 68.95584412 46.45584412 91.77564928 77.38782464 50.84924240 83.18376618
69.78122292 69.78122292 72.78122292 79.40254326 72.78122292 74.28122292 69.78122292 93.78122292 72.78122292 71.28122292 74.28122292 84.78122292 92.28122292 78.78122292 75.78122292 68.28122292 76.40254326 72.78122292 68.28122292 67.22056275 79.09188309 81.58630945 99.42640687 63.21320344 64.61574670 117.68376618 82.45584412 49.40254326 65.90254326 119.91168825 95.64518395 39.83452378 100.81980515 68.18376618 87.88782464 37.03858223 24.83452378 109.14518395 56.90254326 82.29594155 37.55330086 0.00000000 109.34924240 60.15990258 21.72792206 83.59188309 45.10660172 21.47056275 116.13046533 70.97056275 69.98528137 102.47056275 76.97056275 104.49442636 85.91726189 64.34924240 128.08630945 104.13046533 67.50000000 100.14518395
78.63046533 77.13046533 80.13046533 86.75178567 80.13046533 81.63046533 77.13046533 84.63046533 80.13046533 97.93555185 81.63046533 90.31980515 80.13046533 105.43555185 83.13046533 94.93555185 80.13046533 99.43555185 75.63046533 93.87489168 77.29036790 116.50357134 77.65432893 99.74621202 112.51828996 57.88782464 80.65432893 117.59545443 96.68376618 55.04772721 65.60102807 128.76093065 35.95584412 105.68376618 88.57159082 139.30508653 102.52386361 22.24264069 64.14518395 29.84924240 73.03858223 109.34924240 0.00000000 54.47056275 131.07716447 36.72792206 81.31980515 106.81980515 58.09188309 112.72234842 67.61574670 144.22234842 60.63046533 46.45584412 127.66904756 83.54772721 70.04772721 56.28122292 94.66904756 141.89696962
89.23706704 76.81980515 79.81980515 97.35838739 79.81980515 81.31980515 87.73706704 84.31980515 90.73706704 78.31980515 92.23706704 90.31980515 90.73706704 85.81980515 93.73706704 75.31980515 83.44112550 79.81980515 86.23706704 74.25914498 87.89696962 73.87310601 83.60102807 90.63961031 66.84366876 67.87310601 66.63046533 95.65432893 51.00914498 65.65432893 75.58630945 83.08630945 46.56244584 60.00914498 72.06244584 90.11574670 53.33452378 54.88782464 22.86396103 28.03858223 23.84924240 60.15990258 54.47056275 0.00000000 81.88782464 28.71320344 26.84924240 57.63046533 61.25178567 62.13046533 60.21320344 93.63046533 63.16904756 49.61574670 77.07716447 54.57716447 73.20762979 58.81980515 58.97056275 91.30508653
75.47056275 75.47056275 78.47056275 85.09188309 78.47056275 79.97056275 75.47056275 99.47056275 78.47056275 76.97056275 79.97056275 90.47056275 97.97056275 84.47056275 81.47056275 73.97056275 82.09188309 78.47056275 73.97056275 72.90990258 84.78122292 87.27564928 94.40254326 68.90254326 70.30508653 139.41168825 104.18376618 54.47056275 84.63046533 141.63961031 117.37310601 45.52386361 122.54772721 73.87310601 109.61574670 42.10660172 46.56244584 130.87310601 78.63046533 104.02386361 59.28122292 21.72792206 131.07716447 81.88782464 0.00000000 105.31980515 66.83452378 33.10660172 137.85838739 92.69848481 91.71320344 124.19848481 98.69848481 126.22234842 107.64518395 86.07716447 149.81423151 125.85838739 89.22792206 121.87310601
87.31980515 96.73706704 99.73706704 95.44112550 88.81980515 101.23706704 85.81980515 104.23706704 88.81980515 98.23706704 90.31980515 110.23706704 88.81980515 105.73706704 91.81980515 95.23706704 88.81980515 99.73706704 84.31980515 94.17640687 85.97970773 93.79036790 85.72234842 110.55687220 86.76093065 65.95584412 88.72234842 115.57159082 70.92640687 63.73706704 73.66904756 103.00357134 44.64518395 79.92640687 91.97970773 113.54772721 76.76650429 47.69848481 38.38782464 22.60660172 47.28122292 83.59188309 36.72792206 28.71320344 105.31980515 0.00000000 55.56244584 81.06244584 35.17462120 89.18376618 44.07716447 120.68376618 37.09188309 23.53858223 104.13046533 60.00914498 47.13046533 32.74264069 71.13046533 118.35838739
81.72792206 81.72792206 84.72792206 91.34924240 84.72792206 86.22792206 114.58630945 89.22792206 84.72792206 83.22792206 119.08630945 95.22792206 104.22792206 90.72792206 120.58630945 80.22792206 88.34924240 84.72792206 80.22792206 79.16726189 114.74621202 77.84924240 88.50914498 94.61574670 70.81980515 94.72234842 71.53858223 88.04772721 54.98528137 92.50357134 84.72792206 78.47970773 73.41168825 63.98528137 76.97056275 75.68376618 38.90254326 81.73706704 38.95584412 54.88782464 22.24264069 45.10660172 81.31980515 26.84924240 66.83452378 55.56244584 0.00000000 42.57716447 88.10102807 35.28122292 33.36396103 66.78122292 40.34924240 72.47056275 50.22792206 27.72792206 98.38782464 67.50914498 32.12132034 64.45584412
90.11574670 89.49442636 93.11574670 99.73706704 93.11574670 93.99442636 90.11574670 113.49442636 93.11574670 90.99442636 94.61574670 103.61574670 112.61574670 99.11574670 96.11574670 88.61574670 96.73706704 92.49442636 88.61574670 86.93376618 99.42640687 86.23706704 96.89696962 82.92640687 79.20762979 115.15432893 79.92640687 69.11574670 63.37310601 117.38225099 93.11574670 59.54772721 98.29036790 72.37310601 85.35838739 56.75178567 35.48528137 106.61574670 54.37310601 79.76650429 35.02386361 21.47056275 106.81980515 57.63046533 33.10660172 81.06244584 42.57716447 0.00000000 113.60102807 68.44112550 67.45584412 99.94112550 74.44112550 101.96498910 83.38782464 61.81980515 125.55687220 101.60102807 64.97056275 97.61574670
113.95584412 112.45584412 115.45584412 122.07716447 115.45584412 116.95584412 112.45584412 119.95584412 115.45584412 132.63961031 116.95584412 125.64518395 115.45584412 140.13961031 118.45584412 129.63961031 115.45584412 134.13961031 110.95584412 128.57895014 112.61574670 126.32895014 112.35838739 143.09545443 119.29951288 92.59188309 115.35838739 148.11017306 103.46498910 90.37310601 100.30508653 135.54215357 71.28122292 112.46498910 123.27564928 146.08630945 109.30508653 69.06244584 70.92640687 49.24264069 79.81980515 116.13046533 58.09188309 61.25178567 137.85838739 35.17462120 88.10102807 113.60102807 0.00000000 105.94112550 60.83452378 137.44112550 53.84924240 22.60660172 120.88782464 76.76650429 19.86396103 38.07716447 87.88782464 135.11574670
113.49442636 113.49442636 116.49442636 123.11574670 116.49442636 117.99442636 113.49442636 120.99442636 116.49442636 114.99442636 117.99442636 126.99442636 135.99442636 122.49442636 119.49442636 111.99442636 120.11574670 116.49442636 111.99442636 110.93376618 150.02743494 109.61574670 120.27564928 126.38225099 102.58630945 130.00357134 103.30508653 113.91168825 86.75178567 127.78479426 116.49442636 104.34366876 108.69291117 95.75178567 108.73706704 101.54772721 64.76650429 117.01828996 70.72234842 90.16904756 54.00914498 70.97056275 112.72234842 62.13046533 92.69848481 89.18376618 35.28122292 68.44112550 105.94112550 0.00000000 47.59188309 35.74264069 52.09188309 84.21320344 24.47056275 31.03858223 110.13046533 79.25178567 26.28122292 38.69848481
123.47970773 111.57716447 114.57716447 131.60102807 114.57716447 116.07716447 121.97970773 119.07716447 124.97970773 113.07716447 126.47970773 125.07716447 124.97970773 120.57716447 127.97970773 110.07716447 118.19848481 114.57716447 120.47970773 109.01650429 122.13961031 107.69848481 118.35838739 124.46498910 100.66904756 102.11574670 101.38782464 112.92640687 84.83452378 99.89696962 109.82895014 103.35838739 80.80508653 93.83452378 106.81980515 100.56244584 63.78122292 78.58630945 68.80508653 58.76650429 52.09188309 69.98528137 67.61574670 60.21320344 91.71320344 44.07716447 33.36396103 67.45584412 60.83452378 47.59188309 0.00000000 79.09188309 7.86396103 39.10660172 62.53858223 22.60660172 65.02386361 34.14518395 34.45584412 76.76650429
144.99442636 144.99442636 147.99442636 154.61574670 147.99442636 149.49442636 144.99442636 152.49442636 147.99442636 146.49442636 149.49442636 158.49442636 167.49442636 153.99442636 150.99442636 143.49442636 151.61574670 147.99442636 143.49442636 142.43376618 181.52743494 141.11574670 151.77564928 157.88225099 134.08630945 161.50357134 134.80508653 145.41168825 118.25178567 159.28479426 147.99442636 135.84366876 140.19291117 127.25178567 140.23706704 133.04772721 96.26650429 148.51828996 102.22234842 121.66904756 85.50914498 102.47056275 144.22234842 93.63046533 124.19848481 120.68376618 66.78122292 99.94112550 137.44112550 35.74264069 79.09188309 0.00000000 83.59188309 115.71320344 18.72792206 62.53858223 141.63046533 110.75178567 57.78122292 13.24264069
116.49442636 118.56244584 121.56244584 124.61574670 117.99442636 123.06244584 114.99442636 126.06244584 117.99442636 120.06244584 119.49442636 132.06244584 117.99442636 127.56244584 120.99442636 117.06244584 117.99442636 121.56244584 113.49442636 116.00178567 115.15432893 114.68376618 114.89696962 131.45027048 107.65432893 95.13046533 108.37310601 119.91168825 91.81980515 92.91168825 102.84366876 110.34366876 73.81980515 100.81980515 113.80508653 107.54772721 70.76650429 71.60102807 72.84366876 51.78122292 59.07716447 76.97056275 60.63046533 63.16904756 98.69848481 37.09188309 40.34924240 74.44112550 53.84924240 52.09188309 7.86396103 83.59188309 0.00000000 32.12132034 67.03858223 24.47056275 58.03858223 27.15990258 35.59188309 81.26650429
102.31980515 100.81980515 103.81980515 110.44112550 103.81980515 105.31980515 100.81980515 108.31980515 103.81980515 121.00357134 105.31980515 114.00914498 103.81980515 128.50357134 106.81980515 118.00357134 103.81980515 122.50357134 99.31980515 116.94291117 100.97970773 114.69291117 100.72234842 131.45941546 107.66347391 80.95584412 103.72234842 136.47413409 91.82895014 78.73706704 88.66904756 123.90611460 59.64518395 100.82895014 111.63961031 134.45027048 97.66904756 57.42640687 59.29036790 37.60660172 68.18376618 104.49442636 46.45584412 49.61574670 126.22234842 23.53858223 72.47056275 101.96498910 22.60660172 84.21320344 39.10660172 115.71320344 32.12132034 0.00000000 99.15990258 55.03858223 26.22792206 16.34924240 66.15990258 113.38782464
128.44112550 128.44112550 131.44112550 138.06244584 131.44112550 132.94112550 128.44112550 135.94112550 131.44112550 129.94112550 132.94112550 141.94112550 150.94112550 137.44112550 134.44112550 126.94112550 135.06244584 131.44112550 126.94112550 125.88046533 164.97413409 124.56244584 135.22234842 141.32895014 117.53300859 144.95027048 118.25178567 128.85838739 101.69848481 142.73149340 131.44112550 119.29036790 123.63961031 110.69848481 123.68376618 116.49442636 79.71320344 131.96498910 85.66904756 105.11574670 68.95584412 85.91726189 127.66904756 77.07716447 107.64518395 104.13046533 50.22792206 83.38782464 120.88782464 24.47056275 62.53858223 18.72792206 67.03858223 99.15990258 0.00000000 45.36396103 125.07716447 94.19848481 40.60660172 14.22792206
105.94112550 105.94112550 108.94112550 115.56244584 108.94112550 110.44112550 137.91168825 113.44112550 108.94112550 107.44112550 142.41168825 119.44112550 128.44112550 114.94112550 143.91168825 104.44112550 112.56244584 108.94112550 104.44112550 103.38046533 138.07159082 102.06244584 112.72234842 118.82895014 95.03300859 118.04772721 95.75178567 107.29036790 79.19848481 115.82895014 108.94112550 97.72234842 96.73706704 88.19848481 101.18376618 94.92640687 58.14518395 94.51828996 63.16904756 74.69848481 46.45584412 64.34924240 83.54772721 54.57716447 86.07716447 60.00914498 27.72792206 61.81980515 76.76650429 31.03858223 22.60660172 62.53858223 24.47056275 55.03858223 45.36396103 0.00000000 80.33452378 49.45584412 13.60660172 59.59188309
125.91168825 124.41168825 127.41168825 134.03300859 127.41168825 128.91168825 124.41168825 131.91168825 127.41168825 144.59545443 128.91168825 137.60102807 127.41168825 152.09545443 130.41168825 141.59545443 127.41168825 146.09545443 122.91168825 140.53479426 124.57159082 138.28479426 124.31423151 155.05129855 131.25535701 104.54772721 127.31423151 160.06601718 115.42083323 102.32895014 112.26093065 147.49799769 83.23706704 124.42083323 135.23149340 158.04215357 121.26093065 81.01828996 82.88225099 61.19848481 91.77564928 128.08630945 70.04772721 73.20762979 149.81423151 47.13046533 98.38782464 125.55687220 19.86396103 110.13046533 65.02386361 141.63046533 58.03858223 26.22792206 125.07716447 80.33452378 0.00000000 34.24264069 91.45584412 139.30508653
112.14518395 110.64518395 113.64518395 120.26650429 113.64518395 115.14518395 110.64518395 118.14518395 113.64518395 130.82895014 115.14518395 123.83452378 113.64518395 138.32895014 116.64518395 127.82895014 113.64518395 132.32895014 109.14518395 126.76828996 110.80508653 123.89696962 110.54772721 140.66347391 116.86753237 90.78122292 113.54772721 145.67819254 101.03300859 88.56244584 98.49442636 133.11017306 69.47056275 110.03300859 121.46498910 134.70762979 97.92640687 67.25178567 68.49442636 47.43198052 77.38782464 104.13046533 56.28122292 58.81980515 125.85838739 32.74264069 67.50914498 101.60102807 38.07716447 79.25178567 34.14518395 110.75178567 27.15990258 16.34924240 94.19848481 49.45584412 34.24264069 0.00000000 60.57716447 108.42640687
110.33452378 110.33452378 113.33452378 119.95584412 113.33452378 114.83452378 110.33452378 117.83452378 113.33452378 111.83452378 114.83452378 123.83452378 132.83452378 119.33452378 116.33452378 108.83452378 116.95584412 113.33452378 108.83452378 107.77386361 146.86753237 106.45584412 117.11574670 123.22234842 99.42640687 126.84366876 100.14518395 110.44112550 83.59188309 124.62489168 113.33452378 100.87310601 105.53300859 92.59188309 105.57716447 98.07716447 61.29594155 105.63961031 67.56244584 85.81980515 50.84924240 67.50000000 94.66904756 58.97056275 89.22792206 71.13046533 32.12132034 64.97056275 87.88782464 26.28122292 34.45584412 57.78122292 35.59188309 66.15990258 40.60660172 13.60660172 91.45584412 60.57716447 0.00000000 54.83452378
142.66904756 142.66904756 145.66904756 152.29036790 145.66904756 147.16904756 142.66904756 150.16904756 145.66904756 144.16904756 147.16904756 156.16904756 165.16904756 151.66904756 148.66904756 141.16904756 149.29036790 145.66904756 141.16904756 140.10838739 179.20205615 138.79036790 149.45027048 155.55687220 131.76093065 159.17819254 132.47970773 143.08630945 115.92640687 156.95941546 145.66904756 133.51828996 137.86753237 124.92640687 137.91168825 130.72234842 93.94112550 146.19291117 99.89696962 119.34366876 83.18376618 100.14518395 141.89696962 91.30508653 121.87310601 118.35838739 64.45584412 97.61574670 135.11574670 38.69848481 76.76650429 13.24264069 81.26650429 113.38782464 14.22792206 59.59188309 139.30508653 108.42640687 54.83452378 0.00000000
