0.00000000 52.73535117 40.15966690 10.57209876 28.32331006 59.56219641 6.00091997 52.97481546 16.43604125 63.51626127 12.37038453 43.83886678 19.30110696 42.19261961 18.93967025 35.44069690 28.72556200 50.45947551 19.21729916 51.18704387 26.50509420 71.35416565 53.82116711 55.37997175 72.24122771 32.12305038 51.39625742 68.07800791 59.66869461 37.80005605 47.05214475 74.22353747 46.07298849 79.55690347 63.35821497 79.69452973 101.15869140 60.39240493 82.15878713 61.60789299 81.17388314 99.55733160 71.26970242 80.10311430 103.63938662 77.70609717 97.02780941 104.34852221 98.03891736 121.60386334 105.12580148 143.52934282 100.14594840 88.97619323 131.94608993 114.87208706 105.90770309 96.14793129 118.17838467 142.18334315
52.73535117 0.00000000 16.98242629 49.91360431 33.06689375 10.44133721 52.55718374 14.12086102 44.04428703 14.39540208 53.46081469 24.76455150 39.18904964 30.14919436 46.39419659 23.60353151 30.46142666 24.88376818 37.81978126 21.95336956 48.00989080 59.52291760 41.98400172 27.47575479 51.48352673 53.30454864 39.55282952 39.85049261 47.83152922 59.31203032 51.48206484 46.31932051 67.25448675 54.91189588 54.16888268 51.46701444 76.16733821 81.57390319 70.32162174 82.78939125 69.33671776 71.33699397 92.45120068 81.63220219 75.41187132 97.10732007 85.19064402 85.53320390 119.21323795 109.76669795 107.69130617 131.69217743 111.99482011 110.15051382 120.10892455 103.03492167 127.08202367 117.32225188 106.34121928 130.34617776
40.15966690 16.98242629 0.00000000 37.33792004 20.49120948 23.80927153 39.98149947 17.22189057 31.46860275 27.76333639 40.88513042 13.63211328 26.61336537 16.52734056 33.81851231 11.02784724 17.88574238 26.04662585 25.24409699 26.77419421 35.43420652 46.94723332 29.40831745 30.96712209 47.83555572 40.72886437 26.97593712 43.66515825 35.25584495 46.72916838 38.90638057 49.81068781 54.67880247 55.15123148 41.59319840 55.28168007 76.74584174 68.99821891 57.74593747 70.21370698 56.76103348 75.14448194 79.87551641 69.05651791 79.22653695 84.53163580 72.61495974 79.93567255 106.63755368 97.19101367 95.11562190 119.11649315 99.41913584 97.57482954 107.53324027 90.45923740 114.50633940 104.74656760 93.76553501 117.77049349
10.57209876 49.91360431 37.33792004 0.00000000 25.50156320 56.74044955 14.30564017 50.15306860 5.99188818 60.69451442 16.90130607 41.01711992 16.47936010 39.37087275 18.37841449 32.61895004 25.90381515 47.63772865 18.67831923 48.36529701 28.86842877 68.53241879 50.99942026 52.55822490 69.41948085 34.16308661 48.57451057 65.25626105 56.84694776 40.16339062 49.09218098 71.40179061 48.11302472 76.74233428 63.18430121 76.87278288 98.33694454 62.43244115 79.33704027 63.64792922 78.35213629 96.73558474 73.30973865 82.14315053 100.81763976 79.74613340 94.20606255 101.52677536 100.07895359 118.78211648 107.16583770 140.70759596 102.18598463 91.01622946 129.12434308 112.05034020 107.94773931 98.18796752 115.35663781 139.36159629
28.32331006 33.06689375 20.49120948 25.50156320 0.00000000 39.89373899 32.05685148 33.30635804 19.63224592 43.84780386 32.94061007 24.49370770 14.01183991 22.84746053 29.35302182 16.09553782 19.20032663 31.11431643 20.77860649 31.84188479 30.96871603 52.01492391 34.47600804 36.03481268 52.90324630 36.27118968 32.04362771 48.73284883 40.32353554 42.26367788 43.97407116 54.88555606 50.22112779 60.21892207 46.66088899 60.34937066 81.81353232 64.54054423 62.81362806 65.75603229 61.82872407 80.21217252 75.41784173 74.12420850 84.29422754 81.85423648 77.68265033 85.00336314 102.18705667 102.25870426 100.18331249 124.18418374 104.29408770 93.12433253 112.60093086 95.52692798 110.05584239 100.29607059 98.83322559 122.83818407
59.56219641 10.44133721 23.80927153 56.74044955 39.89373899 0.00000000 59.38402898 20.94770626 50.87113226 7.26000460 60.28765993 31.59139674 46.01589488 36.97603959 53.22104182 30.43037675 37.28827190 26.68306698 44.64662650 17.92382850 54.83673604 59.74385814 48.61931629 23.44621374 47.45398567 60.13139388 46.19440660 35.82095155 54.14255923 66.13887556 58.11737941 42.28977945 74.08133199 50.88235483 60.80419724 47.43747338 72.13779716 88.40074842 76.63265175 89.61623649 75.64774776 67.30745292 99.27804592 87.94323219 71.38950793 103.41835007 91.50167402 81.51084052 126.04008319 116.07772795 114.00233618 138.00320743 118.30585012 116.97735905 126.41995455 109.34595168 133.90886891 124.14909711 112.65224928 136.65720776
6.00091997 52.55718374 39.98149947 14.30564017 32.05685148 59.38402898 0.00000000 52.79664803 20.16958267 63.33809384 7.77860314 43.66069935 23.03464837 42.01445218 15.82598007 35.26252947 28.54739458 50.28130808 16.10360898 51.00887644 23.39140402 71.17599822 52.02824410 55.20180432 72.06306028 29.00936020 51.21808999 67.89984048 59.49052718 34.68636588 43.93845458 74.04537004 42.95929831 79.37873604 60.24452480 79.51636230 100.98052397 57.27871475 81.98061970 58.49420281 80.99571572 99.37916417 68.15601225 76.98942413 103.46121919 74.59240700 96.09379621 104.18287981 94.92522719 121.42569591 102.01211130 143.35117539 97.03225822 85.86250305 131.76792251 113.30270460 102.79401291 93.03424111 118.00021724 142.00517572
52.97481546 14.12086102 17.22189057 50.15306860 33.30635804 20.94770626 52.79664803 0.00000000 44.28375131 24.90177113 53.70027898 14.15954544 39.42851393 19.04924240 46.63366087 23.84299580 30.70089094 15.59653334 38.05924555 24.27453610 48.24935508 59.76238188 42.22346601 28.46746399 52.47523592 53.54401293 39.79229381 41.16550014 48.07099351 59.55149461 51.72152913 47.31102970 67.49395103 55.90360508 54.40834696 52.78202197 77.48234575 81.81336747 70.56108603 83.02885554 69.57618204 72.64482384 92.69066497 81.87166647 76.72687885 97.34678436 85.43010830 86.84821144 119.45270224 110.00616223 107.93077046 131.93164171 112.23428440 110.38997810 120.34838883 103.27438596 127.32148796 117.56171616 106.58068357 130.58564205
16.43604125 44.04428703 31.46860275 5.99188818 19.63224592 50.87113226 20.16958267 44.28375131 0.00000000 54.82519713 16.90012755 35.14780263 10.61004281 33.50155546 15.92474876 26.74963275 20.03449786 41.76841137 12.80900194 42.49597972 22.99911148 62.66901884 45.13010297 46.68890761 63.55734124 28.29376932 42.70519328 59.38694376 50.97763047 34.29407333 43.22286370 65.53965100 42.24370743 70.87301700 57.31498392 71.00346559 92.46762725 56.56312387 73.46772299 57.77861193 72.48281900 90.86626746 67.44042136 76.27383324 94.94832247 73.87681612 88.33674526 95.66998310 94.20963631 112.91279919 101.29652042 134.83827867 96.31666734 85.14691217 123.25502579 106.18102292 102.07842203 92.31865023 109.48732052 133.49227900
63.51626127 14.39540208 27.76333639 60.69451442 43.84780386 7.26000460 63.33809384 24.90177113 54.82519713 0.00000000 64.24172480 35.54546160 49.96995974 32.70032889 57.17510669 30.50455438 41.24233676 22.15003127 48.60069136 13.39079279 58.79080090 55.21082243 44.08628058 18.91317802 42.92094996 64.08545874 41.66137089 31.28791584 49.60952351 70.09294043 53.58434369 37.75674374 72.08948287 46.34931911 56.27116153 42.90443767 67.60476144 85.71637634 72.09961603 86.29790590 71.11471204 62.77441720 96.59367384 83.41019647 66.85647222 98.88531436 86.96863831 76.97780481 122.72175260 111.54469224 109.46930046 133.47017172 113.77281440 113.65902846 121.88691884 104.81291596 130.59053832 120.83076652 108.11921357 132.12417205
12.37038453 53.46081469 40.88513042 16.90130607 32.94061007 60.28765993 7.77860314 53.70027898 16.90012755 64.24172480 0.00000000 44.56433030 23.60391424 42.91808313 8.03969696 36.16616042 29.45102553 51.18493903 17.00723993 51.91250739 24.29503498 72.07962917 52.93187505 56.10543528 72.96669123 29.91299116 52.12172095 68.80347143 60.39415814 35.58999683 44.84208553 74.94900099 43.86292927 80.28236699 61.14815575 80.41999326 101.88415492 58.18234570 82.88425065 59.39783377 81.89934667 100.28279512 69.05964320 77.89305508 104.36485014 75.49603795 96.99742716 105.07398574 95.82885814 122.32932686 102.91574225 144.25480634 97.93588918 86.76613400 132.67155346 114.20633555 103.69764386 93.93787207 118.90384819 142.90880667
43.83886678 24.76455150 13.63992910 41.01711992 24.49370770 31.59139674 43.66069935 14.15954544 35.14780263 35.54546160 44.56433030 0.00000000 30.29256525 5.50477272 37.49771219 13.36346071 21.56494226 17.15607879 28.92329687 22.31535179 39.11340640 50.32803614 32.78912026 26.50827968 50.51605161 44.40806424 30.35673993 39.20631583 38.63664776 50.41554593 42.28718338 45.35184539 58.35800235 53.94442076 44.97400121 50.82283766 75.52316143 72.67741879 61.12674028 73.89290686 60.14183629 70.69281719 83.55471629 72.43732072 74.76769454 87.91243861 75.99576255 83.31647536 110.31675356 100.57181648 98.49642471 122.49729597 102.79993865 101.25402942 110.91404308 93.84004021 118.18553928 108.42576748 97.14633782 121.15129630
19.30110696 39.18904964 26.61336537 16.47936010 14.01965572 46.01589488 23.03464837 39.42851393 10.61004281 49.96995974 23.60391424 30.29256525 0.00000000 28.64631808 19.27454095 21.89439537 15.24980724 36.91317398 10.70012562 37.64074234 20.89023516 57.81378146 40.27486558 41.83367023 58.70210385 26.18691185 37.84995589 54.53170638 46.12239308 32.18519701 41.11600623 60.68441361 40.13684996 66.01777961 52.45974654 66.14822821 87.61238987 54.45626640 68.61248560 55.67175446 67.62758162 86.01103007 65.33356390 74.16697578 90.09308509 71.76995865 83.48150788 90.81474571 92.10277884 108.05756181 99.18966295 129.98304129 94.20980987 83.04005470 118.39978841 101.32578553 99.97156456 90.21179276 104.63208314 128.63704162
42.19261961 30.14919436 16.53515638 39.37087275 22.84746053 36.97603959 42.01445218 19.04924240 33.50155546 32.70032889 42.91808313 5.50477272 28.64631808 0.00000000 35.85146503 8.46629311 19.91869510 18.58196774 27.27704970 19.30953610 37.46715924 45.06999122 27.85535991 23.50246399 45.95831361 42.76181708 25.39864453 36.20050014 33.37860284 48.76929876 37.35342302 42.34602970 55.85856221 50.93860508 40.04024086 47.81702197 72.51734575 69.48545567 55.86869536 70.06698523 54.88379138 67.68700151 80.36275317 67.17927581 71.76905652 82.65439369 70.73771764 78.07095548 106.49800960 95.31377157 93.23837979 117.23925105 97.54189373 97.43528547 105.65599817 88.58199529 114.36679532 104.60702353 91.88829290 115.89325138
18.93967025 46.39419659 33.81851231 18.37841449 29.35302182 53.22104182 15.82598007 46.63366087 15.92474876 57.17510669 8.03969696 37.49771219 19.25015369 35.85146503 0.00000000 29.09954232 22.38440742 44.11832093 9.94062183 44.84588929 17.22841687 65.01892840 45.86525695 49.03881717 65.90725080 22.84637305 45.05510284 61.73685333 53.32754003 28.52337872 37.77546742 67.88238288 36.79631116 73.22292656 54.08153764 73.35337515 94.81753682 51.11572760 75.81763255 52.33121566 74.83272856 93.21617702 61.99302509 70.82643697 97.29823203 68.42941984 89.93080905 98.01989266 88.76224003 115.26270875 95.84912415 137.18818823 90.86927107 79.69951590 125.60493535 107.13971744 96.63102576 86.87125396 111.83723008 135.84218856
35.44069690 23.60353151 11.02784724 32.61895004 16.09553782 30.43037675 35.26252947 23.84299580 26.74963275 30.50455438 36.16616042 13.35599008 21.89439537 8.46629311 29.09954232 0.00000000 13.16677239 16.38619323 20.52512699 17.11376159 30.71523653 37.28680071 19.74788484 21.30668948 38.16794543 36.00989437 17.29116946 34.00472563 25.59541234 42.01737605 29.24594796 40.15025519 47.75108714 45.48362120 31.93276579 45.62124746 67.08540912 61.37798061 48.08550486 61.95951016 47.10060087 65.49122700 72.25527810 59.39608530 69.57328201 74.87120318 62.96170480 70.28776497 98.39053453 87.53775873 85.46236696 109.46323821 89.76588090 89.32781040 97.87998533 80.80598246 106.25932025 96.49954846 84.11228006 108.11723854
28.72556200 30.46142666 17.88574238 25.90381515 19.20032663 37.28827190 28.54739458 30.70089094 20.03449786 41.24233676 29.45102553 21.56494226 15.24980724 19.91869510 22.38440742 13.16677239 0.00000000 28.18555100 13.80999210 28.91311936 24.00010163 49.08615848 31.54724260 33.10604724 49.97448087 29.29475947 29.11486227 45.80408340 37.39477010 35.29506349 41.04530572 51.95679063 43.24469758 57.29015663 43.73212355 57.42060522 78.88476689 57.56411402 59.88486262 58.77960208 58.89995863 77.28340709 68.44141152 71.19544306 81.36546210 74.87780627 74.75388489 82.08712273 95.21062646 99.32993882 97.25454705 121.25541830 97.31765749 86.14790232 109.67216542 92.59816255 103.07941218 93.31964038 95.90446016 119.90941864
50.45947551 24.92686611 26.04662585 47.63772865 31.11431643 26.68306698 50.28130808 15.58871753 41.76841137 22.15003127 51.18493903 17.15607879 36.91317398 18.58196774 44.11832093 16.38619323 28.18555100 0.00000000 35.54390560 8.75923848 45.73401514 47.18255074 29.96791943 12.95216637 36.95993831 50.16968471 27.53553910 25.65020252 35.49116237 57.03615466 39.46598255 31.79573208 57.97112173 40.38830746 42.15280038 37.26672435 61.96704813 71.59801520 57.98125489 72.17954475 56.99635090 57.13670389 82.47531269 69.29183533 61.21875890 84.76695321 72.85027716 71.34009149 108.60339145 97.42633109 95.35093932 119.35181057 99.65445326 99.54066732 107.76855769 90.69455482 116.47217718 106.71240538 94.00085242 118.00581090
19.21729916 37.81978126 25.24409699 18.67831923 20.80501260 44.64662650 16.10360898 38.05924555 12.80900194 48.60069136 17.00723993 28.92329687 10.70214447 27.27704970 9.94062183 20.52512699 13.80999210 35.54390560 0.00000000 36.27147396 11.55631604 56.44451308 38.90559720 40.46440184 57.33283547 16.85097388 36.48068751 53.16243800 44.75312470 22.85127789 31.78006825 59.31514523 30.80091199 64.64851123 48.07896080 64.77895982 86.24312149 45.12032843 67.24321722 46.33581649 66.25831323 84.64176169 55.99762592 64.83103780 88.72381671 62.43402067 82.11223950 89.44547733 82.76684087 106.68829343 89.85372498 128.61377291 84.87387190 73.70411673 117.03052002 99.95651715 90.63562659 80.87585479 103.26281476 127.26777324
51.18704387 21.95336956 26.77419421 48.36529701 31.84188479 17.92382850 51.00887644 24.27453610 42.49597972 13.39079279 51.91250739 22.31535179 37.64074234 19.30953610 44.84588929 17.11376159 28.91311936 8.75923848 36.27147396 0.00000000 46.46158350 41.82002964 30.69548779 5.52238524 29.53015717 50.89725307 28.26310746 17.89712305 36.21873073 57.76372302 40.19355091 24.36595095 58.69869009 32.95852633 42.88036874 29.51364488 54.21396866 72.32558356 58.70882325 72.90711311 57.72391926 49.38362442 83.20288105 70.01940369 53.46567943 85.49452157 73.57784552 63.58701202 109.33095981 98.15389945 96.07850768 120.07937893 100.38202162 100.26823568 108.49612605 91.42212318 117.19974553 107.43997374 94.72842078 118.73337926
26.50509420 48.00989080 35.43420652 28.86842877 30.96871603 54.83673604 23.39140402 48.24935508 22.99911148 58.79080090 24.29503498 39.11340640 20.86584790 37.46715924 17.22841687 30.71523653 24.00010163 45.73401514 11.55631604 46.46158350 0.00000000 66.62870528 44.63027189 50.65451138 67.52294501 19.93849040 46.49232012 63.35254754 54.94323424 16.38129329 36.54048237 69.49807710 29.36880610 74.83862077 52.84655258 74.96906936 96.43323103 44.53634067 70.67636446 45.75182873 76.44842277 94.83187123 55.41363817 64.24705004 98.91392624 61.85003292 83.35142213 99.63558687 82.18285311 110.27242572 89.26973722 132.19790520 84.28988414 73.12012897 120.61465232 100.56033052 90.05163883 80.29186703 106.84694705 130.85190553
71.32965801 59.49249263 46.91680835 68.50791116 51.98449894 59.74385814 71.15149059 59.73195691 62.63859387 55.21082243 72.05512154 50.29761116 57.78335649 45.03956625 64.98850343 37.25637574 49.05573350 47.15212577 56.41408810 41.82002964 66.60419764 0.00000000 39.34620478 36.32415477 13.46272940 53.61092018 27.29298044 39.65099503 16.28576185 67.55901669 37.07799541 31.57615306 60.77839869 29.75461100 31.94839000 48.01942789 60.28609005 74.40529216 41.91135399 67.36640697 40.30128179 59.84826550 85.28258966 53.22158926 63.93032052 68.69670714 56.16238572 63.48844589 93.40918921 80.73843965 78.66304788 102.66391913 82.96656182 84.34646507 91.08066625 74.00666338 101.27797493 90.88424462 77.31296099 101.31791947
53.82116711 41.98400172 29.40831745 50.99942026 34.47600804 48.61931629 52.02824410 42.22346601 45.13010297 44.08628058 52.93187505 32.78912026 40.27486558 27.85535991 45.86525695 19.74788484 31.54724260 29.96791943 38.90559720 30.69548779 44.63027189 39.38380742 0.00000000 34.88841568 40.26495214 24.69178149 12.05322434 47.58645183 27.69241905 39.26665883 16.33334726 53.73915906 32.49321851 47.58062791 29.33479108 59.20297366 69.18241583 46.12011198 50.18251157 46.70164153 49.19760758 73.64852742 56.99740947 61.49309201 83.14783054 62.79984571 65.05871151 72.37224665 83.13266590 89.63476544 87.55937367 111.56024492 85.23969694 74.06994177 99.97699204 82.90298917 91.00145162 81.24167983 86.20928677 110.21424525
55.37997175 27.47575479 30.96712209 52.55822490 36.03481268 23.44621374 55.20180432 28.46746399 46.68890761 18.91317802 56.10543528 26.50827968 41.83367023 23.50246399 49.03881717 21.30668948 33.10604724 12.95216637 40.46440184 5.52238524 50.65451138 36.32415477 34.88841568 0.00000000 24.03428231 55.09018095 32.45603535 14.49893825 34.64751034 61.95665091 44.38647879 18.87007608 62.89161797 27.46265146 47.07329663 28.46072801 50.20070809 76.51851144 54.74459831 77.10004100 53.13452611 45.37036385 87.39580894 66.05517875 49.45241887 81.53029664 68.99563004 59.57375146 106.24277871 93.57168397 91.49629220 115.49716345 95.79980614 97.18005457 103.91391057 86.83990770 114.11156443 103.71783412 90.14620531 114.15116379
72.24840538 51.49070440 47.83555572 69.42665852 52.90324630 47.46116335 72.07023795 52.48241360 63.55734124 42.92812763 72.97386890 50.52322928 58.70210385 45.95831361 65.90725080 38.17512310 49.97448087 36.96711598 57.33283547 29.53733485 67.52294501 13.46272940 40.27212982 24.03428231 0.00000000 54.52966755 28.21172780 27.36112257 14.24416553 68.47058638 37.99674277 19.28628060 61.69714606 17.67884803 32.86713736 35.72955542 52.38873728 75.32403952 36.79437887 62.25660952 35.18430667 47.55839304 81.28625959 48.10461413 51.64044805 63.57973202 51.03823293 58.37147077 88.29221409 75.61428686 73.53889509 97.53976634 77.84240903 79.22948995 85.95651346 68.88968826 96.16099981 85.76726950 72.18880819 96.19376667
32.12305038 53.30454864 40.72886437 34.16308661 36.28196417 60.13139388 29.00936020 53.54401293 28.29376932 64.08545874 29.91299116 44.40806424 26.17909604 42.76181708 22.84637305 36.00989437 29.29475947 50.16968471 16.85097388 50.89725307 19.93849040 53.64134515 24.69178149 55.09018095 54.52966755 0.00000000 26.55382971 67.78821711 41.31599827 17.30954544 16.60199196 69.66899712 16.60314722 61.21138480 32.90088451 79.40473893 82.80599505 30.78737592 56.29344120 31.36890547 62.23777029 87.27210664 41.66467342 49.86412679 102.01598690 47.46710966 68.96849887 86.00835090 67.78557451 95.88950246 74.87245862 117.81498194 69.89260554 58.72285037 106.23172906 86.16305191 75.65436023 65.90050577 92.46402379 116.46898228
51.40685932 39.56969393 26.99400966 48.58511246 32.06170024 46.20500849 51.22869189 39.80915822 42.71579517 41.67197278 52.13232284 30.37481247 37.86055779 25.44105211 45.06570474 17.33357704 29.13293481 27.55361164 36.49128941 28.28117999 46.49232012 27.32340541 12.05322434 32.47410788 28.20455013 26.55382971 0.00000000 45.17214403 15.63201704 41.12870706 15.85012755 43.98501589 34.35526674 35.52022589 17.30607438 56.78866586 57.12201382 47.98216020 38.12210955 48.56368976 37.13720557 61.58812540 58.85945770 49.43269000 76.33918334 64.66189394 52.99830950 60.32436967 84.99471413 77.57436343 75.49897166 99.49984291 79.80248560 75.93198999 87.91659003 70.84976483 92.86349985 83.10372806 74.14888476 98.15384324
68.07800791 39.85049261 43.66515825 65.25626105 48.73284883 35.82095155 67.89984048 41.16550014 59.38694376 31.28791584 68.80347143 39.20631583 54.53170638 36.20050014 61.73685333 34.00472563 45.80408340 25.65020252 53.16243800 17.89712305 63.35254754 39.65817270 47.58645183 14.49893825 27.36830024 67.78821711 45.16154214 0.00000000 37.98152827 74.65468706 57.08451495 16.16837153 75.58965413 30.79666939 56.72244509 14.24209277 40.58078073 89.21654760 58.08579391 83.54084690 56.47572171 35.74325882 100.09384509 69.39602918 39.19135532 84.87114706 64.75487369 49.94664642 109.58362913 85.36988790 83.92214041 107.29536738 88.22565435 100.52090499 95.71211450 79.26575591 117.45241485 107.05868454 82.13541019 105.94936772
59.66869461 47.83152922 35.25584495 56.84694776 40.32353554 54.14255923 59.49052718 48.07099351 50.97763047 49.60952351 60.39415814 38.63664776 46.12239308 33.37860284 53.32754003 25.59541234 37.39477010 35.49116237 44.75312470 36.21873073 54.94323424 16.31618683 27.68524138 34.64751034 14.23698786 41.31599827 15.63201704 37.97435060 0.00000000 55.26409477 24.78307349 29.26555011 48.48347678 19.91471923 19.65346809 45.70882494 44.38420173 62.11037025 26.00946568 51.47169633 24.39939348 48.85031332 70.50852407 37.31970095 61.61971757 52.79481883 40.24584910 47.58655758 77.50730090 64.82190303 62.74651126 86.74738251 67.05002520 68.44457676 75.16412963 58.09730443 85.37608662 74.98235631 61.39642437 85.40138285
37.80723372 59.31203032 46.73634605 40.17056829 42.28944585 66.13887556 34.69354355 59.55149461 34.30125101 70.09294043 35.59717450 50.41554593 32.18657772 48.76929876 28.53055640 42.01737605 35.30224116 57.03615466 22.85845556 57.76372302 16.41171826 67.58352432 39.27383650 61.95665091 68.47776405 17.30954544 41.13588473 74.65468706 55.26409477 0.00000000 30.55008847 80.80021662 14.14733178 75.15948130 46.84898102 86.27120889 82.96730437 28.81482569 54.95484949 30.03031376 60.89917858 87.43341595 39.69212319 48.52553507 102.64296140 46.12134027 67.62990715 86.15713519 66.44698279 94.55091075 73.53386690 116.47639023 68.55401383 57.38425865 104.89313735 84.82446020 74.31576851 64.53866675 91.12543208 115.13039056
47.05214475 51.48206484 38.90638057 49.09218098 43.97407116 58.11737941 43.93845458 51.72152913 43.22286370 53.58434369 44.84208553 42.28718338 41.11600623 37.35342302 37.77546742 29.24594796 41.04530572 39.46598255 31.78006825 40.19355091 36.53330469 37.11559805 16.33334726 44.38647879 37.99674277 16.60199196 15.85012755 57.08451495 24.79025117 30.54291080 0.00000000 53.14325002 23.76947047 44.67846002 16.37513741 68.70103677 66.28024795 37.39636394 47.28034368 37.97789350 46.29543970 70.74635953 48.27366144 56.47311481 85.49023980 54.07609768 62.15654363 69.47007877 74.40891787 86.73259756 81.49580198 108.65807704 76.51594891 65.34619373 97.07482416 80.00082129 82.27770359 72.51793179 83.30711889 107.31207737
74.23071514 46.32649818 49.81786548 71.40896828 54.88555606 42.29695712 74.05254771 47.31820737 65.53965100 37.76392141 74.95617866 45.35902306 60.68441361 42.35320737 67.88956056 40.15743286 51.95679063 31.80290976 59.31514523 24.37312862 69.50525477 31.57615306 53.73915906 18.87007608 19.28628060 69.67617479 43.99219356 16.16837153 29.26555011 80.80021662 53.14325002 0.00000000 76.84365330 22.08069124 48.00646694 18.45686690 33.92554760 90.47054677 49.36263809 74.81769107 47.75256589 29.08802569 93.85451881 60.67321853 33.17008070 76.14833642 58.09964055 43.29141329 100.86081848 78.71465477 77.26690728 100.64013425 81.57042122 91.79809435 89.05688137 72.61052278 108.72960420 98.33587390 75.48017705 99.29413458
46.07298849 67.25448675 54.67880247 48.11302472 50.23971809 74.08133199 42.95929831 67.49395103 42.24370743 72.08948287 43.86292927 58.35800235 40.13684996 55.85856221 36.79631116 47.75108714 43.24469758 57.97112173 30.80091199 58.69869009 29.32708888 60.80882366 32.49321851 62.89161797 61.69714606 16.57872680 34.35526674 75.58965413 48.48347678 14.14733178 23.76947047 76.83647563 0.00000000 68.37886331 40.06836302 87.20617595 69.39655107 15.24407239 41.38409619 16.45956046 47.32842528 73.86266265 26.12136989 34.95478177 89.07938577 32.55058697 54.05915385 72.59890691 52.88340716 80.98015744 59.97746894 102.90563692 54.99761586 43.82068302 91.32238404 71.26806224 60.75219288 50.99833842 77.55467878 101.55963726
79.56408114 54.91907355 55.15123148 76.74233428 60.21892207 50.88953250 79.38591371 55.91078275 70.87301700 46.35649678 80.28954467 53.95159844 66.01777961 50.94578275 73.22292656 45.49079887 57.29015663 40.39548513 64.64851123 32.96570400 74.83862077 29.77722015 47.58780558 27.46265146 17.67103221 61.21856247 35.53458124 30.78949172 19.94008981 75.16665897 44.68563770 22.08069124 68.38604098 0.00000000 39.54885462 38.52396607 51.22848745 77.28428215 32.85375139 58.31598205 31.24367919 50.35280368 77.35280978 44.16398666 54.43485869 59.63910454 47.09013482 54.43084329 84.35158661 71.66618875 69.59079697 93.59166823 73.89431092 75.28886248 82.00841535 64.94159014 92.22037233 81.82664202 68.24071008 92.24566856
63.35821497 54.16888268 41.59319840 63.18430121 46.66088899 60.80419724 60.24452480 54.40834696 57.31498392 56.27116153 61.14815575 44.97400121 52.45974654 40.04024086 54.08153764 31.93276579 43.73212355 42.15280038 48.08613847 42.88036874 52.84655258 31.97881497 29.30436611 47.07329663 32.85995969 32.90806218 17.25114177 56.72244509 19.65346809 46.84898102 16.38260805 48.00646694 40.07554069 39.54167694 0.00000000 64.44974177 61.14346487 53.70243416 42.14356060 54.28396371 41.15865662 65.60957645 64.57973166 53.45414105 80.35345672 68.92925893 57.01976055 64.34582072 90.71498809 81.59581448 79.52042271 103.52129396 83.82393665 81.65226395 91.93804108 74.86403821 98.58377381 88.82400201 78.17033581 102.17529429
79.69452973 51.46701444 55.28168007 76.87278288 60.34937066 47.43747338 79.51636230 52.78202197 71.00346559 42.90443767 80.41999326 50.82283766 66.14822821 47.81702197 73.35337515 45.62124746 57.42060522 37.26672435 64.77895982 29.51364488 74.96906936 48.01942789 59.20297366 28.46072801 35.72955542 79.40473893 56.77806397 14.24209277 45.70882494 86.26403122 68.70103677 18.47545720 87.20617595 38.52396607 64.44974177 0.00000000 32.21586974 100.83306942 63.88769090 82.50649740 50.16939080 27.37834783 101.54332514 66.01951835 30.82644433 83.83714275 56.38278502 41.58173543 108.54962481 76.99779924 75.55005175 98.92327872 79.85356569 99.48690068 87.34002584 70.90084492 116.41841053 100.31018371 73.76332152 97.57727905
101.15869140 76.16733821 76.74584174 98.33694454 81.81353232 72.13779716 100.98052397 77.48234575 92.46762725 67.60476144 101.88415492 75.52316143 87.61238987 72.51734575 94.81753682 67.08540912 78.88476689 61.96704813 86.24312149 54.21396866 96.43323103 60.30904438 69.18241583 50.20788576 52.38873728 82.81317273 57.12919149 40.58078073 44.37862958 82.95294903 66.28024795 33.93632208 69.38219573 51.22848745 61.14346487 32.21586974 0.00000000 74.23620330 36.64909670 55.26790320 22.93079660 17.66599921 74.30473094 38.78092416 32.87554465 56.59137088 29.15136850 25.45525333 81.30385294 49.76638272 48.31863522 71.69186220 52.62214917 72.24112881 60.10860931 43.66942840 89.17263867 73.07876719 46.53190500 70.34586253
60.39240493 81.57390319 68.99821891 62.43244115 64.55913453 88.40074842 57.27871475 81.81336747 56.56312387 85.71637634 58.18234570 72.67741879 54.45626640 69.48545567 51.11572760 61.37798061 57.56411402 71.59801520 45.12032843 72.32558356 44.52916300 74.43697747 46.12011198 76.51851144 75.32403952 30.78019825 47.98216020 89.21654760 62.11754792 28.81482569 37.39636394 90.47054677 15.24407239 77.28393697 53.70243416 100.83306942 74.25055865 0.00000000 46.23810376 18.96830010 52.18243285 78.71667023 15.69276515 39.80878934 93.92621567 33.83635276 58.91316142 77.45291449 50.54283975 85.83416502 57.63690154 107.75964450 52.65704846 41.48011562 96.17639162 68.92749484 58.41162548 48.65777102 77.24278667 106.41364483
82.15878713 70.32162174 57.74593747 79.33704027 62.81362806 76.63265175 81.98061970 70.56108603 73.46772299 72.09961603 82.88425065 61.12674028 68.61248560 55.86869536 75.81763255 48.08550486 59.88486262 57.98125489 67.24321722 58.70882325 70.63390467 41.93430833 50.18251157 54.74459831 36.79437887 56.25098141 38.12928723 58.07861624 25.99954688 54.91238970 47.28034368 49.36229291 41.34163640 32.85340622 42.14356060 63.89486857 36.65627437 46.19564397 0.00000000 27.22734387 13.71830010 41.12238596 46.26417161 16.15319574 56.33910907 28.55798922 27.72699908 39.85863022 53.27047129 52.30305301 50.22766124 74.22853249 54.75072148 44.20774715 62.64527961 45.57845441 61.13925701 50.75144404 48.87757435 72.88253283
61.60789299 82.78939125 70.21370698 63.64792922 65.77462259 89.61623649 58.49420281 83.02885554 57.77861193 86.29790590 59.39783377 73.89290686 55.67175446 70.06698523 52.33121566 61.95951016 58.77960208 72.17954475 46.33581649 72.90711311 45.75212170 67.38309879 46.70164153 77.10004100 62.24908667 31.36172780 48.56368976 83.53332405 51.45425469 30.03031376 37.97789350 74.82452356 16.45956046 58.30845920 54.28396371 82.50649740 55.26790320 18.96830010 27.26980366 0.00000000 33.20695508 59.73401478 20.89446968 20.84048924 74.94356023 16.08030424 39.94486132 58.47025905 36.42384670 66.86586492 43.51790849 88.79134440 38.53805541 27.36112257 77.20809152 54.80850178 44.29263242 34.53877796 63.12379362 87.44534473
81.17388314 69.33671776 56.76103348 78.35213629 61.82872407 75.64774776 80.99571572 69.57618204 72.48281900 71.11471204 81.89934667 60.14183629 67.62758162 54.88379138 74.83272856 47.10060087 58.89995863 56.99635090 66.25831323 57.72391926 76.44842277 40.32423613 49.19760758 53.14170378 35.17683603 62.23059262 37.14438324 56.47572171 24.38947468 60.89200091 46.29543970 47.75974356 47.32124760 31.24367919 41.15865662 50.16939080 22.93797427 52.17525518 13.71830010 33.20695508 0.00000000 27.40408586 52.24378282 16.71997604 42.61363130 34.53760043 15.85392626 26.14033012 59.25008249 40.42998019 38.35458842 62.36263734 42.65810236 50.18735836 50.77220679 33.69820392 67.11886822 56.73105524 37.00450152 61.00946000
99.56450927 71.33699397 75.15165961 96.74276241 80.21935020 67.30745292 99.38634184 72.65200151 90.87344513 62.77441720 100.28997280 70.69281719 86.01820774 67.68700151 93.22335469 65.49122700 77.29058476 57.13670389 84.64893936 49.38362442 94.83904890 59.84826550 73.64852742 45.37036385 47.55839304 87.27928431 61.59530307 35.75043649 48.84039452 87.42623828 70.74635953 29.10597784 73.85548498 50.35280368 65.60957645 27.38552550 17.66599921 78.70949256 41.12238596 59.74119246 27.39690818 0.00000000 78.77802019 43.24703574 15.20954544 61.06466013 32.98352157 15.40903149 85.77714220 53.59853579 52.15078830 75.52401527 56.45430224 76.71441806 63.94076239 47.50158147 93.64592792 76.91092026 50.36405807 74.17801560
71.26970242 92.45120068 79.87551641 73.30973865 75.43643203 99.27804592 68.15601225 92.69066497 67.44042136 96.59367384 69.05964320 83.55471629 65.33356390 80.36275317 61.99302509 72.25527810 68.44141152 82.47531269 55.99762592 83.20288105 55.41393113 85.31427496 56.99740947 87.39580894 81.28562144 41.65749575 58.85945770 100.09384509 70.49826009 39.69212319 48.27366144 93.86852897 26.12136989 77.35246461 64.57973166 101.55050281 74.31908628 15.72508860 46.30663140 20.89446968 52.25096049 78.78519786 0.00000000 39.24335847 93.99474331 25.98312842 58.34773055 77.50891710 42.74052916 82.55629409 49.83459095 104.48177357 44.85473787 33.67780503 92.89852069 61.12518424 50.60931488 40.85546042 69.44047608 103.13577390
80.09593663 81.63220219 69.05651791 82.13597286 74.12420850 87.94323219 76.98224645 81.87166647 76.26665557 83.41019647 77.88587741 72.43732072 74.15979810 67.17927581 70.81925930 59.39608530 71.19544306 69.29183533 64.82386013 70.01940369 64.24734301 53.24488877 61.49309201 66.06235643 48.10495931 49.85694911 49.43986767 69.38919669 37.32004612 48.51835740 56.46593714 60.68039620 34.94760410 44.16433184 53.45414105 66.01951835 38.78810183 39.80161167 16.18551919 20.83331157 16.71997604 43.25421341 39.23618080 0.00000000 58.46375885 21.52999841 19.21193655 41.99045767 46.24248047 46.13294015 44.05754837 68.06559730 47.72273067 37.17975634 56.47516674 39.40834154 54.11126620 43.72345322 42.70746148 66.71241996
103.64656429 75.41904899 79.23371462 100.82481743 84.30140521 71.38950793 103.46839686 76.73405652 94.95550014 66.85647222 104.37202781 74.77487221 90.10026276 71.76905652 97.30540970 69.57328201 81.37263978 61.21875890 88.73099438 53.46567943 98.92110392 63.93032052 83.15500821 49.45241887 51.64044805 102.02316458 76.33918334 39.19853299 61.61971757 102.64296140 85.49023980 33.18803286 89.07220809 54.43485869 80.36063439 30.83362200 32.87554465 93.92621567 56.33910907 74.95791557 42.62080897 15.20954544 93.99474331 58.47093652 0.00000000 76.28856092 48.20024469 23.57876640 101.00104298 68.81525890 67.36751141 90.74073838 71.67102535 91.93831885 79.15748550 62.71830458 108.86982870 92.12764337 65.58078118 89.39473871
77.68072659 97.10014240 84.52445812 79.72076282 81.84745620 103.41117240 74.56703642 97.33960668 73.85144553 98.87813669 75.47066737 87.90526094 71.74458807 82.64721602 68.40404926 74.86402551 74.85243569 84.75977554 62.40865009 85.48734390 61.83213297 68.70656647 62.77447513 81.52995146 63.57255435 47.44173908 64.63652336 84.85679172 52.77772236 46.10314736 54.05072710 76.14799124 32.53239406 59.63192687 68.92208126 83.82996507 56.59137088 33.81098218 28.59327134 16.07283360 34.53042276 61.05748246 25.98312842 21.52999841 76.26702790 0.00000000 40.63437049 59.79372672 26.76904050 65.94366924 33.22196610 87.87632639 28.24211302 17.70631636 76.28589584 44.51255940 34.63782622 24.25001325 52.82785123 86.52314905
97.02751644 85.19035105 72.61466678 94.20576958 77.68235736 91.50138105 96.08661854 85.42981534 88.33645230 86.96834534 96.99024949 75.99546959 83.48121491 70.73742467 89.92363138 62.95423416 74.75359193 72.84998420 82.11194653 73.57755255 83.35171509 56.17786942 65.05124087 68.99533708 51.03793996 68.95414352 52.99801653 64.74769602 40.24310798 67.62272948 62.14907299 58.10323737 54.05197618 47.09731249 57.01228991 56.38278502 29.15136850 58.90598375 27.71952845 39.93768365 15.84645562 32.98352157 58.34055288 19.21940719 48.19306701 40.63437049 0.00000000 31.71976583 65.34685256 27.28901603 25.21362426 49.21449551 29.51713820 53.01932056 37.63124263 20.55723976 71.36355811 49.97967356 23.86353737 47.86849585
104.29376219 85.50995660 79.88091253 101.47201534 84.94860312 81.48041555 104.11559477 86.82496414 95.60269805 76.94737983 105.01922572 83.26171534 90.74746067 78.00367043 97.95260761 70.22047992 82.01983768 71.30966652 89.37819229 63.55658705 99.56830182 63.44411518 72.31748663 59.55050415 58.30418572 85.94824352 60.26426229 49.92339912 47.50935373 86.09519750 69.41531875 43.27894047 72.52444419 54.36355824 64.27853567 41.55848813 25.41230333 77.37845177 39.78416750 58.41015167 26.06586740 15.36001621 77.44697941 41.91599495 23.57876640 59.73361935 31.65248079 0.00000000 84.44610141 52.26749500 50.81974751 74.19297448 55.12326145 75.38337728 62.60972160 46.17054068 92.31488713 75.57987947 49.03301728 72.84697481
98.03173969 119.21323795 106.63755368 100.07177592 102.19846930 126.04008319 94.91804952 119.45270224 94.20245863 122.72175260 95.82168047 110.31675356 92.09560117 106.49083193 88.75506236 98.38335686 95.20344879 108.60339145 82.75966319 109.33095981 82.18314607 93.42622621 83.12548823 106.24961120 88.28474345 67.79275218 84.98753646 109.57645146 77.50172874 66.45416046 74.40174020 100.86765098 52.88340716 84.35158661 90.70063275 108.54962481 81.31820829 50.59375350 53.30575341 36.42384670 59.25008249 85.78431987 42.74052916 46.24248047 100.99386531 26.76904050 65.34685256 84.50803910 0.00000000 76.85845878 44.13675563 98.78393826 39.15690256 16.26261829 87.20068538 55.42734893 14.12314880 27.10555331 63.74264077 97.43793859
121.60357037 109.76640498 97.19072071 118.78182351 102.25841129 116.07743498 121.42540294 110.00586927 112.91250623 111.54439927 122.32903389 100.57152352 108.05726884 95.31347860 115.26241579 87.53028809 99.32964586 97.42603813 106.68800046 98.15360648 110.27271869 80.74800602 89.62011713 93.57139101 75.61399389 95.88232479 77.56689279 85.36988790 64.81916191 94.55091075 86.71794925 78.72542925 80.98015744 71.67336642 81.58834384 77.00497691 49.76638272 85.83416502 52.30305301 66.86586492 40.42250955 53.59853579 82.54911642 46.14041078 68.81525890 65.94366924 27.28901603 52.33478005 76.85128110 0.00000000 34.63453466 25.98343427 37.69437855 61.19656091 17.30793839 23.05658508 79.53362078 58.15691390 20.02611588 27.54519160
105.13297915 107.68383554 95.10815126 107.17301538 100.17584185 113.99486554 102.01928897 107.92329982 101.30369809 109.46182982 102.92291992 98.48895407 99.19684062 93.23090916 95.85630182 85.44771865 97.24707641 95.34346868 89.86090265 96.07103704 89.28438553 78.66543657 87.53754769 91.48882156 73.53142445 74.89399163 75.48432335 83.92214041 62.73659246 73.55539992 81.50297965 77.27768176 59.98464661 69.59079697 79.50577440 75.55722942 48.31863522 57.68781529 50.22019060 43.51790849 38.34711778 52.15078830 49.83459095 44.06501901 67.36751141 33.22914377 25.21362426 50.88703256 44.12957796 34.64171233 0.00000000 56.56719181 5.59492884 28.48203544 44.98393893 15.91477732 46.81909531 25.44238843 24.49107956 55.22119215
143.52870467 131.69153928 119.11585501 140.70695781 124.18354560 138.00256929 143.35053724 131.93100357 134.83764053 133.46953357 144.25416820 122.49665782 129.98240314 117.23861290 137.18755009 109.45542240 121.25478016 119.35117243 128.61313476 120.07874079 132.19038235 102.67314032 111.54525144 115.49652531 97.53165756 117.79998846 99.49202709 107.28755157 86.74429621 116.46857441 108.64308355 100.64309292 102.89782111 93.59850072 103.51347815 98.92264058 71.69122405 107.75182869 74.22789435 88.78352859 62.35482153 75.52337712 104.48113543 68.06525212 90.73292257 87.87568825 49.21385737 74.25962139 98.77612244 25.98343427 56.56655367 0.00000000 59.62639756 83.12857991 13.19718904 44.98860409 101.46563979 80.08301558 41.95095721 14.05509663
100.15312607 112.00199779 99.42631351 102.19316230 104.31985567 118.31302779 97.03943590 112.24146207 96.32384501 113.77999207 97.94306685 102.80711632 94.21698755 97.54907141 90.87644874 89.76588090 97.32483517 99.66163093 84.88104957 100.38919929 84.30453245 82.98359882 85.24687461 95.80698381 77.84958670 69.90696088 79.80248560 88.22565435 67.05475471 68.57554684 76.52312658 81.58119570 55.00479354 73.90895922 83.82393665 79.86074336 52.62214917 52.70796221 54.78600360 38.53805541 42.65810236 56.45430224 44.85473787 47.72273067 71.67102535 28.24929069 29.51713820 55.19054650 39.14972489 37.70155622 5.59492884 59.63421337 0.00000000 23.50218236 48.04378282 17.25823984 41.83924223 20.46253536 25.57353168 58.28103603
88.96183788 110.14333614 97.56765187 91.00187411 93.12856749 116.97018138 85.84814771 110.38280043 85.13255683 113.65185079 86.75177866 101.24685175 83.02569936 97.42093012 79.68516056 89.31345505 86.13354698 99.53348965 73.68976139 100.26105801 73.11324427 84.36350207 74.05558642 97.18688706 79.22948995 58.72285037 75.91763465 100.51372732 68.43465796 57.38425865 65.33183839 91.80492684 43.81350535 75.28886248 81.63073094 99.48690068 72.25548415 41.50462325 44.24302927 27.36112257 50.18735836 76.72159573 33.67780503 37.17975634 91.93114118 17.70631636 53.01214289 75.45784000 16.26261829 61.19656091 28.47485776 83.12921806 23.49500469 0.00000000 71.53878751 39.76545106 18.45500486 11.72217745 48.08074290 81.77604072
131.95326761 120.11610222 107.54041794 129.13152075 112.60810853 126.42713222 131.77510018 120.35556650 123.26220346 121.89409651 132.67873113 110.92122076 118.40696608 105.66317584 125.61211302 97.87998533 109.67934309 107.77573536 117.03769770 108.50330372 120.60776762 91.09770325 99.96981437 103.92108824 85.95622049 106.21737372 87.91659003 95.71211450 75.16885915 104.88595968 97.06764649 89.06765585 91.31520637 82.02306366 91.93804108 87.34720351 60.10860931 96.16921395 62.64527961 77.20091385 50.77220679 63.94076239 92.89134302 56.48263738 79.15748550 76.28589584 37.63124263 62.67700665 87.18633003 17.30793839 44.97676126 13.20500486 48.03660515 71.53878751 0.00000000 32.76485317 89.87584738 68.49322317 29.73438397 10.23725321
114.87897177 103.04180638 90.46612210 112.05722491 95.53381269 109.35283638 113.30988227 103.28127066 106.18790762 104.81980067 114.21351322 93.84692492 101.33267024 88.58888000 107.14689512 80.80568949 92.60504725 90.70143952 99.96340186 91.42900788 100.56780115 74.02340741 82.89551853 86.84679240 68.88939529 86.17740726 70.84229419 79.27293358 58.09456331 84.84599321 79.99335065 72.62847493 71.27523991 64.94876782 74.86374524 70.90802259 43.66942840 68.97840859 45.57098377 54.80850178 33.69791095 47.50158147 61.12518424 39.41581218 62.71830458 44.51973707 20.56441743 46.23782573 55.42017126 23.06376275 15.91477732 44.98924223 17.25823984 39.77262873 32.77203084 0.00000000 57.47573010 36.09902322 9.80645376 43.00928405
105.90770309 127.08920135 114.51351707 107.94773931 110.07443269 133.91604658 102.79401291 127.32866563 102.07842203 130.59771599 103.69764386 118.19271695 99.97156456 114.36679532 96.63102576 106.25932025 103.07941218 116.47935485 90.63562659 117.20692321 90.05193179 101.29535711 91.00145162 114.11874210 96.15387435 75.66153790 92.86349985 117.44558236 85.36651300 74.33012385 82.27770359 108.73643670 60.75937055 92.22037233 98.57659614 116.41841053 89.18699401 58.46253923 61.17453913 44.29263242 67.11886822 93.65310559 50.60931488 54.11126620 108.86265103 34.63782622 71.36355811 92.37682482 14.14765644 79.54797612 46.82627298 101.47345560 41.84641990 18.45500486 89.89020272 57.48290777 0.00000000 25.20162633 65.79819960 100.12745594
96.12342365 117.30492191 104.72923764 98.16345988 100.29015326 124.13176715 93.00973348 117.54438620 92.29414259 120.81343656 93.91336443 108.40843752 90.18728513 104.58251589 86.84674632 96.47504082 93.29513275 106.69507541 80.85134715 107.42264377 80.27483003 90.88395166 81.21717219 103.70733665 85.74246890 65.87725847 83.07922042 107.03417691 74.95510755 64.54584442 72.49342416 98.32537643 50.97509112 81.80931206 88.79231671 100.30300604 73.07158951 48.68543746 50.76347885 34.51553066 56.70780794 76.90374259 40.83221312 43.70020592 92.11328803 24.22676595 49.96657855 75.62746182 27.10555331 58.15099657 25.42929343 80.08365372 20.44944035 11.72217745 68.49322317 36.08592821 25.20162633 0.00000000 44.40122005 78.73047638
118.17809170 106.34092631 93.76524204 115.35634484 98.83293263 112.65195632 117.99992427 106.58039060 109.48702756 108.11892060 118.90355523 97.14604485 104.63179017 91.88799993 111.83693712 84.10480943 95.90416719 94.00055946 103.26252179 94.72812782 106.84724002 77.32252735 86.19463847 90.14591234 72.18851523 92.45684612 74.14141412 82.13541019 61.39368324 91.12543208 83.29247058 75.49095154 77.55467878 68.24788775 78.16286518 73.77049920 46.53190500 77.29370042 48.87010371 63.12379362 36.99703089 50.36405807 69.44047608 42.71493212 65.58078118 52.83502891 23.86353737 49.10030233 63.74264077 20.02611588 24.49107956 41.95159536 25.57353168 48.08792057 29.73438397 9.80645376 65.79819960 44.41431506 0.00000000 39.97163718
142.18334315 130.34617776 117.77049349 139.36159629 122.83818407 136.65720776 142.00517572 130.58564205 133.49227900 132.12417205 142.90880667 121.15129630 128.63704162 115.89325138 135.84218856 108.11006087 119.90941864 118.00581090 127.26777324 118.73337926 130.84502083 101.32777879 110.19988991 114.15116379 96.18629603 116.45462693 98.14666557 105.94936772 85.39893469 115.12321289 107.29772203 99.30490907 101.55245959 92.25313920 102.16811662 97.58445672 70.34586253 106.40646716 72.88253283 87.43816706 61.00946000 74.17801560 103.13577390 66.71989060 89.39473871 86.53032673 47.86849585 72.91425986 97.43076092 27.54519160 55.22119215 14.05509663 58.28103603 81.78321839 10.23725321 43.00928405 100.12027826 78.73765405 39.97163718 0.00000000
