0.00000000 27.18525802 64.73761620 54.24408273 151.80225734 236.88085239 93.87442839 189.95563146 86.15062582 188.26448363 204.03320983 112.10426389 121.20995474 283.16535333 135.41042274 138.80735229 149.39417064 154.07950671 160.67792467 165.71609402 172.11198725 248.22663976 208.10451719 238.46632541 225.99084890 357.10268420 256.36544819 300.25617008 279.77395909 321.68389698
27.18525802 0.00000000 55.02776156 37.57128611 161.28857348 246.82467177 69.67609486 199.78623621 62.44580488 197.83346583 213.59808806 98.29562800 107.40131885 292.99794156 111.70501881 115.10194836 125.68876671 130.37468577 146.86928878 151.90745813 157.14270408 234.41800387 194.29588129 224.65768952 202.28602796 343.29404831 242.55681230 286.44753419 265.96532320 307.87526109
64.73761620 55.02776156 0.00000000 44.42204881 106.26081192 191.79691021 92.91178532 144.75847465 73.30362400 142.80570427 158.57032650 82.21429913 91.31998997 237.97018000 124.09198849 127.46209529 136.76087697 131.12180196 130.78795991 135.82612925 142.22202249 210.92548297 178.21455242 208.57636065 213.14326191 311.75713089 226.47548342 270.36620532 249.88399433 288.76169198
54.24408273 37.57128611 44.42204881 0.00000000 150.68286073 236.21895902 48.65179062 189.18052345 32.00484806 187.22775308 202.99237531 65.62243939 74.72813024 282.39222881 81.27786362 84.67479316 95.26161152 99.93372895 114.69334522 119.73230265 126.12740779 202.24284839 162.12072582 192.48253404 171.84507114 311.11889283 210.38165682 254.27237872 233.79016773 275.70010561
151.80225734 161.28857348 106.26081192 150.68286073 0.00000000 89.47052645 195.76794034 38.50839101 173.22070804 37.77932511 52.33594845 149.96085925 158.64027677 131.71941705 226.32872848 229.69883527 227.90303292 198.16060353 195.96132742 199.98399074 207.39200229 106.77406922 162.68420067 163.80022136 282.80631636 207.60571713 200.78009357 173.22928408 199.47092509 184.61027823
236.88085239 246.82467177 191.79691021 236.21895902 89.47052645 0.00000000 285.22940836 51.74217255 262.68217606 66.18424002 55.98367778 239.42232726 248.10174479 51.14719330 300.80722327 296.21449057 292.95377445 262.38527020 243.03511503 229.98108594 241.55673877 135.02469916 191.60234720 192.71836789 328.69326029 170.50529975 229.69824010 198.93878697 225.16719680 197.21904450
93.87442839 69.67609486 92.91178532 48.65179062 195.76794034 285.22940836 0.00000000 234.26341377 30.86247495 232.20914124 247.96753493 105.72656369 114.83225454 327.47511913 52.79352712 56.19045666 66.77727501 92.95866084 116.72224199 130.48914655 119.72004089 240.21415061 179.49419132 211.60472366 142.04049555 349.09019505 219.98716265 268.56216444 246.48042373 289.98989133
189.95563146 199.78623621 144.75847465 189.18052345 38.50839101 51.74217255 234.26341377 0.00000000 211.71618148 19.99325770 21.16850920 188.45633268 197.13575020 93.88128297 261.73989270 257.14716000 253.88644388 223.31793963 203.96778446 190.91375537 202.48940820 95.97972354 152.53501662 153.65103732 289.62592972 187.43997134 190.63090953 159.89450393 186.12291376 168.18613875
86.15062582 62.44580488 73.30362400 32.00484806 173.22070804 262.68217606 30.86247495 211.71618148 0.00000000 209.66190894 225.42030263 83.17933139 92.28502224 304.92788683 55.70789687 59.07800367 65.09272085 70.11083497 93.87441612 107.64132068 96.87885328 217.36632474 156.64636545 188.75689779 141.53053828 326.24236918 197.14597503 245.71433857 223.63923612 267.14206546
188.26448363 197.83346583 142.80570427 187.22775308 37.77932511 66.18424002 232.20914124 19.99325770 209.66190894 0.00000000 15.77356076 186.40206015 195.08147767 108.15563398 242.02183256 237.42909986 234.16838374 203.59987949 184.24972432 171.19569523 182.77134805 76.26242952 132.81695648 133.93297718 269.90786958 171.56813486 170.91284939 140.17731349 166.40572332 148.82362448
204.03320983 213.59808806 158.57032650 202.99237531 52.33594845 55.98367778 247.96753493 21.16850920 225.42030263 15.77356076 0.00000000 202.16045383 201.86681456 97.79665008 244.93616777 240.34343506 237.08271894 206.51421469 187.16405952 174.11003043 185.68568326 79.15814849 135.73129169 136.84731238 272.82220478 167.13060245 173.82718459 143.07250774 169.30091757 149.19719730
112.10426389 98.29562800 82.21429913 65.62243939 149.96085925 239.42232726 105.72656369 188.45633268 83.17933139 186.40206015 202.16045383 0.00000000 11.61597104 255.54465583 87.96548250 83.37274980 80.33066281 50.58823342 54.05014164 64.87519733 65.33290431 156.01130857 109.91340831 140.27521654 135.64148273 264.88735301 155.61670402 199.50742592 179.02521493 220.93515281
121.20995474 107.40131885 91.31998997 74.72813024 158.64027677 248.10174479 114.83225454 197.13575020 92.28502224 195.08147767 201.86681456 11.61597104 0.00000000 247.89719732 77.17906107 72.58632837 69.54424138 39.80181199 42.48901971 53.64797446 54.45033840 147.50340863 99.16001749 129.52182572 124.81235199 256.37945306 144.40660110 188.29732299 167.81511200 209.72504989
283.16535333 292.99794156 237.97018000 282.39222881 131.71941705 51.14719330 327.47511913 93.88128297 304.92788683 108.15563398 97.79665008 255.54465583 247.89719732 0.00000000 290.96655053 286.37381782 283.11310170 252.54459745 230.26791122 217.21388213 228.78351191 111.01061046 178.47522658 179.52275924 315.56613968 126.91210333 210.16686542 157.14245800 184.68473332 147.04080617
135.41042274 111.70501881 124.09198849 81.27786362 226.32872848 300.80722327 52.79352712 261.73989270 55.70789687 242.02183256 244.93616777 87.96548250 77.17906107 290.96655053 0.00000000 4.75452846 13.97966996 41.36093688 65.12451803 78.89142259 68.12231694 188.61642665 127.89646736 160.00699970 101.11094419 297.49247109 168.38943869 216.96444048 194.88269978 238.39216737
138.80735229 115.10194836 127.46209529 84.67479316 229.69883527 296.21449057 56.19045666 257.14716000 59.07800367 237.42909986 240.34343506 83.37274980 72.58632837 286.37381782 4.75452846 0.00000000 11.85511320 36.76820418 60.53178533 74.29868989 63.52958423 184.02369395 123.30373466 155.41426700 99.58095562 292.89973839 163.79670599 212.37170777 190.28996707 233.79943467
149.39417064 125.68876671 136.76087697 95.26161152 227.90303292 292.95377445 66.77727501 253.88644388 65.09272085 234.16838374 237.08271894 80.33066281 69.54424138 283.11310170 13.97966996 11.85511320 0.00000000 33.50748805 57.27106921 71.03797377 60.26886811 180.76297783 120.04301854 152.15355088 89.04265190 289.63902227 160.53598987 209.11099165 187.02925095 230.53871855
154.07950671 130.37468577 131.12180196 99.93372895 198.16060353 262.38527020 92.95866084 223.31793963 70.11083497 203.59987949 206.51421469 50.58823342 39.80181199 252.54459745 41.36093688 36.76820418 33.50748805 0.00000000 23.76633249 37.53520930 26.91948174 147.26108307 86.54112378 118.65165612 85.25309259 256.13712751 127.18660349 175.60909690 153.67986458 197.03682379
160.67792467 146.86928878 130.78795991 114.69334522 195.96132742 243.03511503 116.72224199 203.96778446 93.87441612 184.24972432 187.16405952 54.05014164 42.48901971 230.26791122 65.12451803 60.53178533 57.27106921 23.76633249 0.00000000 14.09657370 12.00220461 124.14073548 63.30840217 95.41893451 95.76047088 233.01677992 105.70110516 152.37637529 131.32590139 173.80410218
165.71609402 151.90745813 135.82612925 119.73230265 199.98399074 229.98108594 130.48914655 190.91375537 107.64132068 171.19569523 174.11003043 64.87519733 53.64797446 217.21388213 78.89142259 74.29868989 71.03797377 37.53520930 14.09657370 0.00000000 15.67643814 111.06851589 49.96672240 82.07725474 105.30749712 219.94456033 91.60453146 139.03469551 117.59773054 160.46242241
172.11198725 157.14270408 142.22202249 126.12740779 207.39200229 241.55673877 119.72004089 202.48940820 96.87885328 182.77134805 185.68568326 65.33290431 54.45033840 228.78351191 68.12231694 63.52958423 60.26886811 26.91948174 12.00220461 15.67643814 0.00000000 122.00536547 60.33811072 92.44864306 89.71154921 230.43637862 100.27231861 149.40608384 126.76557970 170.83381073
248.22663976 234.41800387 210.92548297 202.24284839 106.77406922 135.02469916 240.21415061 95.97972354 217.36632474 76.26242952 79.15814849 156.01130857 147.50340863 111.01061046 188.61642665 184.02369395 180.76297783 147.26108307 124.14073548 111.06851589 122.00536547 0.00000000 69.56951981 70.53702266 206.66043291 108.87645770 107.51689487 73.26204268 94.52064539 84.72136724
208.10451719 194.29588129 178.21455242 162.12072582 162.68420067 191.60234720 179.49419132 152.53501662 156.64636545 132.81695648 135.73129169 109.91340831 99.16001749 178.47522658 127.89646736 123.30373466 120.04301854 86.54112378 63.30840217 49.96672240 60.33811072 69.56951981 0.00000000 32.11053234 137.09091310 175.63167282 53.95518471 94.60137803 74.93045115 116.02910493
238.46632541 224.65768952 208.57636065 192.48253404 163.80022136 192.71836789 211.60472366 153.65103732 188.75689779 133.93297718 136.84731238 140.27521654 129.52182572 179.52275924 160.00699970 155.41426700 152.15355088 118.65165612 95.41893451 82.07725474 92.44864306 70.53702266 32.11053234 0.00000000 161.78438729 145.33019265 39.46579686 64.29989786 44.80404444 85.72762476
225.99084890 202.28602796 213.14326191 171.84507114 282.80631636 328.69326029 142.04049555 289.62592972 141.53053828 269.90786958 272.82220478 135.64148273 124.81235199 315.56613968 101.11094419 99.58095562 89.04265190 85.25309259 95.76047088 105.30749712 89.71154921 206.66043291 137.09091310 161.78438729 0.00000000 287.26955898 139.86570665 205.59325777 170.77671477 226.89837010
357.10268420 343.29404831 311.75713089 311.11889283 207.60571713 170.50529975 349.09019505 187.43997134 326.24236918 171.56813486 167.13060245 264.88735301 256.37945306 126.91210333 297.49247109 292.89973839 289.63902227 256.13712751 233.01677992 219.94456033 230.43637862 108.87645770 175.63167282 145.33019265 287.26955898 0.00000000 148.91657688 83.00330926 121.76177861 67.96342716
256.36544819 242.55681230 226.47548342 210.38165682 200.78009357 229.69824010 219.98716265 190.63090953 197.14597503 170.91284939 173.82718459 155.61670402 144.40660110 210.16686542 168.38943869 163.79670599 160.53598987 127.18660349 105.70110516 91.60453146 100.27231861 107.51689487 53.95518471 39.46579686 139.86570665 148.91657688 0.00000000 65.91326762 32.86392840 87.28753638
300.25617008 286.44753419 270.36620532 254.27237872 173.22928408 198.93878697 268.56216444 159.89450393 245.71433857 140.17731349 143.07250774 199.50742592 188.29732299 157.14245800 216.96444048 212.37170777 209.11099165 175.60909690 152.37637529 139.03469551 149.40608384 73.26204268 94.60137803 64.29989786 205.59325777 83.00330926 65.91326762 0.00000000 39.44368894 21.42929632
279.77395909 265.96532320 249.88399433 233.79016773 199.47092509 225.16719680 246.48042373 186.12291376 223.63923612 166.40572332 169.30091757 179.02521493 167.81511200 184.68473332 194.88269978 190.28996707 187.02925095 153.67986458 131.32590139 117.59773054 126.76557970 94.52064539 74.93045115 44.80404444 170.77671477 121.76177861 32.86392840 39.44368894 0.00000000 58.30764905
321.68389698 307.87526109 288.76169198 275.70010561 184.61027823 197.21904450 289.98989133 168.18613875 267.14206546 148.82362448 149.19719730 220.93515281 209.72504989 147.04080617 238.39216737 233.79943467 230.53871855 197.03682379 173.80410218 160.46242241 170.83381073 84.72136724 116.02910493 85.72762476 226.89837010 67.96342716 87.28753638 21.42929632 58.30764905 0.00000000
