0.00000000 7.82842712 20.82842712 11.48528137 19.07106781 29.14213562 18.48528137 13.48528137 29.38477631 20.07106781 19.65685425 30.38477631 26.97056275 37.62741700 28.55634919 25.41421356 36.38477631 44.45584412 34.72792206 34.82842712
7.82842712 0.00000000 15.82842712 19.31370850 11.82842712 21.89949494 11.24264069 17.31370850 22.14213562 17.07106781 20.55634919 23.14213562 34.79898987 30.38477631 25.65685425 26.31370850 33.14213562 37.21320344 32.31370850 35.72792206
20.82842712 15.82842712 0.00000000 32.31370850 15.65685425 11.24264069 12.48528137 30.07106781 13.82842712 23.14213562 31.79898987 18.24264069 38.62741700 22.07106781 24.89949494 31.79898987 28.24264069 28.89949494 32.97056275 40.87005769
11.48528137 19.31370850 32.31370850 0.00000000 19.48528137 40.62741700 22.89949494 8.24264069 40.87005769 20.14213562 16.89949494 33.97056275 19.24264069 49.11269837 29.21320344 25.14213562 36.45584412 46.28427125 34.79898987 30.31370850
19.07106781 11.82842712 15.65685425 19.48528137 0.00000000 18.41421356 4.82842712 15.00000000 18.65685425 9.24264069 16.48528137 16.48528137 23.55634919 26.89949494 15.82842712 19.31370850 22.48528137 27.97056275 22.00000000 28.72792206
29.14213562 21.89949494 11.24264069 40.62741700 18.41421356 0.00000000 14.41421356 32.00000000 7.65685425 24.48528137 34.31370850 14.89949494 41.14213562 13.41421356 22.14213562 32.55634919 24.31370850 21.07106781 29.04163056 41.04163056
18.48528137 11.24264069 12.48528137 22.89949494 4.82842712 14.41421356 0.00000000 18.41421356 13.82842712 10.07106781 19.31370850 11.65685425 26.14213562 22.07106781 15.00000000 20.48528137 19.41421356 23.14213562 22.82842712 29.55634919
13.48528137 17.31370850 30.07106781 8.24264069 15.00000000 32.00000000 18.41421356 0.00000000 32.24264069 14.82842712 7.82842712 28.07106781 13.48528137 37.31370850 23.31370850 16.07106781 29.38477631 39.21320344 27.72792206 24.65685425
29.38477631 22.14213562 13.82842712 40.87005769 18.65685425 7.65685425 13.82842712 32.24264069 0.00000000 18.82842712 28.65685425 7.24264069 35.48528137 8.24264069 14.48528137 24.89949494 16.07106781 14.24264069 21.38477631 33.38477631
20.07106781 17.07106781 23.14213562 20.14213562 9.24264069 24.48528137 10.07106781 14.82842712 18.82842712 0.00000000 9.82842712 14.07106781 16.65685425 24.48528137 9.07106781 10.41421356 15.72792206 25.55634919 15.24264069 19.48528137
19.65685425 20.55634919 31.79898987 16.89949494 16.48528137 34.31370850 19.31370850 7.82842712 28.65685425 9.82842712 0.00000000 23.89949494 8.24264069 30.65685425 16.65685425 8.24264069 22.72792206 32.55634919 21.07106781 16.82842712
30.38477631 23.14213562 18.24264069 33.97056275 16.48528137 14.89949494 11.65685425 28.07106781 7.24264069 14.07106781 23.89949494 0.00000000 29.89949494 9.24264069 7.24264069 17.65685425 10.82842712 11.48528137 14.72792206 26.14213562
26.97056275 34.79898987 38.62741700 19.24264069 23.55634919 41.14213562 26.14213562 13.48528137 35.48528137 16.65685425 8.24264069 29.89949494 0.00000000 36.65685425 22.65685425 13.07106781 28.72792206 38.55634919 21.89949494 11.07106781
37.62741700 30.38477631 22.07106781 49.11269837 26.89949494 13.41421356 22.07106781 37.31370850 8.24264069 24.48528137 30.65685425 9.24264069 36.65685425 0.00000000 14.00000000 24.41421356 12.07106781 6.82842712 20.89949494 32.31370850
28.55634919 25.65685425 24.89949494 29.21320344 15.82842712 22.14213562 15.00000000 23.31370850 14.48528137 9.07106781 16.65685425 7.24264069 22.65685425 14.00000000 0.00000000 10.41421356 7.24264069 16.24264069 9.24264069 18.89949494
25.41421356 26.31370850 31.79898987 25.14213562 19.31370850 32.55634919 20.48528137 16.07106781 24.89949494 10.41421356 8.24264069 17.65685425 13.07106781 24.41421356 10.41421356 0.00000000 15.65685425 25.48528137 12.82842712 10.82842712
36.38477631 33.14213562 28.24264069 36.45584412 22.48528137 24.31370850 19.41421356 29.38477631 16.07106781 15.72792206 22.72792206 10.82842712 28.72792206 12.07106781 7.24264069 15.65685425 0.00000000 9.82842712 8.82842712 20.24264069
44.45584412 37.21320344 28.89949494 46.28427125 27.97056275 21.07106781 23.14213562 39.21320344 14.24264069 25.55634919 32.55634919 11.48528137 38.55634919 6.82842712 16.24264069 25.48528137 9.82842712 0.00000000 17.82842712 29.24264069
34.72792206 32.31370850 32.97056275 34.79898987 22.00000000 29.04163056 22.82842712 27.72792206 21.38477631 15.24264069 21.07106781 14.72792206 21.89949494 20.89949494 9.24264069 12.82842712 8.82842712 17.82842712 0.00000000 11.41421356
34.82842712 35.72792206 40.87005769 30.31370850 28.72792206 41.04163056 29.55634919 24.65685425 33.38477631 19.48528137 16.82842712 26.14213562 11.07106781 32.31370850 18.89949494 10.82842712 20.24264069 29.24264069 11.41421356 0.00000000
