0.00000000 1.86104076 21.18905771 18.71633873 20.09437734 26.71466304 16.88622546 20.42321210 22.40076044 38.26028137 31.03111832 28.72980156 27.33821390 27.28741087 55.13788994 40.69455844 60.13632573 31.63348735 50.21895237 58.04364574
1.86104076 0.00000000 16.74596500 20.57737949 16.28135606 22.90164176 13.07320418 34.84913885 18.58773916 40.78408476 37.50582066 24.91678028 29.19925466 23.47438959 49.09727056 44.85967709 46.72438959 27.82046607 57.72507068 62.20876439
21.18905771 16.74596500 0.00000000 39.90539644 22.56107827 20.67018469 16.03760677 52.77129435 18.25313275 38.43750322 50.51190760 23.31490511 66.43301113 22.62748917 42.81289427 48.10628314 45.12251442 26.97356565 51.88996280 63.34255044
18.71633873 20.57737949 39.90539644 0.00000000 42.02452198 45.43100177 49.86335495 6.71304653 41.11709917 24.46633439 8.94751442 57.51643287 9.42952886 46.00374960 38.55489571 18.28347509 44.91929217 63.80324707 35.00191881 38.82771137
20.09437734 16.28135606 22.56107827 42.02452198 0.00000000 26.34829473 8.60080303 30.93000000 21.68995562 22.93664789 29.77224889 29.03562805 45.66584158 26.57660605 39.41647366 33.08204687 53.59657826 47.31824094 44.49500000 48.84698157
26.71466304 22.90164176 20.67018469 45.43100177 26.34829473 0.00000000 18.98871104 58.01000000 2.77537626 39.78199890 48.38578136 10.52746391 64.30688489 5.38831998 28.33563418 40.28005589 24.83019262 4.69617316 41.41078675 54.74983653
16.88622546 13.07320418 16.03760677 49.86335495 8.60080303 18.98871104 0.00000000 38.76883297 14.00123412 24.91877126 34.47430083 20.43482502 50.39540436 18.88788455 37.11500000 35.59283764 46.95466558 38.71743792 45.83643361 50.82910494
20.42321210 34.84913885 52.77129435 6.71304653 30.93000000 58.01000000 38.76883297 0.00000000 52.77006709 14.96543723 7.16570635 51.48178028 7.84581349 57.38085099 26.50085099 16.50166702 36.77006202 55.65401692 26.85268866 34.62188996
22.40076044 18.58773916 18.25313275 41.11709917 21.68995562 2.77537626 14.00123412 52.77006709 0.00000000 38.15370670 46.75748917 8.25723484 62.67859269 6.76062013 26.06540510 38.00982682 25.57159739 12.82999567 39.14055767 52.47960746
38.26028137 40.78408476 38.43750322 24.46633439 22.93664789 39.78199890 24.91877126 14.96543723 38.15370670 0.00000000 8.60378246 35.24844551 24.52488599 43.14960641 16.75840979 10.67406638 29.78963092 48.67358582 16.94098592 25.91033368
31.03111832 37.50582066 50.51190760 8.94751442 29.77224889 48.38578136 34.47430083 7.16570635 46.75748917 8.60378246 0.00000000 36.22778100 16.72959162 49.29961074 18.41961074 9.33596067 28.68882177 47.57277667 18.77144840 27.45618362
28.72980156 24.91678028 23.31490511 57.51643287 29.03562805 10.52746391 20.43482502 51.48178028 8.25723484 35.24844551 36.22778100 0.00000000 53.65825394 14.54027091 17.80817026 29.75259198 21.02793506 20.32908043 28.57505769 44.22237262
27.33821390 29.19925466 66.43301113 9.42952886 45.66584158 64.30688489 50.39540436 7.84581349 62.67859269 24.52488599 16.72959162 53.65825394 0.00000000 66.73008368 35.85008368 24.85298303 43.93868504 62.82263994 48.71094947 29.39818252
27.28741087 23.47438959 22.62748917 46.00374960 26.57660605 5.38831998 18.88788455 57.38085099 6.76062013 43.14960641 49.29961074 14.54027091 66.73008368 0.00000000 30.88000000 42.82442172 19.80682646 4.34607648 30.85337588 49.04045740
55.13788994 49.09727056 42.81289427 38.55489571 39.41647366 28.33563418 37.11500000 26.50085099 26.06540510 16.75840979 18.41961074 17.80817026 35.85008368 30.88000000 0.00000000 11.94442172 14.48629689 36.00442351 10.45798123 26.41420236
40.69455844 44.85967709 48.10628314 18.28347509 33.08204687 40.28005589 35.59283764 16.50166702 38.00982682 10.67406638 9.33596067 29.75259198 24.85298303 42.82442172 11.94442172 0.00000000 19.08570201 37.96965692 11.50366053 17.50248917
60.13632573 46.72438959 45.12251442 44.91929217 53.59657826 24.83019262 46.95466558 36.77006202 25.57159739 29.78963092 28.68882177 21.02793506 43.93868504 19.80682646 14.48629689 19.08570201 0.00000000 18.88395490 11.04654942 29.23363094
31.63348735 27.82046607 26.97356565 63.80324707 47.31824094 4.69617316 38.71743792 55.65401692 12.82999567 48.67358582 47.57277667 20.32908043 62.82263994 4.34607648 36.00442351 37.96965692 18.88395490 0.00000000 30.59544769 48.78252921
50.21895237 57.72507068 51.88996280 35.00191881 44.49500000 41.41078675 45.83643361 26.85268866 39.14055767 16.94098592 18.77144840 28.57505769 48.71094947 30.85337588 10.45798123 11.50366053 11.04654942 30.59544769 0.00000000 18.18708153
58.04364574 62.20876439 63.34255044 38.82771137 48.84698157 54.74983653 50.82910494 34.62188996 52.47960746 25.91033368 27.45618362 44.22237262 29.39818252 49.04045740 26.41420236 17.50248917 29.23363094 48.78252921 18.18708153 0.00000000
