0.00000000 5.67913831 18.57828194 11.05956864 17.13808097 24.90869079 16.02222349 12.79994545 24.36926974 20.62739837 19.30306190 26.29418977 23.35887838 30.84828634 29.71436599 25.08570751 36.15179519 36.35771697 33.30753476 34.94684292
5.67913831 0.00000000 14.31409650 16.73870695 11.48756370 19.25817353 10.37170622 18.39964614 18.71875248 19.21173464 21.30047048 20.64367250 29.03801669 25.19776908 27.44492154 26.68614634 31.71715123 30.70719970 32.98901775 36.54728175
18.57828194 14.31409650 0.00000000 29.63785058 15.10871675 11.59265418 11.56853184 30.90778510 12.97160752 23.09584816 31.36847075 16.94792033 39.20846296 19.27572885 25.37703679 31.10351202 28.02139906 24.78515947 32.53586011 40.25464297
11.05956864 16.73870695 29.63785058 0.00000000 21.00491812 35.96825943 24.90503124 6.85516689 35.42883839 18.32652752 13.26192005 34.06720221 15.08407525 41.90785498 27.35222698 20.84846530 33.64769829 44.21056677 30.80343786 28.49846346
17.13808097 11.48756370 15.10871675 21.00491812 0.00000000 17.45562267 5.03461554 16.20520840 16.90723295 10.50314223 16.90306508 16.97911739 24.86183059 23.38624954 18.48525554 19.54415323 25.78782968 28.33713359 23.71744263 28.95009169
24.90869079 19.25817353 11.59265418 35.96825943 17.45562267 0.00000000 13.27809029 32.84919414 5.75736198 24.23773436 32.66242849 12.17376467 40.50242070 10.17745612 20.62872637 30.16619940 21.29695471 15.40334556 27.76358604 38.78941149
16.02222349 10.37170622 11.56853184 24.90503124 5.03461554 13.27809029 0.00000000 20.10532151 12.20326611 11.63682029 19.79993890 11.94450185 27.63993111 18.68228270 17.74758903 20.93263879 22.60659963 23.30251804 24.62645349 30.08376975
12.79994545 18.39964614 30.90778510 6.85516689 16.20520840 32.84919414 20.10532151 0.00000000 32.30858762 13.13120248 6.86019132 29.06759557 10.84181439 36.77397750 21.27467019 14.44673658 27.33864963 37.90151811 24.49438920 23.88441708
24.36926974 18.71875248 12.97160752 35.42883839 16.90723295 5.75736198 12.20326611 32.30858762 0.00000000 20.19401862 28.61871275 6.53806240 36.45870496 6.85758377 14.99302410 24.53049713 15.91059287 12.15973905 22.12788378 33.15370923
20.62739837 19.21173464 23.09584816 18.32652752 10.50314223 24.23773436 11.63682029 13.13120248 20.19401862 0.00000000 8.42469413 16.27432833 16.26468634 24.91131048 9.41317118 9.29581850 16.49852550 27.06139398 13.77728311 18.44694946
19.30306190 21.30047048 31.36847075 13.26192005 16.90306508 32.66242849 19.79993890 6.86019132 28.61871275 8.42469413 0.00000000 23.59023068 8.97769240 30.63457629 15.13526898 7.58654525 21.19924841 31.76211689 18.35498798 17.02422576
26.29418977 20.64367250 16.94792033 34.06720221 16.97911739 12.17376467 11.94450185 29.06759557 6.53806240 16.27432833 23.59023068 0.00000000 31.15189549 8.86663274 8.45496170 17.99243473 11.45075251 11.73155281 15.58793978 26.61564682
23.35887838 29.03801669 39.20846296 15.08407525 24.86183059 40.50242070 27.63993111 10.84181439 36.45870496 16.26468634 8.97769240 31.15189549 0.00000000 38.19624110 22.69693379 13.94468846 28.47914197 39.04201045 24.68835836 13.41438821
30.84828634 25.19776908 19.27572885 41.90785498 23.38624954 10.17745612 18.68228270 36.77397750 6.85758377 24.91131048 30.63457629 8.86663274 38.19624110 0.00000000 15.49930731 25.03678034 12.11355845 5.50943063 20.21628496 31.58582594
29.71436599 27.44492154 25.37703679 27.35222698 18.48525554 20.62872637 17.74758903 21.27467019 14.99302410 9.41317118 15.13526898 8.45496170 22.69693379 15.49930731 0.00000000 9.53747303 7.81185155 18.21284559 8.45794356 18.16068513
25.08570751 26.68614634 31.10351202 20.84846530 19.54415323 30.16619940 20.93263879 14.44673658 24.53049713 9.29581850 7.58654525 17.99243473 13.94468846 25.03678034 9.53747303 0.00000000 14.53445351 25.09732199 11.21325107 10.84352517
36.15179519 31.71715123 28.02139906 33.64769829 25.78782968 21.29695471 22.60659963 27.33864963 15.91059287 16.49852550 21.19924841 11.45075251 28.47914197 12.11355845 7.81185155 14.53445351 0.00000000 10.56286848 8.10272651 19.47226749
36.35771697 30.70719970 24.78515947 44.21056677 28.33713359 15.40334556 23.30251804 37.90151811 12.15973905 27.06139398 31.76211689 11.73155281 39.04201045 5.50943063 18.21284559 25.09732199 10.56286848 0.00000000 18.17992022 29.54946120
33.30753476 32.98901775 32.53586011 30.80343786 23.71744263 27.76358604 24.62645349 24.49438920 22.12788378 13.77728311 18.35498798 15.58793978 24.68835836 20.21628496 8.45794356 11.21325107 8.10272651 18.17992022 0.00000000 11.36954098
34.94684292 36.54728175 40.25464297 28.49846346 28.95009169 38.78941149 30.08376975 23.88441708 33.15370923 18.44694946 17.02422576 26.61564682 13.41438821 31.58582594 18.16068513 10.84352517 19.47226749 29.54946120 11.36954098 0.00000000
