0.00000000 89.94112550 59.79898987 14.48528137 41.45584412 100.18376618 5.41421356 73.21320344 18.48528137 95.55634919 11.82842712 60.55634919 30.97056275 59.21320344 19.48528137 55.97056275 44.87005769 76.87005769 27.79898987 90.52691193 36.55634919 94.28427125 64.01219331 93.94112550 95.45584412 42.45584412 66.01219331 106.25483400 83.62741700 47.62741700 56.59797975 111.76955262 55.62741700 102.35533906 71.91168825 120.49747468 122.18376618 69.04163056 94.08326112 70.69848481 100.01219331 126.94112550 79.76955262 88.25483400 140.25483400 85.76955262 106.15432893 125.25483400 104.52691193 131.88225099 112.08326112 152.88225099 107.42640687 96.76955262 142.05382387 122.91168825 112.49747468 103.52691193 128.56854249 151.53910524
89.94112550 0.00000000 33.07106781 77.11269837 55.11269837 10.24264069 89.69848481 15.07106781 71.45584412 14.72792206 84.21320344 28.55634919 60.62741700 33.21320344 82.69848481 44.45584412 53.69848481 23.55634919 77.59797975 24.24264069 90.01219331 64.52691193 59.76955262 30.48528137 53.21320344 79.56854249 58.01219331 41.97056275 65.18376618 101.08326112 69.32590181 48.31370850 86.88225099 56.21320344 71.76955262 56.21320344 75.31370850 99.71067812 82.18376618 100.53910524 80.94112550 71.97056275 110.43860018 93.32590181 75.97056275 107.81118318 95.76955262 85.11269837 130.71067812 119.15432893 116.66904756 140.15432893 121.32590181 122.95331881 129.32590181 112.91168825 138.68124087 128.88225099 115.84062043 138.81118318
59.79898987 33.07106781 0.00000000 46.97056275 24.97056275 43.31370850 59.55634919 22.14213562 41.31370850 47.79898987 54.07106781 12.89949494 30.48528137 15.65685425 52.55634919 18.07106781 23.55634919 27.45584412 47.45584412 41.11269837 59.87005769 56.38477631 39.48528137 44.52691193 57.55634919 59.28427125 37.72792206 56.84062043 45.72792206 70.94112550 49.04163056 62.35533906 66.59797975 64.45584412 51.48528137 71.08326112 84.28427125 79.42640687 66.14213562 80.25483400 65.72792206 86.84062043 90.15432893 77.28427125 90.84062043 91.76955262 80.55634919 87.35533906 114.08326112 103.94112550 101.45584412 124.94112550 106.11269837 106.32590181 114.11269837 97.69848481 122.05382387 113.08326112 100.62741700 123.59797975
14.48528137 77.11269837 46.97056275 0.00000000 28.62741700 87.35533906 14.24264069 60.38477631 5.65685425 82.72792206 16.07106781 47.72792206 18.14213562 46.38477631 17.48528137 43.14213562 32.04163056 64.04163056 20.82842712 77.69848481 31.24264069 81.45584412 57.87005769 81.11269837 82.62741700 36.31370850 62.79898987 93.42640687 70.79898987 42.31370850 50.45584412 98.94112550 49.48528137 89.52691193 65.76955262 107.66904756 109.35533906 62.89949494 87.94112550 64.55634919 90.79898987 114.11269837 73.62741700 82.11269837 127.42640687 79.62741700 100.01219331 112.42640687 98.38477631 125.74011537 105.94112550 146.74011537 101.28427125 90.62741700 135.91168825 116.76955262 106.35533906 97.38477631 122.42640687 145.39696962
41.45584412 55.11269837 24.97056275 28.62741700 0.00000000 65.35533906 41.21320344 38.38477631 22.97056275 60.72792206 35.72792206 25.72792206 13.31370850 24.38477631 34.21320344 21.14213562 18.24264069 42.04163056 28.28427125 55.69848481 41.52691193 59.45584412 42.55634919 59.11269837 60.62741700 46.59797975 40.79898987 71.42640687 48.79898987 52.59797975 52.11269837 76.94112550 59.76955262 67.52691193 54.55634919 85.66904756 87.35533906 73.18376618 69.21320344 74.84062043 68.79898987 92.11269837 83.91168825 80.35533906 105.42640687 89.91168825 83.62741700 90.42640687 108.66904756 107.01219331 104.52691193 128.01219331 109.18376618 100.91168825 117.18376618 100.76955262 116.63961031 107.66904756 103.69848481 126.66904756
100.18376618 10.24264069 43.31370850 87.35533906 65.35533906 0.00000000 99.94112550 22.82842712 81.69848481 6.82842712 94.45584412 36.31370850 70.87005769 40.97056275 92.94112550 48.79898987 63.94112550 26.62741700 87.84062043 23.31370850 100.25483400 63.59797975 67.52691193 29.55634919 52.28427125 87.32590181 65.76955262 41.04163056 62.45584412 101.32590181 77.08326112 47.38477631 94.63961031 55.28427125 79.52691193 55.28427125 74.38477631 107.46803743 81.25483400 108.29646456 80.01219331 71.04163056 118.19595949 92.39696962 75.04163056 106.88225099 94.84062043 84.18376618 129.78174593 118.22539674 115.74011537 139.22539674 120.39696962 122.02438662 128.39696962 111.98275606 137.75230868 127.95331881 114.91168825 137.88225099
5.41421356 89.69848481 59.55634919 14.24264069 41.21320344 99.94112550 0.00000000 72.97056275 19.07106781 95.31370850 7.24264069 59.48528137 29.89949494 58.14213562 14.89949494 54.89949494 43.79898987 75.79898987 23.21320344 89.45584412 31.97056275 87.15432893 59.42640687 92.87005769 88.32590181 37.87005769 61.42640687 105.18376618 75.66904756 43.04163056 52.01219331 102.49747468 51.04163056 94.39696962 67.32590181 119.42640687 114.22539674 64.45584412 89.49747468 66.11269837 95.42640687 118.98275606 75.18376618 83.66904756 139.18376618 81.18376618 101.56854249 117.29646456 99.94112550 127.29646456 107.49747468 148.29646456 102.84062043 92.18376618 137.46803743 118.32590181 107.91168825 98.94112550 123.98275606 146.95331881
73.21320344 15.07106781 22.14213562 60.38477631 38.38477631 22.82842712 72.97056275 0.00000000 54.72792206 25.65685425 67.48528137 13.48528137 43.89949494 18.14213562 65.97056275 25.97056275 36.97056275 14.82842712 60.87005769 23.79898987 73.28427125 60.76955262 44.69848481 28.38477631 51.11269837 64.49747468 42.94112550 40.69848481 50.11269837 78.49747468 54.25483400 46.21320344 71.81118318 54.11269837 56.69848481 54.94112550 74.04163056 84.63961031 70.52691193 85.46803743 70.11269837 70.69848481 95.36753237 81.66904756 74.69848481 96.15432893 84.94112550 83.84062043 119.29646456 108.32590181 105.84062043 129.32590181 110.49747468 111.53910524 118.49747468 102.08326112 127.26702730 118.29646456 105.01219331 127.98275606
18.48528137 71.45584412 41.31370850 5.65685425 22.97056275 81.69848481 19.07106781 54.72792206 0.00000000 77.07106781 16.07106781 42.07106781 12.48528137 40.72792206 15.14213562 37.48528137 26.38477631 58.38477631 16.82842712 72.04163056 28.89949494 75.79898987 58.89949494 75.45584412 76.97056275 33.97056275 57.14213562 87.76955262 65.14213562 39.97056275 48.11269837 93.28427125 47.14213562 83.87005769 63.42640687 102.01219331 103.69848481 60.55634919 85.55634919 62.21320344 85.14213562 108.45584412 71.28427125 79.76955262 121.76955262 77.28427125 99.97056275 106.76955262 96.04163056 123.35533906 103.59797975 144.35533906 98.94112550 88.28427125 133.52691193 117.11269837 104.01219331 95.04163056 120.04163056 143.01219331
95.55634919 14.72792206 47.79898987 82.72792206 60.72792206 6.82842712 95.31370850 25.65685425 77.07106781 0.00000000 89.82842712 35.82842712 66.24264069 40.48528137 88.31370850 53.28427125 59.31370850 26.14213562 83.21320344 18.14213562 95.62741700 58.42640687 67.04163056 24.38477631 47.11269837 86.84062043 65.28427125 35.87005769 57.28427125 100.84062043 76.59797975 42.21320344 94.15432893 50.11269837 79.04163056 50.11269837 69.21320344 106.98275606 76.08326112 107.81118318 74.84062043 65.87005769 117.71067812 87.22539674 69.87005769 101.71067812 89.66904756 79.01219331 124.61017306 113.05382387 110.56854249 134.05382387 115.22539674 116.85281374 123.22539674 106.81118318 132.58073580 122.78174593 109.74011537 132.71067812
11.82842712 84.21320344 54.07106781 16.07106781 35.72792206 94.45584412 7.24264069 67.48528137 16.07106781 89.82842712 0.00000000 54.00000000 24.41421356 52.65685425 7.65685425 49.41421356 38.31370850 70.31370850 16.55634919 83.97056275 24.72792206 79.91168825 52.18376618 87.38477631 81.08326112 30.62741700 54.18376618 99.69848481 68.42640687 35.79898987 44.76955262 95.25483400 43.79898987 87.15432893 60.08326112 113.94112550 106.98275606 57.21320344 82.25483400 58.87005769 88.18376618 111.74011537 67.94112550 76.42640687 126.22539674 73.94112550 94.32590181 110.05382387 92.69848481 120.05382387 100.25483400 141.05382387 95.59797975 84.94112550 130.22539674 111.08326112 100.66904756 91.69848481 116.74011537 139.71067812
60.55634919 28.55634919 12.89949494 47.72792206 25.72792206 36.31370850 59.48528137 13.48528137 42.07106781 35.82842712 54.00000000 0.00000000 30.41421356 5.24264069 52.48528137 12.48528137 23.48528137 16.31370850 47.38477631 29.97056275 59.79898987 48.45584412 32.38477631 33.38477631 49.62741700 52.18376618 30.62741700 45.69848481 37.79898987 70.87005769 41.94112550 51.21320344 59.49747468 59.11269837 44.38477631 59.94112550 79.04163056 72.32590181 58.21320344 73.15432893 57.79898987 75.69848481 83.05382387 69.35533906 79.69848481 83.84062043 72.62741700 79.42640687 106.98275606 96.01219331 93.52691193 117.01219331 98.18376618 99.22539674 106.18376618 89.76955262 114.95331881 105.98275606 92.69848481 115.66904756
30.97056275 60.62741700 30.48528137 18.14213562 13.31370850 70.87005769 29.89949494 43.89949494 12.48528137 66.24264069 24.41421356 30.41421356 0.00000000 29.07106781 22.07106781 25.82842712 14.48528137 46.72792206 16.14213562 60.38477631 29.38477631 64.14213562 47.24264069 63.79898987 65.31370850 34.45584412 45.48528137 76.11269837 53.48528137 40.45584412 48.59797975 81.62741700 47.62741700 72.21320344 59.24264069 90.35533906 92.04163056 61.04163056 73.89949494 62.69848481 73.48528137 96.79898987 71.76955262 80.25483400 110.11269837 77.76955262 88.31370850 95.11269837 96.52691193 111.69848481 104.08326112 132.69848481 99.42640687 88.76955262 121.87005769 105.45584412 104.49747468 95.52691193 108.38477631 131.35533906
59.21320344 33.21320344 15.65685425 46.38477631 24.38477631 40.97056275 58.14213562 18.14213562 40.72792206 40.48528137 52.65685425 5.24264069 29.07106781 0.00000000 51.14213562 7.82842712 22.14213562 17.65685425 46.04163056 31.31370850 58.45584412 43.21320344 27.14213562 34.72792206 44.38477631 46.94112550 25.38477631 47.04163056 32.55634919 60.94112550 36.69848481 52.55634919 54.25483400 51.28427125 39.14213562 61.28427125 71.11269837 67.08326112 52.97056275 67.91168825 52.55634919 77.04163056 77.81118318 64.11269837 81.04163056 78.59797975 67.38477631 74.18376618 101.74011537 90.76955262 88.28427125 111.76955262 92.94112550 93.98275606 100.94112550 84.52691193 109.71067812 100.74011537 87.45584412 110.42640687
19.48528137 82.69848481 52.55634919 17.48528137 34.21320344 92.94112550 14.89949494 65.97056275 15.14213562 88.31370850 7.65685425 52.48528137 22.07106781 51.14213562 0.00000000 47.89949494 35.14213562 68.79898987 10.07106781 82.45584412 17.07106781 72.25483400 44.52691193 85.87005769 73.42640687 22.97056275 46.52691193 98.18376618 60.76955262 28.14213562 37.11269837 87.59797975 36.14213562 79.49747468 52.42640687 102.91168825 99.32590181 49.55634919 74.59797975 51.21320344 80.52691193 104.08326112 60.28427125 68.76955262 118.56854249 66.28427125 86.66904756 102.39696962 85.04163056 112.39696962 92.59797975 133.39696962 87.94112550 77.28427125 122.56854249 103.42640687 93.01219331 84.04163056 109.08326112 132.05382387
55.97056275 44.45584412 18.07106781 43.14213562 21.14213562 48.79898987 54.89949494 25.97056275 37.48528137 53.28427125 49.41421356 12.48528137 25.82842712 7.82842712 47.89949494 0.00000000 18.89949494 23.82842712 42.79898987 37.48528137 55.21320344 39.14213562 22.24264069 40.89949494 40.31370850 42.04163056 20.48528137 53.21320344 28.48528137 56.04163056 31.79898987 58.72792206 49.35533906 47.21320344 34.24264069 67.45584412 67.04163056 62.18376618 48.89949494 63.01219331 48.48528137 71.79898987 72.91168825 60.04163056 87.21320344 74.52691193 63.31370850 70.11269837 96.84062043 86.69848481 84.21320344 107.69848481 88.87005769 89.08326112 96.87005769 80.45584412 104.81118318 95.84062043 83.38477631 106.35533906
44.87005769 53.69848481 23.55634919 32.04163056 18.24264069 63.94112550 43.79898987 36.97056275 26.38477631 59.31370850 38.31370850 23.48528137 14.48528137 22.14213562 35.14213562 18.89949494 0.00000000 39.79898987 25.07106781 53.45584412 37.48528137 57.21320344 40.31370850 56.87005769 58.38477631 42.55634919 38.55634919 69.18376618 46.55634919 48.55634919 49.87005769 74.69848481 55.72792206 65.28427125 52.31370850 83.42640687 85.11269837 69.14213562 66.97056275 70.79898987 66.55634919 89.87005769 79.87005769 78.11269837 103.18376618 85.87005769 81.38477631 88.18376618 104.62741700 104.76955262 102.28427125 125.76955262 107.52691193 96.87005769 114.94112550 98.52691193 112.59797975 103.62741700 101.45584412 124.42640687
76.87005769 23.55634919 27.45584412 64.04163056 42.04163056 26.62741700 75.79898987 14.82842712 58.38477631 26.14213562 70.31370850 16.31370850 46.72792206 17.65685425 68.79898987 23.82842712 39.79898987 0.00000000 63.69848481 13.65685425 76.11269837 51.11269837 40.89949494 17.07106781 39.79898987 60.69848481 39.14213562 29.38477631 46.31370850 74.69848481 50.45584412 34.89949494 68.01219331 42.79898987 52.89949494 43.62741700 62.72792206 80.84062043 66.72792206 81.66904756 66.31370850 59.38477631 91.56854249 77.87005769 63.38477631 92.35533906 81.14213562 72.52691193 115.49747468 104.52691193 102.04163056 125.52691193 106.69848481 107.74011537 114.69848481 98.28427125 123.46803743 114.49747468 101.21320344 124.18376618
27.79898987 77.59797975 47.45584412 20.82842712 28.28427125 87.84062043 23.21320344 60.87005769 16.82842712 83.21320344 16.55634919 47.38477631 16.14213562 46.04163056 10.07106781 42.79898987 25.07106781 63.69848481 0.00000000 77.35533906 13.24264069 67.59797975 39.87005769 80.76955262 68.76955262 18.31370850 41.87005769 93.08326112 56.11269837 24.31370850 32.45584412 82.94112550 31.48528137 74.84062043 47.76955262 107.32590181 94.66904756 44.89949494 69.94112550 46.55634919 75.87005769 99.42640687 55.62741700 64.11269837 113.91168825 61.62741700 82.01219331 97.74011537 80.38477631 107.74011537 87.94112550 128.74011537 83.28427125 72.62741700 117.91168825 98.76955262 88.35533906 79.38477631 104.42640687 127.39696962
90.52691193 24.24264069 41.11269837 77.69848481 55.69848481 23.31370850 89.45584412 23.79898987 72.04163056 18.14213562 83.97056275 29.97056275 60.38477631 31.31370850 82.45584412 37.48528137 53.45584412 13.65685425 77.35533906 0.00000000 89.76955262 40.87005769 51.24264069 6.82842712 29.55634919 71.04163056 49.48528137 18.31370850 39.72792206 85.04163056 60.79898987 24.65685425 78.35533906 32.55634919 63.24264069 32.55634919 51.65685425 91.18376618 58.52691193 83.08326112 57.28427125 48.31370850 101.91168825 69.66904756 52.31370850 84.15432893 72.11269837 61.45584412 107.05382387 95.49747468 93.01219331 116.49747468 97.66904756 99.29646456 105.66904756 89.25483400 115.02438662 105.22539674 92.18376618 115.15432893
36.55634919 90.01219331 59.87005769 31.24264069 41.52691193 100.25483400 31.97056275 73.28427125 28.89949494 95.62741700 24.72792206 59.79898987 29.38477631 58.45584412 17.07106781 55.21320344 37.48528137 76.11269837 13.24264069 89.76955262 0.00000000 69.76955262 42.04163056 93.18376618 70.94112550 18.72792206 44.04163056 93.69848481 58.28427125 15.41421356 34.62741700 85.11269837 27.55634919 77.01219331 49.94112550 100.42640687 93.42640687 41.79898987 66.84062043 43.45584412 72.76955262 98.18376618 52.52691193 61.01219331 112.66904756 58.52691193 78.91168825 96.49747468 77.28427125 104.63961031 84.84062043 125.63961031 80.18376618 69.52691193 114.81118318 95.66904756 85.25483400 76.28427125 101.32590181 124.29646456
94.28427125 64.52691193 56.38477631 81.45584412 59.45584412 63.59797975 87.15432893 60.76955262 75.79898987 58.42640687 79.91168825 48.45584412 64.14213562 43.21320344 72.25483400 39.14213562 57.21320344 51.11269837 67.59797975 40.87005769 69.76955262 0.00000000 37.04163056 34.04163056 12.48528137 51.04163056 25.72792206 37.38477631 15.24264069 64.21320344 35.14213562 29.62741700 57.52691193 27.97056275 29.97056275 44.94112550 56.62741700 70.35533906 39.31370850 63.87005769 38.07106781 56.59797975 81.08326112 50.45584412 60.59797975 64.94112550 52.89949494 59.69848481 87.84062043 76.28427125 73.79898987 97.28427125 78.45584412 80.08326112 86.45584412 70.04163056 95.81118318 86.01219331 72.97056275 95.94112550
64.01219331 59.76955262 39.48528137 57.87005769 42.55634919 67.52691193 59.42640687 44.69848481 58.89949494 67.04163056 52.18376618 32.38477631 47.24264069 27.14213562 44.52691193 22.24264069 40.31370850 40.89949494 39.87005769 51.24264069 42.04163056 37.04163056 0.00000000 54.65685425 38.21320344 23.31370850 11.31370850 66.97056275 26.38477631 37.31370850 15.41421356 53.21320344 30.62741700 45.11269837 27.55634919 68.52691193 64.94112550 43.45584412 46.79898987 44.28427125 46.38477631 69.69848481 54.18376618 57.94112550 84.18376618 59.35533906 61.21320344 68.01219331 78.11269837 84.59797975 82.11269837 105.59797975 81.01219331 70.35533906 94.76955262 78.35533906 86.08326112 77.11269837 81.28427125 104.25483400
93.94112550 30.48528137 44.52691193 81.11269837 59.11269837 29.55634919 92.87005769 28.38477631 75.45584412 24.38477631 87.38477631 33.38477631 63.79898987 34.72792206 85.87005769 40.89949494 56.87005769 17.07106781 80.76955262 6.82842712 93.18376618 34.04163056 54.65685425 0.00000000 22.72792206 74.45584412 52.89949494 13.72792206 32.89949494 88.45584412 64.21320344 17.82842712 81.76955262 25.72792206 50.55634919 27.38477631 46.48528137 94.59797975 51.69848481 76.25483400 50.45584412 43.14213562 94.49747468 62.84062043 47.14213562 77.32590181 65.28427125 56.28427125 100.22539674 88.66904756 86.18376618 109.66904756 90.84062043 92.46803743 98.84062043 82.42640687 108.19595949 98.39696962 85.35533906 108.32590181
95.45584412 53.21320344 57.55634919 82.62741700 60.62741700 52.28427125 88.32590181 51.11269837 76.97056275 47.11269837 81.08326112 49.62741700 65.31370850 44.38477631 73.42640687 40.31370850 58.38477631 39.79898987 68.76955262 29.55634919 70.94112550 12.48528137 38.21320344 22.72792206 0.00000000 52.21320344 26.89949494 26.07106781 13.48528137 65.38477631 36.31370850 18.31370850 58.69848481 16.65685425 31.14213562 33.62741700 48.62741700 71.52691193 34.62741700 59.18376618 33.38477631 45.28427125 77.42640687 45.76955262 49.28427125 60.25483400 48.21320344 55.01219331 83.15432893 71.59797975 69.11269837 92.59797975 73.76955262 75.39696962 81.76955262 65.35533906 91.12489168 81.32590181 68.28427125 91.25483400
42.45584412 79.56854249 59.28427125 36.31370850 46.59797975 87.32590181 37.87005769 64.49747468 33.97056275 86.84062043 30.62741700 52.18376618 34.45584412 46.94112550 22.97056275 42.04163056 42.55634919 60.69848481 18.31370850 71.04163056 18.72792206 51.04163056 23.31370850 74.45584412 52.21320344 0.00000000 25.31370850 74.97056275 39.55634919 16.48528137 15.89949494 66.38477631 15.65685425 58.28427125 31.21320344 81.69848481 78.11269837 29.07106781 53.28427125 29.89949494 59.21320344 82.87005769 39.79898987 47.45584412 97.35533906 44.97056275 65.35533906 81.18376618 63.72792206 91.08326112 71.28427125 112.08326112 66.62741700 55.97056275 101.25483400 82.11269837 71.69848481 62.72792206 87.76955262 110.74011537
66.01219331 58.01219331 37.72792206 62.79898987 40.79898987 65.76955262 61.42640687 42.94112550 57.14213562 65.28427125 54.18376618 30.62741700 45.48528137 25.38477631 46.52691193 20.48528137 38.55634919 39.14213562 41.87005769 49.48528137 44.04163056 25.72792206 11.31370850 52.89949494 26.89949494 25.31370850 0.00000000 49.65685425 15.07106781 39.31370850 15.07106781 41.89949494 32.62741700 33.79898987 16.24264069 57.21320344 53.62741700 45.45584412 35.48528137 46.28427125 35.07106781 58.38477631 56.18376618 46.62741700 72.87005769 61.35533906 49.89949494 56.69848481 80.11269837 73.28427125 70.79898987 94.28427125 75.45584412 72.35533906 83.45584412 67.04163056 88.08326112 79.11269837 69.97056275 92.94112550
106.25483400 41.97056275 56.84062043 93.42640687 71.42640687 41.04163056 105.18376618 40.69848481 87.76955262 35.87005769 99.69848481 45.69848481 76.11269837 47.04163056 98.18376618 53.21320344 69.18376618 29.38477631 93.08326112 18.31370850 93.69848481 37.38477631 66.97056275 13.72792206 26.07106781 74.97056275 49.65685425 0.00000000 36.24264069 88.14213562 59.07106781 15.31370850 81.45584412 29.07106781 53.89949494 14.24264069 37.48528137 94.28427125 55.04163056 79.59797975 53.79898987 34.14213562 97.84062043 66.18376618 37.31370850 80.66904756 61.11269837 47.28427125 103.56854249 80.35533906 78.69848481 101.35533906 83.35533906 95.81118318 90.52691193 74.94112550 111.53910524 101.74011537 77.04163056 100.01219331
83.62741700 65.18376618 45.72792206 70.79898987 48.79898987 62.45584412 75.66904756 50.11269837 65.14213562 57.28427125 68.42640687 37.79898987 53.48528137 32.55634919 60.76955262 28.48528137 46.55634919 46.31370850 56.11269837 39.72792206 58.28427125 15.24264069 26.38477631 32.89949494 13.48528137 39.55634919 15.07106781 36.24264069 0.00000000 52.72792206 23.65685425 27.65685425 46.04163056 18.72792206 18.48528137 42.97056275 41.38477631 58.87005769 24.07106781 48.62741700 22.82842712 46.14213562 66.87005769 35.21320344 58.62741700 49.69848481 37.65685425 44.45584412 72.59797975 61.04163056 58.55634919 82.04163056 63.21320344 64.84062043 71.21320344 54.79898987 80.56854249 70.76955262 57.72792206 80.69848481
47.62741700 101.08326112 70.94112550 42.31370850 52.59797975 101.32590181 43.04163056 78.49747468 39.97056275 100.84062043 35.79898987 70.87005769 40.45584412 60.94112550 28.14213562 56.04163056 48.55634919 74.69848481 24.31370850 85.04163056 15.41421356 64.21320344 37.31370850 88.45584412 65.38477631 16.48528137 39.31370850 88.14213562 52.72792206 0.00000000 29.07106781 79.55634919 13.31370850 71.45584412 44.38477631 94.87005769 78.59797975 26.97056275 52.01219331 28.62741700 57.94112550 83.35533906 37.69848481 46.18376618 97.84062043 43.69848481 64.08326112 81.66904756 62.45584412 89.81118318 70.01219331 110.81118318 65.35533906 54.69848481 99.98275606 80.84062043 70.42640687 61.45584412 86.49747468 109.46803743
56.59797975 69.32590181 49.04163056 50.45584412 52.11269837 77.08326112 52.01219331 54.25483400 48.11269837 76.59797975 44.76955262 41.94112550 48.59797975 36.69848481 37.11269837 31.79898987 49.87005769 50.45584412 32.45584412 60.79898987 34.62741700 35.14213562 15.41421356 64.21320344 36.31370850 15.89949494 15.07106781 59.07106781 23.65685425 29.07106781 0.00000000 50.48528137 22.38477631 42.38477631 15.31370850 65.79898987 62.21320344 35.21320344 44.07106781 36.04163056 43.65685425 66.97056275 45.94112550 53.59797975 81.45584412 51.11269837 58.48528137 65.28427125 69.87005769 81.87005769 77.42640687 102.87005769 72.76955262 62.11269837 92.04163056 75.62741700 77.84062043 68.87005769 78.55634919 101.52691193
111.76955262 48.31370850 62.35533906 98.94112550 76.94112550 47.38477631 102.49747468 46.21320344 93.28427125 42.21320344 95.25483400 51.21320344 81.62741700 52.55634919 87.59797975 58.72792206 74.69848481 34.89949494 82.94112550 24.65685425 85.11269837 29.62741700 53.21320344 17.82842712 18.31370850 66.38477631 41.89949494 15.31370850 27.65685425 79.55634919 50.48528137 0.00000000 72.87005769 20.48528137 45.31370850 17.07106781 30.89949494 85.69848481 46.45584412 71.01219331 45.21320344 27.55634919 89.25483400 57.59797975 31.55634919 72.08326112 54.52691193 40.69848481 94.98275606 73.76955262 72.11269837 94.76955262 76.76955262 87.22539674 83.94112550 68.35533906 102.95331881 93.15432893 70.45584412 93.42640687
55.62741700 86.88225099 66.59797975 49.48528137 59.76955262 94.63961031 51.04163056 71.81118318 47.14213562 94.15432893 43.79898987 59.49747468 47.62741700 54.25483400 36.14213562 49.35533906 55.72792206 68.01219331 31.48528137 78.35533906 27.55634919 57.52691193 30.62741700 81.76955262 58.69848481 15.65685425 32.62741700 81.45584412 46.04163056 13.31370850 22.38477631 72.87005769 0.00000000 64.76955262 37.69848481 88.18376618 65.87005769 14.24264069 39.28427125 15.89949494 45.21320344 70.62741700 24.97056275 33.45584412 85.11269837 30.97056275 51.35533906 68.94112550 49.72792206 77.08326112 57.28427125 98.08326112 52.62741700 41.97056275 87.25483400 68.11269837 57.69848481 48.72792206 73.76955262 96.74011537
102.35533906 56.21320344 64.45584412 89.52691193 67.52691193 55.28427125 94.39696962 54.11269837 83.87005769 50.11269837 87.15432893 59.11269837 72.21320344 51.28427125 79.49747468 47.21320344 65.28427125 42.79898987 74.84062043 32.55634919 77.01219331 27.97056275 45.11269837 25.72792206 16.65685425 58.28427125 33.79898987 29.07106781 18.72792206 71.45584412 42.38477631 20.48528137 64.76955262 0.00000000 37.21320344 35.79898987 47.38477631 72.52691193 30.07106781 54.62741700 28.82842712 47.45584412 72.87005769 41.21320344 51.45584412 55.69848481 43.65685425 50.45584412 78.59797975 67.04163056 64.55634919 88.04163056 69.21320344 70.84062043 77.21320344 60.79898987 86.56854249 76.76955262 63.72792206 86.69848481
71.91168825 71.76955262 51.48528137 65.76955262 54.55634919 79.52691193 67.32590181 56.69848481 63.42640687 79.04163056 60.08326112 44.38477631 59.24264069 39.14213562 52.42640687 34.24264069 52.31370850 52.89949494 47.76955262 63.24264069 49.94112550 29.97056275 27.55634919 50.55634919 31.14213562 31.21320344 16.24264069 53.89949494 18.48528137 44.38477631 15.31370850 45.31370850 37.69848481 37.21320344 0.00000000 60.62741700 57.04163056 50.52691193 38.89949494 51.35533906 38.48528137 61.79898987 61.25483400 50.04163056 76.28427125 64.52691193 53.31370850 60.11269837 85.18376618 76.69848481 74.21320344 97.69848481 78.87005769 77.42640687 86.87005769 70.45584412 93.15432893 84.18376618 73.38477631 96.35533906
120.49747468 56.21320344 71.08326112 107.66904756 85.66904756 55.28427125 119.42640687 54.94112550 102.01219331 50.11269837 113.94112550 59.94112550 90.35533906 61.28427125 102.91168825 67.45584412 83.42640687 43.62741700 107.32590181 32.55634919 100.42640687 44.94112550 68.52691193 27.38477631 33.62741700 81.69848481 57.21320344 14.24264069 42.97056275 94.87005769 65.79898987 17.07106781 88.18376618 35.79898987 60.62741700 0.00000000 29.24264069 95.94112550 60.11269837 78.04163056 47.21320344 25.89949494 96.28427125 62.28427125 29.07106781 79.11269837 52.87005769 39.04163056 102.01219331 72.11269837 70.45584412 93.11269837 75.11269837 94.25483400 82.28427125 66.69848481 109.98275606 94.42640687 68.79898987 91.76955262
122.18376618 75.31370850 84.28427125 109.35533906 87.35533906 74.38477631 114.22539674 74.04163056 103.69848481 69.21320344 106.98275606 79.04163056 92.04163056 71.11269837 99.32590181 67.04163056 85.11269837 62.72792206 94.66904756 51.65685425 93.42640687 56.62741700 64.94112550 46.48528137 48.62741700 78.11269837 53.62741700 37.48528137 41.38477631 78.59797975 62.21320344 30.89949494 65.87005769 47.38477631 57.04163056 29.24264069 0.00000000 70.21320344 34.38477631 52.31370850 21.48528137 16.55634919 70.55634919 36.55634919 31.04163056 53.38477631 27.14213562 23.65685425 76.28427125 46.38477631 44.72792206 67.38477631 49.38477631 68.52691193 56.55634919 40.97056275 84.25483400 68.69848481 43.07106781 66.04163056
69.04163056 99.71067812 79.42640687 62.89949494 73.18376618 107.46803743 64.45584412 84.63961031 60.55634919 106.98275606 57.21320344 72.32590181 61.04163056 67.08326112 49.55634919 62.18376618 69.14213562 80.84062043 44.89949494 91.18376618 41.79898987 70.35533906 43.45584412 94.59797975 71.52691193 29.07106781 45.45584412 94.28427125 58.87005769 26.97056275 35.21320344 85.69848481 14.24264069 72.52691193 50.52691193 95.94112550 70.21320344 0.00000000 43.62741700 17.89949494 49.55634919 74.97056275 14.82842712 37.79898987 89.45584412 31.79898987 55.69848481 73.28427125 47.04163056 81.42640687 54.59797975 102.42640687 49.94112550 39.28427125 91.59797975 65.42640687 55.01219331 46.04163056 72.84062043 101.08326112
94.08326112 82.18376618 66.14213562 87.94112550 69.21320344 81.25483400 89.49747468 70.52691193 85.55634919 76.08326112 82.25483400 58.21320344 73.89949494 52.97056275 74.59797975 48.89949494 66.97056275 66.72792206 69.94112550 58.52691193 66.84062043 39.31370850 46.79898987 51.69848481 34.62741700 53.28427125 35.48528137 55.04163056 24.07106781 52.01219331 44.07106781 46.45584412 39.28427125 30.07106781 38.89949494 60.11269837 34.38477631 43.62741700 0.00000000 25.72792206 12.89949494 39.14213562 43.97056275 15.24264069 53.62741700 26.79898987 25.97056275 37.45584412 49.69848481 49.35533906 46.87005769 70.35533906 51.52691193 41.94112550 59.52691193 43.11269837 57.66904756 47.87005769 46.04163056 69.01219331
70.69848481 100.53910524 80.25483400 64.55634919 74.84062043 108.29646456 66.11269837 85.46803743 62.21320344 107.81118318 58.87005769 73.15432893 62.69848481 67.91168825 51.21320344 63.01219331 70.79898987 81.66904756 46.55634919 83.08326112 43.45584412 63.87005769 44.28427125 76.25483400 59.18376618 29.89949494 46.28427125 79.59797975 48.62741700 28.62741700 36.04163056 71.01219331 15.89949494 54.62741700 51.35533906 78.04163056 52.31370850 17.89949494 25.72792206 0.00000000 31.65685425 57.07106781 19.89949494 19.89949494 71.55634919 15.07106781 37.79898987 55.38477631 33.82842712 63.52691193 41.38477631 84.52691193 36.72792206 26.07106781 73.69848481 52.21320344 41.79898987 32.82842712 59.62741700 83.18376618
100.01219331 80.94112550 65.72792206 90.79898987 68.79898987 80.01219331 95.42640687 70.11269837 85.14213562 74.84062043 88.18376618 57.79898987 73.48528137 52.55634919 80.52691193 48.48528137 66.55634919 66.31370850 75.87005769 57.28427125 72.76955262 38.07106781 46.38477631 50.45584412 33.38477631 59.21320344 35.07106781 53.79898987 22.82842712 57.94112550 43.65685425 45.21320344 45.21320344 28.82842712 38.48528137 47.21320344 21.48528137 49.55634919 12.89949494 31.65685425 0.00000000 26.24264069 49.89949494 15.89949494 40.72792206 32.72792206 14.82842712 24.55634919 55.62741700 38.21320344 35.72792206 59.21320344 40.38477631 47.87005769 48.38477631 31.97056275 63.59797975 53.79898987 34.89949494 57.87005769
126.94112550 71.97056275 86.84062043 114.11269837 92.11269837 71.04163056 118.98275606 70.69848481 108.45584412 65.87005769 111.74011537 75.69848481 96.79898987 77.04163056 104.08326112 71.79898987 89.87005769 59.38477631 99.42640687 48.31370850 98.18376618 56.59797975 69.69848481 43.14213562 45.28427125 82.87005769 58.38477631 34.14213562 46.14213562 83.35533906 66.97056275 27.55634919 70.62741700 47.45584412 61.79898987 25.89949494 16.55634919 74.97056275 39.14213562 57.07106781 26.24264069 0.00000000 75.31370850 41.31370850 14.48528137 58.14213562 31.07106781 14.31370850 81.04163056 50.31370850 48.65685425 71.31370850 53.31370850 73.28427125 60.48528137 44.89949494 89.01219331 72.62741700 47.00000000 69.97056275
79.76955262 110.43860018 90.15432893 73.62741700 83.91168825 118.19595949 75.18376618 95.36753237 71.28427125 117.71067812 67.94112550 83.05382387 71.76955262 77.81118318 60.28427125 72.91168825 79.87005769 91.56854249 55.62741700 101.91168825 52.52691193 81.08326112 54.18376618 94.49747468 77.42640687 39.79898987 56.18376618 97.84062043 66.87005769 37.69848481 45.94112550 89.25483400 24.97056275 72.87005769 61.25483400 96.28427125 70.55634919 14.82842712 43.97056275 19.89949494 49.89949494 75.31370850 0.00000000 37.31370850 89.79898987 24.48528137 55.21320344 73.62741700 39.72792206 78.35533906 47.28427125 99.35533906 42.62741700 31.97056275 88.52691193 58.11269837 47.69848481 38.72792206 65.52691193 98.01219331
88.25483400 93.32590181 77.28427125 82.11269837 80.35533906 92.39696962 83.66904756 81.66904756 79.76955262 87.22539674 76.42640687 69.35533906 80.25483400 64.11269837 68.76955262 60.04163056 78.11269837 77.87005769 64.11269837 69.66904756 61.01219331 50.45584412 57.94112550 62.84062043 45.76955262 47.45584412 46.62741700 66.18376618 35.21320344 46.18376618 53.59797975 57.59797975 33.45584412 41.21320344 50.04163056 62.28427125 36.55634919 37.79898987 15.24264069 19.89949494 15.89949494 41.31370850 37.31370850 0.00000000 55.79898987 20.14213562 17.89949494 39.62741700 43.04163056 43.62741700 41.14213562 64.62741700 45.79898987 35.28427125 53.79898987 37.38477631 51.01219331 41.21320344 40.31370850 63.28427125
140.25483400 75.97056275 90.84062043 127.42640687 105.42640687 75.04163056 139.18376618 74.69848481 121.76955262 69.87005769 126.22539674 79.69848481 110.11269837 81.04163056 118.56854249 87.21320344 103.18376618 63.38477631 113.91168825 52.31370850 112.66904756 60.59797975 84.18376618 47.14213562 49.28427125 97.35533906 72.87005769 37.31370850 58.62741700 97.84062043 81.45584412 31.55634919 85.11269837 51.45584412 76.28427125 29.07106781 31.04163056 89.45584412 53.62741700 71.55634919 40.72792206 14.48528137 89.79898987 55.79898987 0.00000000 72.62741700 45.55634919 22.07106781 95.52691193 64.79898987 63.14213562 85.79898987 67.79898987 87.76955262 74.97056275 59.38477631 103.49747468 87.11269837 61.48528137 84.45584412
85.76955262 107.81118318 91.76955262 79.62741700 89.91168825 106.88225099 81.18376618 96.15432893 77.28427125 101.71067812 73.94112550 83.84062043 77.76955262 78.59797975 66.28427125 74.52691193 85.87005769 92.35533906 61.62741700 84.15432893 58.52691193 64.94112550 59.35533906 77.32590181 60.25483400 44.97056275 61.35533906 80.66904756 49.69848481 43.69848481 51.11269837 72.08326112 30.97056275 55.69848481 64.52691193 79.11269837 53.38477631 31.79898987 26.79898987 15.07106781 32.72792206 58.14213562 24.48528137 20.14213562 72.62741700 0.00000000 38.04163056 56.45584412 24.65685425 62.45584412 31.38477631 83.45584412 26.72792206 16.89949494 72.62741700 42.21320344 32.62741700 22.82842712 49.62741700 82.11269837
106.15432893 95.76955262 80.55634919 100.01219331 83.62741700 94.84062043 101.56854249 84.94112550 99.97056275 89.66904756 94.32590181 72.62741700 88.31370850 67.38477631 86.66904756 63.31370850 81.38477631 81.14213562 82.01219331 72.11269837 78.91168825 52.89949494 61.21320344 65.28427125 48.21320344 65.35533906 49.89949494 61.11269837 37.65685425 64.08326112 58.48528137 54.52691193 51.35533906 43.65685425 53.31370850 52.87005769 27.14213562 55.69848481 25.97056275 37.79898987 14.82842712 31.07106781 55.21320344 17.89949494 45.55634919 38.04163056 0.00000000 29.38477631 60.94112550 25.72792206 23.24264069 46.72792206 27.89949494 50.31370850 35.89949494 19.48528137 67.79898987 47.21320344 22.41421356 45.38477631
125.25483400 85.11269837 87.35533906 112.42640687 90.42640687 84.18376618 117.29646456 83.84062043 106.76955262 79.01219331 110.05382387 79.42640687 95.11269837 74.18376618 102.39696962 70.11269837 88.18376618 72.52691193 97.74011537 61.45584412 96.49747468 59.69848481 68.01219331 56.28427125 55.01219331 81.18376618 56.69848481 47.28427125 44.45584412 81.66904756 65.28427125 40.69848481 68.94112550 50.45584412 60.11269837 39.04163056 23.65685425 73.28427125 37.45584412 55.38477631 24.55634919 14.31370850 73.62741700 39.62741700 22.07106781 56.45584412 29.38477631 0.00000000 79.35533906 48.62741700 46.97056275 69.62741700 51.62741700 71.59797975 58.79898987 43.21320344 87.32590181 70.94112550 45.31370850 68.28427125
104.52691193 130.71067812 114.08326112 98.38477631 108.66904756 129.78174593 99.94112550 119.29646456 96.04163056 124.61017306 92.69848481 106.98275606 96.52691193 101.74011537 85.04163056 96.84062043 104.62741700 115.49747468 80.38477631 107.05382387 77.28427125 87.84062043 78.11269837 100.22539674 83.15432893 63.72792206 80.11269837 103.56854249 72.59797975 62.45584412 69.87005769 94.98275606 49.72792206 78.59797975 85.18376618 102.01219331 76.28427125 47.04163056 49.69848481 33.82842712 55.62741700 81.04163056 39.72792206 43.04163056 95.52691193 24.65685425 60.94112550 79.35533906 0.00000000 72.62741700 41.55634919 93.62741700 36.89949494 15.07106781 82.79898987 52.38477631 13.24264069 25.38477631 59.79898987 92.28427125
131.88225099 119.15432893 103.94112550 125.74011537 107.01219331 118.22539674 127.29646456 108.32590181 123.35533906 113.05382387 120.05382387 96.01219331 111.69848481 90.76955262 112.39696962 86.69848481 104.76955262 104.52691193 107.74011537 95.49747468 104.63961031 76.28427125 84.59797975 88.66904756 71.59797975 91.08326112 73.28427125 80.35533906 61.04163056 89.81118318 81.87005769 73.76955262 77.08326112 67.04163056 76.69848481 72.11269837 46.38477631 81.42640687 49.35533906 63.52691193 38.21320344 50.31370850 78.35533906 43.62741700 64.79898987 62.45584412 25.72792206 48.62741700 72.62741700 0.00000000 32.72792206 23.82842712 35.72792206 58.14213562 16.31370850 21.89949494 75.62741700 55.04163056 18.72792206 25.79898987
112.08326112 116.66904756 101.45584412 105.94112550 104.52691193 115.74011537 107.49747468 105.84062043 103.59797975 110.56854249 100.25483400 93.52691193 104.08326112 88.28427125 92.59797975 84.21320344 102.28427125 102.04163056 87.94112550 93.01219331 84.84062043 73.79898987 82.11269837 86.18376618 69.11269837 71.28427125 70.79898987 78.69848481 58.55634919 70.01219331 77.42640687 72.11269837 57.28427125 64.55634919 74.21320344 70.45584412 44.72792206 54.59797975 46.87005769 41.38477631 35.72792206 48.65685425 47.28427125 41.14213562 63.14213562 31.38477631 23.24264069 46.97056275 41.55634919 32.72792206 0.00000000 53.72792206 5.24264069 27.07106781 42.89949494 15.07106781 44.55634919 23.97056275 22.97056275 52.38477631
152.88225099 140.15432893 124.94112550 146.74011537 128.01219331 139.22539674 148.29646456 129.32590181 144.35533906 134.05382387 141.05382387 117.01219331 132.69848481 111.76955262 133.39696962 107.69848481 125.76955262 125.52691193 128.74011537 116.49747468 125.63961031 97.28427125 105.59797975 109.66904756 92.59797975 112.08326112 94.28427125 101.35533906 82.04163056 110.81118318 102.87005769 94.76955262 98.08326112 88.04163056 97.69848481 93.11269837 67.38477631 102.42640687 70.35533906 84.52691193 59.21320344 71.31370850 99.35533906 64.62741700 85.79898987 83.45584412 46.72792206 69.62741700 93.62741700 23.82842712 53.72792206 0.00000000 56.72792206 79.14213562 12.48528137 42.89949494 96.62741700 76.04163056 39.72792206 13.24264069
107.42640687 121.32590181 106.11269837 101.28427125 109.18376618 120.39696962 102.84062043 110.49747468 98.94112550 115.22539674 95.59797975 98.18376618 99.42640687 92.94112550 87.94112550 88.87005769 107.52691193 106.69848481 83.28427125 97.66904756 80.18376618 78.45584412 81.01219331 90.84062043 73.76955262 66.62741700 75.45584412 83.35533906 63.21320344 65.35533906 72.76955262 76.76955262 52.62741700 69.21320344 78.87005769 75.11269837 49.38477631 49.94112550 51.52691193 36.72792206 40.38477631 53.31370850 42.62741700 45.79898987 67.79898987 26.72792206 27.89949494 51.62741700 36.89949494 35.72792206 5.24264069 56.72792206 0.00000000 22.41421356 45.89949494 16.31370850 39.89949494 19.31370850 23.72792206 55.38477631
96.76955262 122.95331881 106.32590181 90.62741700 100.91168825 122.02438662 92.18376618 111.53910524 88.28427125 116.85281374 84.94112550 99.22539674 88.76955262 93.98275606 77.28427125 89.08326112 96.87005769 107.74011537 72.62741700 99.29646456 69.52691193 80.08326112 70.35533906 92.46803743 75.39696962 55.97056275 72.35533906 95.81118318 64.84062043 54.69848481 62.11269837 87.22539674 41.97056275 70.84062043 77.42640687 94.25483400 68.52691193 39.28427125 41.94112550 26.07106781 47.87005769 73.28427125 31.97056275 35.28427125 87.76955262 16.89949494 50.31370850 71.59797975 15.07106781 58.14213562 27.07106781 79.14213562 22.41421356 0.00000000 68.31370850 37.89949494 17.48528137 10.89949494 45.31370850 77.79898987
142.05382387 129.32590181 114.11269837 135.91168825 117.18376618 128.39696962 137.46803743 118.49747468 133.52691193 123.22539674 130.22539674 106.18376618 121.87005769 100.94112550 122.56854249 96.87005769 114.94112550 114.69848481 117.91168825 105.66904756 114.81118318 86.45584412 94.76955262 98.84062043 81.76955262 101.25483400 83.45584412 90.52691193 71.21320344 99.98275606 92.04163056 83.94112550 87.25483400 77.21320344 86.87005769 82.28427125 56.55634919 91.59797975 59.52691193 73.69848481 48.38477631 60.48528137 88.52691193 53.79898987 74.97056275 72.62741700 35.89949494 58.79898987 82.79898987 16.31370850 42.89949494 12.48528137 45.89949494 68.31370850 0.00000000 31.24264069 85.79898987 65.21320344 28.07106781 9.48528137
122.91168825 112.91168825 97.69848481 116.76955262 100.76955262 111.98275606 118.32590181 102.08326112 117.11269837 106.81118318 111.08326112 89.76955262 105.45584412 84.52691193 103.42640687 80.45584412 98.52691193 98.28427125 98.76955262 89.25483400 95.66904756 70.04163056 78.35533906 82.42640687 65.35533906 82.11269837 67.04163056 74.94112550 54.79898987 80.84062043 75.62741700 68.35533906 68.11269837 60.79898987 70.45584412 66.69848481 40.97056275 65.42640687 43.11269837 52.21320344 31.97056275 44.89949494 58.11269837 37.38477631 59.38477631 42.21320344 19.48528137 43.21320344 52.38477631 21.89949494 15.07106781 42.89949494 16.31370850 37.89949494 31.24264069 0.00000000 54.55634919 33.97056275 9.07106781 40.72792206
112.49747468 138.68124087 122.05382387 106.35533906 116.63961031 137.75230868 107.91168825 127.26702730 104.01219331 132.58073580 100.66904756 114.95331881 104.49747468 109.71067812 93.01219331 104.81118318 112.59797975 123.46803743 88.35533906 115.02438662 85.25483400 95.81118318 86.08326112 108.19595949 91.12489168 71.69848481 88.08326112 111.53910524 80.56854249 70.42640687 77.84062043 102.95331881 57.69848481 86.56854249 93.15432893 109.98275606 84.25483400 55.01219331 57.66904756 41.79898987 63.59797975 89.01219331 47.69848481 51.01219331 103.49747468 32.62741700 67.79898987 87.32590181 13.24264069 75.62741700 44.55634919 96.62741700 39.89949494 17.48528137 85.79898987 54.55634919 0.00000000 22.82842712 61.97056275 95.28427125
103.52691193 128.88225099 113.08326112 97.38477631 107.66904756 127.95331881 98.94112550 118.29646456 95.04163056 122.78174593 91.69848481 105.98275606 95.52691193 100.74011537 84.04163056 95.84062043 103.62741700 114.49747468 79.38477631 105.22539674 76.28427125 86.01219331 77.11269837 98.39696962 81.32590181 62.72792206 79.11269837 101.74011537 70.76955262 61.45584412 68.87005769 93.15432893 48.72792206 76.76955262 84.18376618 94.42640687 68.69848481 46.04163056 47.87005769 32.82842712 53.79898987 72.62741700 38.72792206 41.21320344 87.11269837 22.82842712 47.21320344 70.94112550 25.38477631 55.04163056 23.97056275 76.04163056 19.31370850 10.89949494 65.21320344 33.97056275 22.82842712 0.00000000 41.38477631 74.69848481
128.56854249 115.84062043 100.62741700 122.42640687 103.69848481 114.91168825 123.98275606 105.01219331 120.04163056 109.74011537 116.74011537 92.69848481 108.38477631 87.45584412 109.08326112 83.38477631 101.45584412 101.21320344 104.42640687 92.18376618 101.32590181 72.97056275 81.28427125 85.35533906 68.28427125 87.76955262 69.97056275 77.04163056 57.72792206 86.49747468 78.55634919 70.45584412 73.76955262 63.72792206 73.38477631 68.79898987 43.07106781 72.84062043 46.04163056 59.62741700 34.89949494 47.00000000 65.52691193 40.31370850 61.48528137 49.62741700 22.41421356 45.31370850 59.79898987 18.72792206 22.97056275 39.72792206 23.72792206 45.31370850 28.07106781 9.07106781 61.97056275 41.38477631 0.00000000 37.55634919
151.53910524 138.81118318 123.59797975 145.39696962 126.66904756 137.88225099 146.95331881 127.98275606 143.01219331 132.71067812 139.71067812 115.66904756 131.35533906 110.42640687 132.05382387 106.35533906 124.42640687 124.18376618 127.39696962 115.15432893 124.29646456 95.94112550 104.25483400 108.32590181 91.25483400 110.74011537 92.94112550 100.01219331 80.69848481 109.46803743 101.52691193 93.42640687 96.74011537 86.69848481 96.35533906 91.76955262 66.04163056 101.08326112 69.01219331 83.18376618 57.87005769 69.97056275 98.01219331 63.28427125 84.45584412 82.11269837 45.38477631 68.28427125 92.28427125 25.79898987 52.38477631 13.24264069 55.38477631 77.79898987 9.48528137 40.72792206 95.28427125 74.69848481 37.55634919 0.00000000
