0.00000000 91.66904756 72.57716447 10.60660172 57.06244584 98.03300859 8.12132034 100.19848481 27.72792206 133.71320344 17.74264069 80.90254326 40.40254326 78.57716447 29.22792206 66.21320344 60.94112550 105.06244584 41.69848481 88.48706704 51.52386361 109.87310601 90.58630945 94.35838739 111.63046533 59.75178567 93.58630945 112.20762979 93.57716447 68.13046533 79.15432893 121.10102807 79.50914498 121.66904756 102.12489168 133.57159082 148.41168825 98.13046533 133.88225099 100.30508653 142.77564928 155.23706704 114.22234842 124.82895014 161.39696962 122.91168825 151.67819254 152.70762979 149.54772721 186.95941546 159.07159082 218.45941546 152.08630945 137.91168825 201.90611460 175.00357134 161.50357134 147.73706704 183.79951288 216.13403666
91.66904756 0.00000000 8.48528137 72.42640687 43.92640687 15.36396103 90.99442636 22.60660172 63.94112550 22.09188309 82.76650429 42.83452378 51.57716447 49.81980515 78.63046533 40.56244584 38.18376618 35.33452378 50.91168825 35.30330086 61.72234842 91.35838739 69.22234842 41.79594155 74.38782464 97.42083323 66.58630945 59.64518395 76.15432893 78.32895014 83.55687220 68.53858223 108.08073580 78.57716447 87.22234842 81.00914498 108.15990258 125.51271632 115.72234842 127.06601718 114.16904756 103.14518395 141.60459941 132.43555185 108.83452378 152.35281374 136.41168825 122.85838739 184.89139598 168.17819254 166.26093065 199.67819254 173.24621202 173.25535701 183.12489168 160.62489168 196.84724010 182.45941546 165.01828996 197.35281374
72.57716447 8.48528137 0.00000000 53.33452378 24.83452378 14.84924240 71.90254326 19.09188309 44.84924240 27.57716447 63.67462120 19.34924240 32.48528137 23.48528137 59.53858223 8.48528137 19.09188309 41.18376618 31.81980515 45.60838739 42.63046533 52.14518395 28.91726189 51.47970773 53.90254326 57.11574670 26.28122292 69.32895014 35.84924240 59.23706704 43.25178567 78.22234842 67.77564928 63.94112550 46.91726189 90.69291117 90.68376618 85.20762979 64.97056275 86.76093065 64.34924240 112.82895014 101.29951288 81.68376618 118.51828996 101.60102807 86.59188309 94.97970773 136.00357134 118.35838739 116.44112550 149.85838739 123.42640687 124.36753237 133.30508653 110.80508653 147.95941546 134.19291117 115.19848481 147.53300859
10.60660172 72.42640687 53.33452378 0.00000000 37.81980515 78.79036790 21.36396103 80.95584412 8.48528137 114.47056275 24.10660172 61.65990258 21.15990258 59.33452378 26.22792206 46.97056275 41.69848481 85.81980515 31.24264069 69.24442636 42.93198052 90.63046533 81.99442636 75.11574670 92.38782464 51.15990258 64.76650429 92.96498910 74.33452378 59.53858223 70.56244584 101.85838739 70.91726189 102.42640687 93.53300859 114.32895014 129.16904756 89.53858223 125.29036790 91.71320344 102.83452378 135.99442636 105.63046533 116.23706704 142.15432893 114.31980515 143.08630945 133.46498910 140.95584412 178.36753237 150.47970773 209.86753237 143.49442636 129.31980515 193.31423151 166.41168825 152.91168825 139.14518395 175.20762979 207.54215357
57.06244584 43.92640687 24.83452378 37.81980515 0.00000000 50.29036790 56.38782464 52.45584412 29.33452378 85.97056275 48.15990258 33.15990258 19.97056275 30.83452378 44.95584412 18.47056275 27.36396103 57.31980515 36.06244584 40.74442636 48.99442636 62.13046533 38.90254326 46.61574670 63.88782464 57.22234842 36.26650429 64.46498910 45.83452378 65.60102807 53.23706704 73.35838739 76.97970773 73.92640687 56.90254326 85.82895014 100.66904756 95.60102807 74.95584412 97.77564928 74.33452378 107.49442636 111.69291117 91.66904756 113.65432893 120.38225099 96.57716447 104.96498910 147.01828996 128.34366876 126.42640687 159.84366876 133.41168825 135.38225099 143.29036790 120.79036790 158.97413409 145.20762979 125.18376618 157.51828996
98.03300859 15.36396103 14.84924240 78.79036790 50.29036790 0.00000000 97.35838739 34.24264069 70.30508653 10.24264069 89.13046533 54.47056275 57.94112550 61.45584412 84.99442636 73.19848481 44.54772721 39.94112550 57.27564928 33.90990258 68.08630945 89.96498910 62.85838739 40.40254326 72.99442636 91.05687220 60.22234842 58.25178567 87.94112550 111.74621202 77.19291117 67.14518395 101.71677477 77.18376618 80.85838739 79.61574670 106.76650429 119.14875529 114.32895014 120.70205615 112.77564928 101.75178567 135.24063838 131.04215357 107.44112550 150.95941546 135.01828996 121.46498910 183.49799769 166.78479426 164.86753237 198.28479426 171.85281374 171.86195872 181.73149340 159.23149340 195.45384182 181.06601718 163.62489168 195.95941546
8.12132034 90.99442636 71.90254326 21.36396103 56.38782464 97.35838739 0.00000000 99.52386361 28.60660172 133.03858223 10.86396103 80.22792206 39.72792206 77.90254326 22.34924240 65.53858223 59.33452378 104.38782464 34.81980515 87.81244584 44.64518395 123.17819254 83.70762979 93.68376618 124.93555185 52.87310601 86.70762979 111.53300859 106.26093065 61.25178567 72.27564928 145.00357134 72.63046533 134.35281374 95.24621202 132.89696962 161.09545443 91.25178567 127.00357134 93.42640687 135.89696962 167.92083323 107.34366876 117.95027048 160.72234842 116.03300859 144.79951288 165.39139598 142.66904756 180.08073580 152.19291117 211.58073580 145.20762979 131.03300859 195.02743494 168.12489168 154.62489168 140.85838739 176.92083323 209.25535701
100.19848481 22.60660172 19.09188309 80.95584412 52.45584412 34.24264069 99.52386361 0.00000000 72.47056275 38.48528137 91.29594155 20.22792206 60.10660172 27.21320344 87.15990258 38.95584412 46.71320344 22.24264069 59.44112550 34.63782464 70.25178567 81.84366876 58.61574670 39.26650429 71.85838739 86.81423151 55.97970773 57.11574670 65.54772721 107.50357134 72.95027048 66.00914498 97.47413409 76.04772721 76.61574670 78.47970773 105.63046533 114.90611460 94.66904756 116.45941546 94.04772721 100.61574670 130.99799769 111.38225099 106.30508653 131.29951288 116.29036790 120.32895014 165.70205615 148.05687220 146.13961031 179.55687220 153.12489168 154.06601718 163.00357134 140.50357134 177.65790027 163.89139598 144.89696962 177.23149340
27.72792206 63.94112550 44.84924240 8.48528137 29.33452378 70.30508653 28.60660172 72.47056275 0.00000000 105.98528137 24.10660172 53.17462120 12.67462120 50.84924240 22.71320344 38.48528137 33.21320344 77.33452378 25.24264069 60.75914498 39.41726189 82.14518395 58.91726189 66.63046533 83.90254326 47.64518395 56.28122292 84.47970773 65.84924240 56.02386361 67.04772721 93.37310601 67.40254326 93.94112550 90.01828996 105.84366876 120.68376618 86.02386361 94.97056275 88.19848481 94.34924240 127.50914498 102.11574670 112.72234842 133.66904756 110.80508653 116.59188309 124.97970773 137.44112550 148.35838739 146.96498910 179.85838739 139.97970773 125.80508653 163.30508653 140.80508653 149.39696962 135.63046533 145.19848481 177.53300859
133.71320344 22.09188309 27.57716447 114.47056275 85.97056275 10.24264069 133.03858223 38.48528137 105.98528137 0.00000000 124.81066017 53.74264069 93.62132034 60.72792206 120.67462120 40.30508653 80.22792206 39.21320344 92.95584412 26.15254326 103.76650429 82.20762979 50.13046533 32.64518395 65.23706704 78.32895014 47.49442636 50.49442636 80.18376618 99.01828996 64.46498910 59.38782464 88.98885271 69.42640687 68.13046533 71.85838739 99.00914498 106.42083323 106.57159082 107.97413409 105.01828996 93.99442636 122.51271632 123.28479426 99.68376618 143.20205615 127.26093065 113.70762979 175.74063838 159.02743494 157.11017306 190.52743494 164.09545443 164.10459941 173.97413409 151.47413409 187.69648250 173.30865787 155.86753237 188.20205615
17.74264069 82.76650429 63.67462120 24.10660172 48.15990258 89.13046533 10.86396103 91.29594155 24.10660172 124.81066017 0.00000000 72.00000000 31.50000000 69.67462120 11.48528137 57.31066017 51.10660172 96.15990258 24.83452378 79.58452378 33.78122292 112.31423151 72.84366876 85.45584412 114.07159082 42.00914498 75.84366876 103.30508653 95.39696962 50.38782464 61.41168825 134.13961031 61.76650429 123.48885271 84.38225099 124.66904756 150.23149340 80.38782464 116.13961031 82.56244584 125.03300859 157.05687220 96.47970773 107.08630945 178.78479426 105.16904756 133.93555185 154.52743494 131.80508653 169.21677477 141.32895014 200.71677477 134.34366876 120.16904756 184.16347391 157.26093065 143.76093065 129.99442636 166.05687220 198.39139598
80.90254326 42.83452378 19.34924240 61.65990258 33.15990258 54.47056275 80.22792206 20.22792206 53.17462120 53.74264069 72.00000000 0.00000000 40.81066017 7.86396103 67.86396103 18.72792206 27.41726189 24.47056275 40.14518395 24.39518395 50.95584412 67.87310601 43.76650429 30.26650429 69.63046533 71.96498910 41.13046533 48.11574670 51.57716447 67.56244584 58.10102807 57.00914498 82.62489168 67.04772721 61.76650429 69.47970773 96.63046533 100.05687220 80.69848481 101.61017306 80.07716447 91.61574670 116.14875529 97.41168825 97.30508653 117.32895014 102.31980515 110.70762979 150.85281374 134.08630945 132.16904756 165.58630945 139.15432893 139.21677477 149.03300859 126.53300859 162.80865787 149.04215357 130.92640687 163.26093065
40.40254326 51.57716447 32.48528137 21.15990258 19.97056275 57.94112550 39.72792206 60.10660172 12.67462120 93.62132034 31.50000000 40.81066017 0.00000000 38.48528137 26.74264069 26.12132034 21.72792206 64.97056275 17.84924240 48.39518395 27.78122292 69.78122292 46.55330086 54.26650429 71.53858223 36.00914498 43.91726189 72.11574670 53.48528137 44.38782464 55.41168825 81.00914498 55.76650429 81.57716447 64.55330086 93.47970773 108.31980515 74.38782464 82.60660172 76.56244584 81.98528137 115.14518395 90.47970773 101.08630945 121.30508653 99.16904756 104.22792206 112.61574670 125.80508653 135.99442636 135.32895014 167.49442636 128.34366876 114.16904756 150.94112550 128.44112550 137.76093065 123.99442636 132.83452378 165.16904756
78.57716447 49.81980515 23.48528137 59.33452378 30.83452378 61.45584412 77.90254326 27.21320344 50.84924240 60.72792206 69.67462120 7.86396103 38.48528137 0.00000000 65.53858223 11.74264069 25.09188309 26.48528137 37.81980515 15.90990258 48.63046533 60.00914498 36.78122292 21.78122292 61.76650429 64.97970773 34.14518395 39.63046533 43.71320344 85.66904756 51.11574670 48.52386361 75.63961031 71.80508653 54.78122292 60.99442636 98.54772721 93.07159082 72.83452378 94.62489168 72.21320344 83.13046533 109.16347391 89.54772721 88.81980515 109.46498910 94.45584412 102.84366876 143.86753237 126.22234842 124.30508653 157.72234842 131.29036790 132.23149340 141.16904756 118.66904756 155.82337649 142.05687220 123.06244584 155.39696962
29.22792206 78.63046533 59.53858223 26.22792206 44.95584412 84.99442636 22.34924240 87.15990258 22.71320344 120.67462120 11.48528137 67.86396103 26.74264069 65.53858223 0.00000000 53.17462120 19.09188309 92.02386361 15.10660172 75.44848481 22.29594155 100.82895014 61.35838739 81.31980515 102.58630945 30.52386361 64.35838739 99.16904756 83.91168825 38.90254326 49.92640687 122.65432893 50.28122292 112.00357134 72.89696962 145.62489168 138.74621202 68.90254326 104.65432893 71.07716447 113.54772721 145.57159082 84.99442636 95.60102807 167.29951288 93.68376618 122.45027048 143.04215357 120.31980515 157.73149340 129.84366876 189.23149340 122.85838739 108.68376618 172.67819254 145.77564928 132.27564928 118.50914498 154.57159082 186.90611460
66.21320344 40.56244584 8.48528137 46.97056275 18.47056275 73.19848481 65.53858223 38.95584412 38.48528137 40.30508653 57.31066017 18.72792206 26.12132034 11.74264069 53.17462120 0.00000000 12.72792206 35.74264069 25.45584412 11.66726189 36.26650429 45.78122292 22.55330086 17.53858223 47.53858223 50.75178567 19.91726189 35.38782464 29.48528137 71.44112550 36.88782464 44.28122292 61.41168825 57.57716447 40.55330086 56.75178567 84.31980515 78.84366876 58.60660172 80.39696962 57.98528137 91.14518395 94.93555185 75.31980515 84.57716447 95.23706704 80.22792206 88.61574670 129.63961031 111.99442636 110.07716447 143.49442636 117.06244584 118.00357134 126.94112550 104.44112550 141.59545443 127.82895014 108.83452378 141.16904756
60.94112550 38.18376618 19.09188309 41.69848481 27.36396103 44.54772721 59.33452378 46.71320344 33.21320344 80.22792206 51.10660172 27.41726189 21.72792206 25.09188309 19.09188309 12.72792206 0.00000000 51.57716447 8.48528137 35.00178567 19.29594155 56.38782464 33.15990258 40.87310601 58.14518395 27.52386361 30.52386361 58.72234842 40.09188309 35.90254326 47.49442636 67.61574670 47.28122292 68.18376618 51.15990258 80.08630945 94.92640687 65.90254326 69.21320344 68.07716447 68.59188309 101.75178567 81.99442636 85.92640687 107.91168825 90.68376618 90.83452378 99.22234842 117.31980515 122.60102807 120.68376618 154.10102807 119.85838739 105.68376618 137.54772721 115.04772721 129.27564928 115.50914498 119.44112550 151.77564928
105.06244584 35.33452378 41.18376618 85.81980515 57.31980515 39.94112550 104.38782464 22.24264069 77.33452378 39.21320344 96.15990258 24.47056275 64.97056275 26.48528137 92.02386361 35.74264069 51.57716447 0.00000000 64.30508653 7.42462120 75.11574670 62.85838739 28.91726189 13.29594155 45.88782464 57.11574670 26.28122292 31.14518395 35.84924240 77.80508653 43.25178567 40.03858223 67.77564928 50.07716447 46.91726189 52.50914498 79.65990258 85.20762979 64.97056275 86.76093065 64.34924240 74.64518395 101.29951288 81.68376618 80.33452378 101.60102807 86.59188309 94.35838739 136.00357134 118.35838739 116.44112550 149.85838739 123.42640687 124.36753237 133.30508653 110.80508653 147.95941546 134.19291117 115.19848481 147.53300859
41.69848481 50.91168825 31.81980515 31.24264069 36.06244584 57.27564928 34.81980515 59.44112550 25.24264069 92.95584412 24.83452378 40.14518395 17.84924240 37.81980515 15.10660172 25.45584412 8.48528137 64.30508653 0.00000000 47.72970773 12.93198052 91.46498910 51.99442636 53.60102807 93.22234842 21.15990258 54.99442636 71.45027048 74.54772721 29.53858223 40.56244584 113.29036790 40.91726189 102.63961031 63.53300859 92.81423151 129.38225099 59.53858223 95.29036790 61.71320344 104.18376618 136.20762979 75.63046533 86.23706704 157.93555185 84.31980515 113.08630945 133.67819254 110.95584412 148.36753237 120.47970773 179.86753237 113.49442636 99.31980515 163.31423151 136.41168825 122.91168825 109.14518395 145.20762979 177.54215357
88.48706704 35.30330086 45.60838739 69.24442636 40.74442636 33.90990258 87.81244584 34.63782464 60.75914498 26.15254326 79.58452378 24.39518395 48.39518395 15.90990258 75.44848481 11.66726189 35.00178567 7.42462120 47.72970773 0.00000000 58.54036790 55.43376618 21.49264069 5.87132034 38.46320344 49.69112550 18.85660172 23.72056275 53.40990258 70.38046533 35.82716447 32.61396103 60.35102807 42.65254326 39.49264069 45.08452378 72.23528137 77.78300859 79.79772721 115.13225099 78.24442636 67.22056275 93.87489168 96.51093065 72.90990258 116.42819254 100.48706704 86.93376618 148.96677477 132.25357134 130.33630945 163.75357134 137.32159082 137.33073580 147.20027048 124.70027048 160.92261890 146.53479426 129.09366876 161.42819254
51.52386361 61.72234842 42.63046533 42.93198052 48.99442636 68.08630945 44.64518395 70.25178567 39.41726189 103.76650429 33.78122292 50.95584412 27.78122292 48.63046533 22.29594155 36.26650429 19.29594155 75.11574670 12.93198052 58.54036790 0.00000000 101.03300859 61.56244584 64.41168825 102.79036790 28.09188309 64.56244584 135.42640687 84.11574670 23.12132034 50.13046533 122.85838739 41.33452378 112.20762979 73.10102807 145.82895014 135.32895014 61.19848481 96.95027048 63.37310601 105.84366876 142.15432893 77.29036790 87.89696962 163.88225099 85.97970773 114.74621202 139.62489168 112.61574670 150.02743494 122.13961031 181.52743494 115.15432893 100.97970773 164.97413409 138.07159082 124.57159082 110.80508653 146.86753237 179.20205615
109.87310601 91.35838739 52.14518395 90.63046533 62.13046533 89.96498910 123.17819254 81.84366876 82.14518395 82.20762979 112.31423151 67.87310601 69.78122292 60.00914498 100.82895014 45.78122292 56.38782464 62.85838739 91.46498910 55.43376618 101.03300859 0.00000000 54.06244584 49.56244584 18.72792206 72.94112550 37.09188309 54.57716447 22.86396103 93.00914498 50.90254326 42.63046533 82.97970773 41.95584412 43.14518395 65.60102807 81.94112550 100.41168825 57.15990258 92.49442636 55.60660172 81.58630945 116.50357134 73.87310601 87.27564928 93.79036790 77.84924240 86.23706704 126.32895014 109.61574670 107.69848481 141.11574670 114.68376618 114.69291117 124.56244584 102.06244584 138.28479426 123.89696962 106.45584412 138.79036790
90.58630945 69.22234842 28.91726189 81.99442636 38.90254326 62.85838739 83.70762979 58.61574670 58.91726189 50.13046533 72.84366876 43.76650429 46.55330086 36.78122292 61.35838739 22.55330086 33.15990258 28.91726189 51.99442636 21.49264069 61.56244584 54.06244584 0.00000000 27.36396103 55.81980515 33.47056275 16.97056275 45.21320344 37.76650429 54.15990258 23.12132034 76.50914498 44.13046533 65.85838739 41.33452378 99.47970773 92.60102807 61.56244584 66.88782464 63.11574670 66.26650429 99.42640687 77.65432893 83.60102807 121.15432893 85.72234842 88.50914498 96.89696962 112.35838739 120.27564928 118.35838739 151.77564928 114.89696962 100.72234842 135.22234842 112.72234842 124.31423151 110.54772721 117.11574670 149.45027048
94.35838739 41.79594155 51.47970773 75.11574670 46.61574670 40.40254326 93.68376618 39.26650429 66.63046533 32.64518395 85.45584412 30.26650429 54.26650429 21.78122292 81.31980515 17.53858223 40.87310601 13.29594155 53.60102807 5.87132034 64.41168825 49.56244584 27.36396103 0.00000000 32.59188309 55.56244584 24.72792206 20.59188309 47.53858223 76.25178567 41.69848481 26.74264069 66.22234842 36.78122292 72.52386361 41.07716447 68.22792206 83.65432893 73.92640687 109.26093065 72.37310601 63.21320344 136.31423151 90.63961031 68.90254326 110.55687220 94.61574670 82.92640687 143.09545443 126.38225099 124.46498910 157.88225099 131.45027048 131.45941546 141.32895014 118.82895014 155.05129855 140.66347391 123.22234842 155.55687220
111.63046533 74.38782464 53.90254326 92.38782464 63.88782464 72.99442636 124.93555185 71.85838739 83.90254326 65.23706704 114.07159082 69.63046533 71.53858223 61.76650429 102.58630945 47.53858223 58.14518395 45.88782464 93.22234842 38.46320344 102.79036790 18.72792206 55.81980515 32.59188309 0.00000000 74.69848481 38.84924240 37.60660172 20.22792206 94.76650429 52.65990258 25.65990258 84.73706704 24.98528137 44.90254326 48.63046533 69.63046533 102.16904756 50.13046533 85.46498910 48.57716447 64.61574670 112.51828996 66.84366876 70.30508653 86.76093065 70.81980515 79.20762979 119.29951288 102.58630945 100.66904756 134.08630945 107.65432893 107.66347391 117.53300859 95.03300859 131.25535701 116.86753237 99.42640687 131.76093065
59.75178567 97.42083323 57.11574670 51.15990258 57.22234842 91.05687220 52.87310601 86.81423151 47.64518395 78.32895014 42.00914498 71.96498910 36.00914498 64.97970773 30.52386361 50.75178567 27.52386361 57.11574670 21.15990258 49.69112550 28.09188309 72.94112550 33.47056275 55.56244584 74.69848481 0.00000000 36.47056275 107.33452378 56.02386361 24.72792206 22.03858223 94.76650429 23.48528137 84.11574670 45.00914498 117.73706704 110.85838739 41.79594155 76.92640687 43.34924240 85.81980515 117.68376618 57.88782464 67.87310601 139.41168825 65.95584412 94.72234842 115.15432893 92.59188309 130.00357134 102.11574670 161.50357134 95.13046533 80.95584412 144.95027048 118.04772721 104.54772721 90.78122292 126.84366876 159.17819254
93.58630945 66.58630945 26.28122292 64.76650429 36.26650429 60.22234842 86.70762979 55.97970773 56.28122292 47.49442636 75.84366876 41.13046533 43.91726189 34.14518395 64.35838739 19.91726189 30.52386361 26.28122292 54.99442636 18.85660172 64.56244584 37.09188309 16.97056275 24.72792206 38.84924240 36.47056275 0.00000000 71.48528137 20.79594155 57.15990258 22.60660172 59.53858223 47.13046533 48.88782464 24.36396103 82.50914498 75.63046533 64.56244584 49.91726189 66.11574670 49.29594155 82.45584412 80.65432893 66.63046533 104.18376618 88.72234842 71.53858223 79.92640687 115.35838739 103.30508653 101.38782464 134.80508653 108.37310601 103.72234842 118.25178567 95.75178567 127.31423151 113.54772721 100.14518395 132.47970773
112.20762979 59.64518395 69.32895014 92.96498910 64.46498910 58.25178567 111.53300859 57.11574670 84.47970773 50.49442636 103.30508653 48.11574670 72.11574670 39.63046533 99.16904756 35.38782464 58.72234842 31.14518395 71.45027048 23.72056275 135.42640687 54.57716447 45.21320344 20.59188309 37.60660172 107.33452378 71.48528137 0.00000000 52.55330086 127.40254326 85.29594155 22.97056275 117.37310601 41.79594155 77.53858223 21.36396103 54.41726189 134.80508653 78.94112550 114.27564928 77.38782464 49.40254326 141.32895014 95.65432893 54.47056275 115.57159082 88.04772721 69.11574670 148.11017306 113.91168825 112.92640687 145.41168825 119.91168825 136.47413409 128.85838739 107.29036790 160.06601718 145.67819254 110.44112550 143.08630945
93.57716447 76.15432893 35.84924240 74.33452378 45.83452378 87.94112550 106.26093065 65.54772721 65.84924240 80.18376618 95.39696962 51.57716447 53.48528137 43.71320344 83.91168825 29.48528137 40.09188309 35.84924240 74.54772721 53.40990258 84.11574670 22.86396103 37.76650429 47.53858223 20.22792206 56.02386361 20.79594155 52.55330086 0.00000000 76.09188309 33.98528137 39.98528137 66.06244584 28.09188309 26.22792206 62.95584412 59.07716447 83.49442636 34.29594155 69.63046533 32.74264069 65.90254326 96.68376618 51.00914498 84.63046533 70.92640687 54.98528137 63.37310601 103.46498910 86.75178567 84.83452378 118.25178567 91.81980515 91.82895014 101.69848481 79.19848481 115.42083323 101.03300859 83.59188309 115.92640687
68.13046533 78.32895014 59.23706704 59.53858223 65.60102807 111.74621202 61.25178567 107.50357134 56.02386361 99.01828996 50.38782464 67.56244584 44.38782464 85.66904756 38.90254326 71.44112550 35.90254326 77.80508653 29.53858223 70.38046533 23.12132034 93.00914498 54.15990258 76.25178567 94.76650429 24.72792206 57.15990258 127.40254326 76.09188309 0.00000000 42.10660172 114.83452378 19.97056275 104.18376618 65.07716447 137.80508653 113.08630945 38.95584412 74.70762979 41.13046533 83.60102807 119.91168825 55.04772721 65.65432893 141.63961031 63.73706704 92.50357134 117.38225099 90.37310601 127.78479426 99.89696962 159.28479426 92.91168825 78.73706704 142.73149340 115.82895014 102.32895014 88.56244584 124.62489168 156.95941546
79.15432893 83.55687220 43.25178567 70.56244584 53.23706704 77.19291117 72.27564928 72.95027048 67.04772721 64.46498910 61.41168825 58.10102807 55.41168825 51.11574670 49.92640687 36.88782464 47.49442636 43.25178567 40.56244584 35.82716447 50.13046533 50.90254326 23.12132034 41.69848481 52.65990258 22.03858223 22.60660172 85.29594155 33.98528137 42.10660172 0.00000000 72.72792206 32.07716447 62.07716447 22.97056275 95.69848481 88.81980515 49.50914498 63.10660172 51.06244584 62.48528137 95.64518395 65.60102807 75.58630945 117.37310601 73.66904756 84.72792206 93.11574670 100.30508653 116.49442636 109.82895014 147.99442636 102.84366876 88.66904756 131.44112550 108.94112550 112.26093065 98.49442636 113.33452378 145.66904756
121.10102807 68.53858223 78.22234842 101.85838739 73.35838739 67.14518395 145.00357134 66.00914498 93.37310601 59.38782464 134.13961031 57.00914498 81.00914498 48.52386361 122.65432893 44.28122292 67.61574670 40.03858223 113.29036790 32.61396103 122.85838739 42.63046533 76.50914498 26.74264069 25.65990258 94.76650429 59.53858223 22.97056275 39.98528137 114.83452378 72.72792206 0.00000000 104.80508653 29.22792206 64.97056275 25.60660172 44.84924240 122.23706704 66.37310601 101.70762979 64.81980515 39.83452378 128.76093065 83.08630945 45.52386361 103.00357134 78.47970773 59.54772721 135.54215357 104.34366876 103.35838739 135.84366876 110.34366876 123.90611460 119.29036790 97.72234842 147.49799769 133.11017306 100.87310601 133.51828996
79.50914498 108.08073580 67.77564928 70.91726189 76.97970773 101.71677477 72.63046533 97.47413409 67.40254326 88.98885271 61.76650429 82.62489168 55.76650429 75.63961031 50.28122292 61.41168825 47.28122292 67.77564928 40.91726189 60.35102807 41.33452378 82.97970773 44.13046533 66.22234842 84.73706704 23.48528137 47.13046533 117.37310601 66.06244584 19.97056275 32.07716447 104.80508653 0.00000000 94.15432893 55.04772721 127.77564928 93.99442636 19.86396103 55.61574670 22.03858223 64.50914498 100.81980515 35.95584412 46.56244584 122.54772721 44.64518395 73.41168825 98.29036790 71.28122292 108.69291117 80.80508653 140.19291117 73.81980515 59.64518395 123.63961031 96.73706704 83.23706704 69.47056275 105.53300859 137.86753237
121.66904756 78.57716447 63.94112550 102.42640687 73.92640687 77.18376618 134.35281374 76.04772721 93.94112550 69.42640687 123.48885271 67.04772721 81.57716447 71.80508653 112.00357134 57.57716447 68.18376618 50.07716447 102.63961031 42.65254326 112.20762979 41.95584412 65.85838739 36.78122292 24.98528137 84.11574670 48.88782464 41.79594155 28.09188309 104.18376618 62.07716447 29.22792206 94.15432893 0.00000000 54.31980515 52.19848481 68.07716447 105.47970773 43.29594155 78.63046533 41.74264069 68.18376618 105.68376618 60.00914498 73.87310601 79.92640687 63.98528137 72.37310601 112.46498910 95.75178567 93.83452378 127.25178567 100.81980515 100.82895014 110.69848481 88.19848481 124.42083323 110.03300859 92.59188309 124.92640687
102.12489168 87.22234842 46.91726189 93.53300859 56.90254326 80.85838739 95.24621202 76.61574670 90.01828996 68.13046533 84.38225099 61.76650429 64.55330086 54.78122292 72.89696962 40.55330086 51.15990258 46.91726189 63.53300859 39.49264069 73.10102807 43.14518395 41.33452378 72.52386361 44.90254326 45.00914498 24.36396103 77.53858223 26.22792206 65.07716447 22.97056275 64.97056275 55.04772721 54.31980515 0.00000000 87.94112550 81.06244584 72.47970773 55.34924240 74.03300859 54.72792206 87.88782464 88.57159082 72.06244584 109.61574670 91.97970773 76.97056275 85.35838739 123.27564928 108.73706704 106.81980515 140.23706704 113.80508653 111.63961031 123.68376618 101.18376618 135.23149340 121.46498910 105.57716447 137.91168825
133.57159082 81.00914498 90.69291117 114.32895014 85.82895014 79.61574670 132.89696962 78.47970773 105.84366876 71.85838739 124.66904756 69.47970773 93.47970773 60.99442636 145.62489168 56.75178567 80.08630945 52.50914498 92.81423151 45.08452378 145.82895014 65.60102807 99.47970773 41.07716447 48.63046533 117.73706704 82.50914498 21.36396103 62.95584412 137.80508653 95.69848481 25.60660172 127.77564928 52.19848481 87.94112550 0.00000000 42.05330086 139.10102807 86.85838739 112.25178567 67.50914498 37.03858223 139.30508653 90.11574670 42.10660172 113.54772721 75.68376618 56.75178567 146.08630945 101.54772721 100.56244584 133.04772721 107.54772721 134.45027048 116.49442636 94.92640687 158.04215357 134.70762979 98.07716447 130.72234842
148.41168825 108.15990258 90.68376618 129.16904756 100.66904756 106.76650429 161.09545443 105.63046533 120.68376618 99.00914498 150.23149340 96.63046533 108.31980515 98.54772721 138.74621202 84.31980515 94.92640687 79.65990258 129.38225099 72.23528137 135.32895014 81.94112550 92.60102807 68.22792206 69.63046533 110.85838739 75.63046533 54.41726189 59.07716447 113.08630945 88.81980515 44.84924240 93.99442636 68.07716447 81.06244584 42.05330086 0.00000000 102.31980515 50.07716447 75.47056275 30.72792206 24.83452378 102.52386361 53.33452378 46.56244584 76.76650429 38.90254326 35.48528137 109.30508653 64.76650429 63.78122292 96.26650429 70.76650429 97.66904756 79.71320344 58.14518395 121.26093065 97.92640687 61.29594155 93.94112550
98.13046533 125.51271632 85.20762979 89.53858223 95.60102807 119.14875529 91.25178567 114.90611460 86.02386361 106.42083323 80.38782464 100.05687220 74.38782464 93.07159082 68.90254326 78.84366876 65.90254326 85.20762979 59.53858223 77.78300859 61.19848481 100.41168825 61.56244584 83.65432893 102.16904756 41.79594155 64.56244584 134.80508653 83.49442636 38.95584412 49.50914498 122.23706704 19.86396103 105.47970773 72.47970773 139.10102807 102.31980515 0.00000000 63.94112550 26.84924240 72.83452378 109.14518395 22.24264069 54.88782464 130.87310601 47.69848481 81.73706704 106.61574670 69.06244584 117.01828996 78.58630945 148.51828996 71.60102807 57.42640687 131.96498910 94.51828996 81.01828996 67.25178567 105.63961031 146.19291117
133.88225099 115.72234842 64.97056275 125.29036790 74.95584412 114.32895014 127.00357134 94.66904756 94.97056275 106.57159082 116.13961031 80.69848481 82.60660172 72.83452378 104.65432893 58.60660172 69.21320344 64.97056275 95.29036790 79.79772721 96.95027048 57.15990258 66.88782464 73.92640687 50.13046533 76.92640687 49.91726189 78.94112550 34.29594155 74.70762979 63.10660172 66.37310601 55.61574670 43.29594155 55.34924240 86.85838739 50.07716447 63.94112550 0.00000000 37.09188309 19.34924240 56.90254326 64.14518395 22.86396103 78.63046533 38.38782464 38.95584412 54.37310601 70.92640687 70.72234842 68.80508653 102.22234842 75.79036790 59.29036790 85.66904756 63.16904756 82.88225099 68.49442636 67.56244584 99.89696962
100.30508653 127.06601718 86.76093065 91.71320344 97.77564928 120.70205615 93.42640687 116.45941546 88.19848481 107.97413409 82.56244584 101.61017306 76.56244584 94.62489168 71.07716447 80.39696962 68.07716447 86.76093065 61.71320344 115.13225099 63.37310601 92.49442636 63.11574670 109.26093065 85.46498910 43.34924240 66.11574670 114.27564928 69.63046533 41.13046533 51.06244584 101.70762979 22.03858223 78.63046533 74.03300859 112.25178567 75.47056275 26.84924240 37.09188309 0.00000000 45.98528137 82.29594155 29.84924240 28.03858223 104.02386361 22.60660172 54.88782464 79.76650429 49.24264069 90.16904756 58.76650429 121.66904756 51.78122292 37.60660172 105.11574670 74.69848481 61.19848481 47.43198052 85.81980515 119.34366876
142.77564928 114.16904756 64.34924240 102.83452378 74.33452378 112.77564928 135.89696962 94.04772721 94.34924240 105.01828996 125.03300859 80.07716447 81.98528137 72.21320344 113.54772721 57.98528137 68.59188309 64.34924240 104.18376618 78.24442636 105.84366876 55.60660172 66.26650429 72.37310601 48.57716447 85.81980515 49.29594155 77.38782464 32.74264069 83.60102807 62.48528137 64.81980515 64.50914498 41.74264069 54.72792206 67.50914498 30.72792206 72.83452378 19.34924240 45.98528137 0.00000000 37.55330086 73.03858223 23.84924240 59.28122292 47.28122292 22.24264069 35.02386361 79.81980515 54.00914498 52.09188309 85.50914498 59.07716447 68.18376618 68.95584412 46.45584412 91.77564928 77.38782464 50.84924240 83.18376618
155.23706704 103.14518395 112.82895014 135.99442636 107.49442636 101.75178567 167.92083323 100.61574670 127.50914498 93.99442636 157.05687220 91.61574670 115.14518395 83.13046533 145.57159082 91.14518395 101.75178567 74.64518395 136.20762979 67.22056275 142.15432893 81.58630945 99.42640687 63.21320344 64.61574670 117.68376618 82.45584412 49.40254326 65.90254326 119.91168825 95.64518395 39.83452378 100.81980515 68.18376618 87.88782464 37.03858223 24.83452378 109.14518395 56.90254326 82.29594155 37.55330086 0.00000000 109.34924240 60.15990258 21.72792206 83.59188309 45.10660172 21.47056275 116.13046533 70.97056275 69.98528137 102.47056275 76.97056275 104.49442636 85.91726189 64.34924240 128.08630945 104.13046533 67.50000000 100.14518395
114.22234842 141.60459941 101.29951288 105.63046533 111.69291117 135.24063838 107.34366876 130.99799769 102.11574670 122.51271632 96.47970773 116.14875529 90.47970773 109.16347391 84.99442636 94.93555185 81.99442636 101.29951288 75.63046533 93.87489168 77.29036790 116.50357134 77.65432893 136.31423151 112.51828996 57.88782464 80.65432893 141.32895014 96.68376618 55.04772721 65.60102807 128.76093065 35.95584412 105.68376618 88.57159082 139.30508653 102.52386361 22.24264069 64.14518395 29.84924240 73.03858223 109.34924240 0.00000000 54.47056275 131.07716447 36.72792206 81.31980515 106.81980515 58.09188309 112.72234842 67.61574670 144.22234842 60.63046533 46.45584412 127.66904756 83.54772721 70.04772721 56.28122292 94.66904756 141.89696962
124.82895014 132.43555185 81.68376618 116.23706704 91.66904756 131.04215357 117.95027048 111.38225099 112.72234842 123.28479426 107.08630945 97.41168825 101.08630945 89.54772721 95.60102807 75.31980515 85.92640687 81.68376618 86.23706704 96.51093065 87.89696962 73.87310601 83.60102807 90.63961031 66.84366876 67.87310601 66.63046533 95.65432893 51.00914498 65.65432893 75.58630945 83.08630945 46.56244584 60.00914498 72.06244584 90.11574670 53.33452378 54.88782464 22.86396103 28.03858223 23.84924240 60.15990258 54.47056275 0.00000000 81.88782464 28.71320344 26.84924240 57.63046533 61.25178567 62.13046533 60.21320344 93.63046533 67.19848481 49.61574670 77.07716447 54.57716447 73.20762979 58.81980515 58.97056275 91.30508653
161.39696962 108.83452378 118.51828996 142.15432893 113.65432893 107.44112550 160.72234842 106.30508653 133.66904756 99.68376618 178.78479426 97.30508653 121.30508653 88.81980515 167.29951288 84.57716447 107.91168825 80.33452378 157.93555185 72.90990258 163.88225099 87.27564928 121.15432893 68.90254326 70.30508653 139.41168825 104.18376618 54.47056275 84.63046533 141.63961031 117.37310601 45.52386361 122.54772721 73.87310601 109.61574670 42.10660172 46.56244584 130.87310601 78.63046533 104.02386361 59.28122292 21.72792206 131.07716447 81.88782464 0.00000000 105.31980515 66.83452378 33.10660172 137.85838739 92.69848481 91.71320344 124.19848481 98.69848481 126.22234842 107.64518395 86.07716447 149.81423151 125.85838739 89.22792206 121.87310601
122.91168825 152.35281374 101.60102807 114.31980515 120.38225099 150.95941546 116.03300859 131.29951288 110.80508653 143.20205615 105.16904756 117.32895014 99.16904756 109.46498910 93.68376618 95.23706704 90.68376618 101.60102807 84.31980515 116.42819254 85.97970773 93.79036790 85.72234842 110.55687220 86.76093065 65.95584412 88.72234842 115.57159082 70.92640687 63.73706704 73.66904756 103.00357134 44.64518395 79.92640687 91.97970773 113.54772721 76.76650429 47.69848481 38.38782464 22.60660172 47.28122292 83.59188309 36.72792206 28.71320344 105.31980515 0.00000000 55.56244584 81.06244584 35.17462120 89.18376618 44.07716447 120.68376618 37.09188309 23.53858223 104.13046533 60.00914498 47.13046533 32.74264069 71.13046533 118.35838739
151.67819254 136.41168825 86.59188309 143.08630945 96.57716447 135.01828996 144.79951288 116.29036790 116.59188309 127.26093065 133.93555185 102.31980515 104.22792206 94.45584412 122.45027048 80.22792206 90.83452378 86.59188309 113.08630945 100.48706704 114.74621202 77.84924240 88.50914498 94.61574670 70.81980515 94.72234842 71.53858223 88.04772721 54.98528137 92.50357134 84.72792206 78.47970773 73.41168825 63.98528137 76.97056275 75.68376618 38.90254326 81.73706704 38.95584412 54.88782464 22.24264069 45.10660172 81.31980515 26.84924240 66.83452378 55.56244584 0.00000000 42.57716447 88.10102807 35.28122292 33.36396103 66.78122292 40.34924240 72.47056275 50.22792206 27.72792206 98.38782464 67.50914498 32.12132034 64.45584412
152.70762979 122.85838739 94.97970773 133.46498910 104.96498910 121.46498910 165.39139598 120.32895014 124.97970773 113.70762979 154.52743494 110.70762979 112.61574670 102.84366876 143.04215357 88.61574670 99.22234842 94.35838739 133.67819254 86.93376618 139.62489168 86.23706704 96.89696962 82.92640687 79.20762979 115.15432893 79.92640687 69.11574670 63.37310601 117.38225099 93.11574670 59.54772721 98.29036790 72.37310601 85.35838739 56.75178567 35.48528137 106.61574670 54.37310601 79.76650429 35.02386361 21.47056275 106.81980515 57.63046533 33.10660172 81.06244584 42.57716447 0.00000000 113.60102807 68.44112550 67.45584412 99.94112550 74.44112550 101.96498910 83.38782464 61.81980515 125.55687220 101.60102807 64.97056275 97.61574670
149.54772721 184.89139598 136.00357134 140.95584412 147.01828996 183.49799769 142.66904756 165.70205615 137.44112550 175.74063838 131.80508653 150.85281374 125.80508653 143.86753237 120.31980515 129.63961031 117.31980515 136.00357134 110.95584412 148.96677477 112.61574670 126.32895014 112.35838739 143.09545443 119.29951288 92.59188309 115.35838739 148.11017306 103.46498910 90.37310601 100.30508653 135.54215357 71.28122292 112.46498910 123.27564928 146.08630945 109.30508653 69.06244584 70.92640687 49.24264069 79.81980515 116.13046533 58.09188309 61.25178567 137.85838739 35.17462120 88.10102807 113.60102807 0.00000000 105.94112550 60.83452378 137.44112550 53.84924240 22.60660172 120.88782464 76.76650429 19.86396103 38.07716447 87.88782464 135.11574670
186.95941546 168.17819254 118.35838739 178.36753237 128.34366876 166.78479426 180.08073580 148.05687220 148.35838739 159.02743494 169.21677477 134.08630945 135.99442636 126.22234842 157.73149340 111.99442636 122.60102807 118.35838739 148.36753237 132.25357134 150.02743494 109.61574670 120.27564928 126.38225099 102.58630945 130.00357134 103.30508653 113.91168825 86.75178567 127.78479426 116.49442636 104.34366876 108.69291117 95.75178567 108.73706704 101.54772721 64.76650429 117.01828996 70.72234842 90.16904756 54.00914498 70.97056275 112.72234842 62.13046533 92.69848481 89.18376618 35.28122292 68.44112550 105.94112550 0.00000000 47.59188309 35.74264069 52.09188309 84.21320344 24.47056275 31.03858223 110.13046533 79.25178567 26.28122292 38.69848481
159.07159082 166.26093065 116.44112550 150.47970773 126.42640687 164.86753237 152.19291117 146.13961031 146.96498910 157.11017306 141.32895014 132.16904756 135.32895014 124.30508653 129.84366876 110.07716447 120.68376618 116.44112550 120.47970773 130.33630945 122.13961031 107.69848481 118.35838739 124.46498910 100.66904756 102.11574670 101.38782464 112.92640687 84.83452378 99.89696962 109.82895014 103.35838739 80.80508653 93.83452378 106.81980515 100.56244584 63.78122292 78.58630945 68.80508653 58.76650429 52.09188309 69.98528137 67.61574670 60.21320344 91.71320344 44.07716447 33.36396103 67.45584412 60.83452378 47.59188309 0.00000000 79.09188309 7.86396103 39.10660172 62.53858223 22.60660172 65.02386361 34.14518395 34.45584412 76.76650429
218.45941546 199.67819254 149.85838739 209.86753237 159.84366876 198.28479426 211.58073580 179.55687220 179.85838739 190.52743494 200.71677477 165.58630945 167.49442636 157.72234842 189.23149340 143.49442636 154.10102807 149.85838739 179.86753237 163.75357134 181.52743494 141.11574670 151.77564928 157.88225099 134.08630945 161.50357134 134.80508653 145.41168825 118.25178567 159.28479426 147.99442636 135.84366876 140.19291117 127.25178567 140.23706704 133.04772721 96.26650429 148.51828996 102.22234842 121.66904756 85.50914498 102.47056275 144.22234842 93.63046533 124.19848481 120.68376618 66.78122292 99.94112550 137.44112550 35.74264069 79.09188309 0.00000000 83.59188309 115.71320344 18.72792206 62.53858223 141.63046533 110.75178567 57.78122292 19.86396103
152.08630945 173.24621202 123.42640687 143.49442636 133.41168825 171.85281374 145.20762979 153.12489168 139.97970773 164.09545443 134.34366876 139.15432893 128.34366876 131.29036790 122.85838739 117.06244584 119.85838739 123.42640687 113.49442636 137.32159082 115.15432893 114.68376618 114.89696962 131.45027048 107.65432893 95.13046533 108.37310601 119.91168825 91.81980515 92.91168825 102.84366876 110.34366876 73.81980515 100.81980515 113.80508653 107.54772721 70.76650429 71.60102807 75.79036790 51.78122292 59.07716447 76.97056275 60.63046533 67.19848481 98.69848481 37.09188309 40.34924240 74.44112550 53.84924240 52.09188309 7.86396103 83.59188309 0.00000000 32.12132034 67.03858223 24.47056275 58.03858223 27.15990258 35.59188309 81.26650429
137.91168825 173.25535701 124.36753237 129.31980515 135.38225099 171.86195872 131.03300859 154.06601718 125.80508653 164.10459941 120.16904756 139.21677477 114.16904756 132.23149340 108.68376618 118.00357134 105.68376618 124.36753237 99.31980515 137.33073580 100.97970773 114.69291117 100.72234842 131.45941546 107.66347391 80.95584412 103.72234842 136.47413409 91.82895014 78.73706704 88.66904756 123.90611460 59.64518395 100.82895014 111.63961031 134.45027048 97.66904756 57.42640687 59.29036790 37.60660172 68.18376618 104.49442636 46.45584412 49.61574670 126.22234842 23.53858223 72.47056275 101.96498910 22.60660172 84.21320344 39.10660172 115.71320344 32.12132034 0.00000000 99.15990258 55.03858223 26.22792206 16.34924240 66.15990258 113.38782464
201.90611460 183.12489168 133.30508653 193.31423151 143.29036790 181.73149340 195.02743494 163.00357134 163.30508653 173.97413409 184.16347391 149.03300859 150.94112550 141.16904756 172.67819254 126.94112550 137.54772721 133.30508653 163.31423151 147.20027048 164.97413409 124.56244584 135.22234842 141.32895014 117.53300859 144.95027048 118.25178567 128.85838739 101.69848481 142.73149340 131.44112550 119.29036790 123.63961031 110.69848481 123.68376618 116.49442636 79.71320344 131.96498910 85.66904756 105.11574670 68.95584412 85.91726189 127.66904756 77.07716447 107.64518395 104.13046533 50.22792206 83.38782464 120.88782464 24.47056275 62.53858223 18.72792206 67.03858223 99.15990258 0.00000000 45.36396103 125.07716447 94.19848481 40.60660172 14.22792206
175.00357134 160.62489168 110.80508653 166.41168825 120.79036790 159.23149340 168.12489168 140.50357134 140.80508653 151.47413409 157.26093065 126.53300859 128.44112550 118.66904756 145.77564928 104.44112550 115.04772721 110.80508653 136.41168825 124.70027048 138.07159082 102.06244584 112.72234842 118.82895014 95.03300859 118.04772721 95.75178567 107.29036790 79.19848481 115.82895014 108.94112550 97.72234842 96.73706704 88.19848481 101.18376618 94.92640687 58.14518395 94.51828996 63.16904756 74.69848481 46.45584412 64.34924240 83.54772721 54.57716447 86.07716447 60.00914498 27.72792206 61.81980515 76.76650429 31.03858223 22.60660172 62.53858223 24.47056275 55.03858223 45.36396103 0.00000000 80.33452378 49.45584412 13.60660172 59.59188309
161.50357134 196.84724010 147.95941546 152.91168825 158.97413409 195.45384182 154.62489168 177.65790027 149.39696962 187.69648250 143.76093065 162.80865787 137.76093065 155.82337649 132.27564928 141.59545443 129.27564928 147.95941546 122.91168825 160.92261890 124.57159082 138.28479426 124.31423151 155.05129855 131.25535701 104.54772721 127.31423151 160.06601718 115.42083323 102.32895014 112.26093065 147.49799769 83.23706704 124.42083323 135.23149340 158.04215357 121.26093065 81.01828996 82.88225099 61.19848481 91.77564928 128.08630945 70.04772721 73.20762979 149.81423151 47.13046533 98.38782464 125.55687220 19.86396103 110.13046533 65.02386361 141.63046533 58.03858223 26.22792206 125.07716447 80.33452378 0.00000000 34.24264069 91.45584412 139.30508653
147.73706704 182.45941546 134.19291117 139.14518395 145.20762979 181.06601718 140.85838739 163.89139598 135.63046533 173.30865787 129.99442636 149.04215357 123.99442636 142.05687220 118.50914498 127.82895014 115.50914498 134.19291117 109.14518395 146.53479426 110.80508653 123.89696962 110.54772721 140.66347391 116.86753237 90.78122292 113.54772721 145.67819254 101.03300859 88.56244584 98.49442636 133.11017306 69.47056275 110.03300859 121.46498910 134.70762979 97.92640687 67.25178567 68.49442636 47.43198052 77.38782464 104.13046533 56.28122292 58.81980515 125.85838739 32.74264069 67.50914498 101.60102807 38.07716447 79.25178567 34.14518395 110.75178567 27.15990258 16.34924240 94.19848481 49.45584412 34.24264069 0.00000000 60.57716447 108.42640687
183.79951288 165.01828996 115.19848481 175.20762979 125.18376618 163.62489168 176.92083323 144.89696962 145.19848481 155.86753237 166.05687220 130.92640687 132.83452378 123.06244584 154.57159082 108.83452378 119.44112550 115.19848481 145.20762979 129.09366876 146.86753237 106.45584412 117.11574670 123.22234842 99.42640687 126.84366876 100.14518395 110.44112550 83.59188309 124.62489168 113.33452378 100.87310601 105.53300859 92.59188309 105.57716447 98.07716447 61.29594155 105.63961031 67.56244584 85.81980515 50.84924240 67.50000000 94.66904756 58.97056275 89.22792206 71.13046533 32.12132034 64.97056275 87.88782464 26.28122292 34.45584412 57.78122292 35.59188309 66.15990258 40.60660172 13.60660172 91.45584412 60.57716447 0.00000000 54.83452378
216.13403666 197.35281374 147.53300859 207.54215357 157.51828996 195.95941546 209.25535701 177.23149340 177.53300859 188.20205615 198.39139598 163.26093065 165.16904756 155.39696962 186.90611460 141.16904756 151.77564928 147.53300859 177.54215357 161.42819254 179.20205615 138.79036790 149.45027048 155.55687220 131.76093065 159.17819254 132.47970773 143.08630945 115.92640687 156.95941546 145.66904756 133.51828996 137.86753237 124.92640687 137.91168825 130.72234842 93.94112550 146.19291117 99.89696962 119.34366876 83.18376618 100.14518395 141.89696962 91.30508653 121.87310601 118.35838739 64.45584412 97.61574670 135.11574670 38.69848481 76.76650429 19.86396103 81.26650429 113.38782464 14.22792206 59.59188309 139.30508653 108.42640687 54.83452378 0.00000000
