0.00000000 76.66736794 52.61970005 11.99721032 37.27939286 84.82886069 5.18878794 65.63533374 16.84335076 85.80791492 10.82633041 54.11672053 27.52141330 52.89651826 17.71749923 48.74961667 39.68446785 68.80690131 25.46011690 76.43145058 33.55591022 83.06514454 58.68885098 79.88724644 83.77055333 38.47533826 60.25089921 90.92462242 73.06548235 43.19021190 51.79657573 96.05654808 50.44954044 90.14450290 65.81340549 104.01961138 109.67202676 63.20682484 86.09329301 64.26698282 91.15969489 113.51773250 72.47493403 80.67194981 121.92919918 78.07944922 97.06913367 112.47718587 96.06656546 121.12449218 102.57037291 139.89997166 98.28187030 88.16744522 130.03418090 112.32272252 102.73976676 94.42469477 117.67479054 138.84864191
76.66736794 0.00000000 24.55149484 65.03532289 45.42660258 9.39220704 76.24388300 13.73779145 59.89196285 13.51911639 71.15188964 25.87454468 50.23669799 30.06571351 68.93715134 37.20565203 43.68785565 21.38263925 62.43255968 22.04142035 73.10373524 59.20168479 52.56788690 27.55310730 48.60886860 70.24980370 50.37477543 38.01865681 57.63579976 82.73803692 60.63249764 43.72240894 77.04738250 51.67325813 62.95276786 51.11364577 69.78403055 89.29320995 75.60965112 89.65727738 74.09312214 65.45515817 98.56131914 85.24891121 69.02323356 99.08725727 87.71560667 77.66863513 120.91519082 109.76967156 107.53134458 128.55232871 111.13633038 113.00889291 118.68653795 103.44574165 127.58839213 118.57005192 106.30552176 127.50099896
52.61970005 24.55149484 0.00000000 40.98765500 21.40866931 32.71298759 52.20698959 18.58142915 35.84429496 37.66037313 47.10422175 11.69718904 26.18903011 14.17881242 44.88948345 14.07924791 19.64018776 24.83240399 38.38489180 35.24294703 49.05606735 48.38885844 32.75438804 38.69874288 49.10018456 50.43630483 30.60368414 49.73611887 38.39511359 58.69036903 40.81899878 54.86804453 57.23388363 55.47413414 43.13926899 62.83110782 75.00165800 69.47971108 58.27307407 69.84377852 57.35030212 77.17262023 78.74782027 67.91233417 80.74069562 81.75068023 70.97996431 77.80681710 101.64336115 93.03402921 90.79570223 111.81668636 94.40068803 93.74424091 101.95089560 86.71009930 108.31656246 100.00149046 89.56987940 110.76535661
11.99721032 65.03532289 40.98765500 0.00000000 25.64734781 73.19681564 13.01107608 54.00328869 5.14336004 74.17586987 14.49064589 42.48467548 15.88936825 41.26447321 15.75562228 37.11757162 28.32000853 57.17485626 18.95498917 64.79940553 28.47126476 71.43309949 53.05429785 68.25520138 72.13850828 32.81886633 53.59960027 79.29257737 61.43343730 38.11274411 46.16983841 84.42450303 44.79306850 78.51245785 60.17167468 92.38756633 98.03998171 57.55035291 80.46655569 58.61051089 80.38862583 101.88568744 66.81846210 75.01547787 110.29715412 72.42297728 91.43492571 100.84514082 90.41009352 115.48993905 96.90672331 134.26541853 92.61822069 82.51097328 124.39962777 106.65907291 97.08329483 88.76822283 112.01114093 133.21408878
37.27939286 45.45633720 21.40866931 25.64734781 0.00000000 53.61782995 36.90194656 34.42430300 20.50398777 54.59688418 31.79917873 22.96509694 12.02259945 21.78505859 29.79811283 17.58009314 16.45611471 37.70291228 24.73506759 45.27982699 36.38458168 51.88970367 36.25523327 48.73562284 52.60102979 40.73218324 34.08019432 59.77299883 41.89595882 46.01888336 44.31984401 64.88702455 52.70638542 58.97497937 46.64011422 72.85008784 78.50250323 65.46366983 61.77391930 66.52382780 60.85114735 82.34820896 74.73177901 71.41317940 90.75967564 80.33629420 74.48080954 81.30766233 98.32341044 96.53487444 94.29654746 115.31035392 97.90153326 90.42429020 105.44456316 90.21094453 104.99661175 96.68153975 93.07072463 114.25902417
84.82886069 9.39220704 32.71298759 73.19681564 53.58809533 0.00000000 84.40537575 20.54558441 68.05345560 6.23574053 79.31338239 32.68233765 58.39819074 36.87350647 77.09864409 44.17300616 51.84934840 23.99136016 70.59405243 21.11375263 81.26522799 58.24272915 56.93201272 26.60162230 47.64991296 74.61392952 54.73890124 37.06717181 56.83060311 87.18200491 64.99662346 42.77092395 81.41150832 50.72895080 67.31689367 50.16933844 68.83254555 93.65733577 74.65069548 94.02140320 73.14163715 64.50367317 102.92544495 84.28995558 68.07174857 98.12830164 86.77129934 76.71715013 119.95623519 108.82536424 106.58703725 127.60802139 110.19202306 112.04993728 117.74223063 102.50143432 126.62943650 117.61856692 105.36121443 126.55669163
5.18878794 76.24388300 52.19621511 12.96797815 36.89117208 84.40537575 0.00000000 65.21184880 17.30491341 85.38442998 6.69220704 53.18081626 26.57017167 51.96061399 13.58337586 47.81371241 38.38480390 67.87099704 21.32599353 75.49554632 29.40995218 79.94268830 54.52309452 78.95134217 80.65527477 34.32938022 56.08514274 89.98871815 69.25411325 39.05143153 47.63863508 94.03284803 46.30358240 86.33313379 61.64764902 103.08370711 105.86065765 59.06086680 81.93535236 60.12102478 86.99393843 109.70636339 68.32897599 76.52599176 120.99329491 73.93349117 92.91119302 108.67299443 91.92060741 116.95873572 98.42441487 135.73421520 94.13591226 84.02148717 125.86842444 108.17676448 98.59380872 90.27873672 113.52165483 134.68288545
65.63533374 13.73779145 18.58142915 54.00328869 34.42430300 20.54558441 65.22262328 0.00000000 48.85992865 23.17350912 60.11985545 12.13675324 39.20466380 16.32792206 57.90511715 23.61995111 32.65582145 13.36445346 51.40052549 21.59009263 62.07170104 55.52345512 40.46179742 25.62816834 46.68392964 58.14371421 38.26868594 36.66554433 45.52971027 70.71178961 48.52640816 41.79746999 64.94129301 49.75549685 50.84667837 49.76771096 68.43091807 77.18712046 65.40767075 77.55118790 64.48489880 64.10204569 86.45522965 75.04693085 67.67012109 88.88527691 78.11456099 76.31552265 109.35077053 100.16862589 97.93029891 118.94410537 101.53528471 101.45165029 109.07831461 93.84469598 116.02397184 107.70889984 96.70447608 117.89277562
16.84335076 59.89196285 35.84429496 5.14336004 20.50398777 68.05345560 17.33131953 48.85992865 0.00000000 69.03250983 14.48199674 37.34131544 10.74600821 36.12111317 13.65342841 31.97421158 23.17664849 52.03149622 15.38544376 59.65604549 26.36907089 66.28973945 50.64935171 63.11184134 66.99514824 30.75838968 48.45624023 74.14921733 56.29007726 36.05226747 44.10936176 79.28114299 42.73259186 73.36909781 58.11119803 87.24420629 92.89662167 55.48987626 76.16803774 56.55003424 75.24526579 96.74232740 64.75798545 72.95500122 105.15379408 70.36250063 88.87492798 95.70178078 88.34961687 110.92899288 94.85342433 129.71165003 90.56492172 80.45049663 119.84585927 104.60506297 95.02281818 86.70774618 107.46484308 128.66032028
85.80791492 13.51911639 37.66037313 74.17586987 54.56714956 6.23574053 85.38442998 23.15491882 69.03250983 0.00000000 80.29243662 32.30933441 59.37724497 36.50050324 78.07769832 43.51619301 52.82840263 23.61835692 71.57310666 16.55992246 82.24428222 53.68002298 54.94268660 22.07752675 43.08720679 72.62460340 52.74957513 32.54307626 52.26789694 85.19267879 63.00729734 38.24682840 79.42218220 46.20485525 65.32756755 45.64524289 64.30845000 91.66800965 70.08833448 92.03207708 68.62471927 59.97957762 100.93611884 79.73477226 63.54765301 93.57311831 82.25438146 72.19305458 115.39387419 104.30844636 102.07011937 123.09110351 105.67510518 107.49475395 113.22531275 97.98451644 122.07425317 113.06183030 100.84429655 122.03977375
10.82633041 71.15188964 47.10422175 14.49064589 31.79917873 79.31338239 6.69220704 60.11985545 14.48946738 80.29243662 0.00000000 48.08882291 21.47817831 46.86862064 6.89116882 42.72171905 33.29281055 62.77900369 15.16817196 70.40355296 22.75495039 73.27585185 47.85625806 73.85934881 73.98843831 27.67437844 49.41830629 84.89672480 62.58727679 32.39642975 40.97179862 87.36601157 39.64858062 79.66629734 54.98081257 97.99171376 99.19382120 52.40586502 75.26851590 53.46602300 80.32710197 103.03952693 61.67397421 69.87098998 115.61061500 67.27848939 86.23688593 102.00615798 85.26560563 110.29189926 91.76223542 129.06737874 87.47373280 77.36648539 119.20158798 101.51458502 91.93880694 83.62373494 106.86665304 128.01604899
54.11672053 25.87454468 11.69718904 42.48467548 22.96509694 32.68233765 53.19159075 12.13675324 37.34131544 32.32792471 48.08882291 0.00000000 27.17363126 4.71837662 45.87408461 11.49066851 20.62478892 14.70902251 39.36949295 24.51067288 50.04066851 45.05764081 29.89045779 27.96646873 45.76896693 47.57237459 27.73975389 39.00384471 35.06389596 59.67497019 37.95506853 44.13577037 54.36995339 52.08661956 40.27533874 52.09883367 70.76921845 66.61578084 54.94185644 66.97984827 54.01908449 66.44034608 75.88389003 64.58111654 70.00842147 78.41946260 67.64874668 74.47559947 98.77943091 89.70281158 87.46448460 108.47829106 91.06947040 90.88031067 98.61250030 83.37888166 105.45263221 97.13756022 86.23866177 107.42696130
27.52141330 50.23669799 26.18903011 15.88936825 12.02259945 58.39819074 26.58094615 39.20466380 10.74600821 59.37724497 21.47817831 27.17363126 0.00000000 25.99359291 18.74534484 21.80652740 13.07701504 41.86381204 13.62121137 49.48836132 24.83664674 56.11613793 40.48166753 52.94415717 56.82746406 29.18424830 38.28855606 63.98153315 46.12239308 34.47812609 42.53522039 69.11345881 41.15845048 63.20141363 50.86654848 77.07652211 82.72893749 53.91573488 66.00035357 54.97589286 65.07758162 86.57464323 63.18384407 71.38085985 94.98610991 68.78835926 78.70724381 85.53409660 86.77547550 100.76130871 93.27928295 119.53678819 88.99078034 78.87635526 109.67099742 94.43737879 93.44867681 85.13360481 97.29715890 118.48545843
52.89651826 30.06571351 14.18662824 41.26447321 21.74489467 36.87350647 51.97138848 16.32792206 36.12111317 36.52690935 46.86862064 4.71837662 25.95342899 0.00000000 44.65388234 7.29202905 19.40458664 15.91785369 38.14929068 24.28277816 48.82046624 40.33926419 25.27760649 27.73857401 41.05059031 42.95952328 23.12690259 38.77595000 30.34551934 55.52759868 33.34221723 43.90787566 49.75710208 47.42453989 35.66248744 51.87093896 66.95206375 62.00292953 50.22347982 62.36699697 49.30070787 66.21245136 71.27103872 59.86273992 69.78052676 73.70108598 62.93037006 69.75722285 94.16657960 84.98443496 82.74610798 103.76709211 86.35109378 86.26745936 93.90130135 78.66050505 100.83978091 92.52470891 81.52028515 102.71576236
17.71749923 68.93715134 44.88948345 15.75562228 29.79811283 77.09864409 13.58337586 57.90511715 13.65342841 78.07769832 6.89116882 45.87408461 18.74534484 44.65388234 0.00000000 40.50698075 27.68439508 60.56426539 9.33141873 68.18881466 15.83996429 66.40694700 40.98735322 71.64461051 67.11953347 20.75939233 42.54940144 82.68198650 55.71837194 25.48144364 34.10289378 80.49710673 32.73359451 72.79739249 48.10473005 94.64332528 92.32491635 45.49087891 68.39961106 46.55103689 73.45819713 96.17062209 54.75898810 62.95600388 108.74171015 60.36350329 79.36798108 95.13007546 78.35061953 103.42299442 84.85442698 122.19847390 80.56592437 70.45149929 112.33268314 94.60677659 85.02382083 76.70874884 99.95166694 121.14714415
48.74961667 37.19783621 14.07924791 37.11757162 17.56825847 44.16553552 47.82448689 23.61995111 31.97421158 43.51619301 42.72171905 11.48319787 21.80652740 7.29202905 40.50698075 0.00000000 15.25768506 21.66863832 34.00238909 28.19399420 44.67356465 35.28915719 19.65468679 31.64979005 36.00766098 37.33660358 17.46904595 42.68716603 25.29541234 49.90467898 27.71929753 47.81909170 44.13418238 42.38161056 30.03956774 55.78215499 61.90195675 56.38000983 45.17337282 56.74407727 44.25060087 65.74766248 65.64811902 54.81263292 73.69174279 68.65097898 57.88026306 64.71806293 88.54365990 79.93432796 77.69600098 98.71698511 81.30098678 80.64453966 88.85119435 73.61039804 95.21686121 86.90178921 76.47017815 97.66565536
39.68446785 43.68785565 19.64018776 28.32000853 16.45611471 51.84934840 38.39575098 32.65582145 23.17664849 52.82840263 33.29298314 20.62478892 13.07701504 19.45222120 27.68439508 15.25768506 0.00000000 35.37007489 18.97938080 42.93951897 29.65055635 49.56729559 33.93282519 46.39531482 50.27862171 33.99815792 31.78212129 57.43269080 39.57355074 39.29203571 41.99743593 62.56461647 45.97236010 56.65257129 44.31770614 70.52767976 76.18009514 58.72964450 59.45151122 59.78980248 58.52873927 80.02580088 67.99775369 69.09077132 88.43726756 73.60226888 72.15840146 78.98525425 91.58938511 94.21246636 91.97413938 112.98794584 93.79751229 83.69026487 103.12215508 87.88853644 98.26258642 89.94751442 90.74831655 111.93661608
68.83071859 21.36109028 24.83240399 57.19867354 37.67909500 23.99136016 67.91340462 13.36445346 52.05531350 23.64476304 62.80282097 14.70902251 41.88762932 15.91785369 60.58808267 21.66863832 35.33878697 0.00000000 54.08349101 10.81411447 64.75466657 45.91848781 33.74690286 14.26991032 35.32567162 51.42881966 31.59619896 25.30728630 38.81481571 63.99689505 41.81151360 30.44638964 58.22639846 38.39723882 44.13178381 38.40227526 57.07266004 70.47222591 58.69277620 70.83629334 57.77000424 52.74378767 79.74033509 68.33203630 56.31186306 82.17038235 71.39966644 64.94542995 102.63587597 93.45373133 91.21540435 112.22921081 94.82039016 94.73675573 102.36342005 87.12980142 109.30907728 100.99400529 89.98958153 111.17788106
25.46729457 62.43255968 38.38489180 18.95498917 24.73506759 70.59405243 21.33317120 51.40052549 15.36162648 71.57310666 15.16817196 39.36949295 13.62121137 38.14929068 9.33141873 34.00238909 18.97938080 54.05967373 0.00000000 61.68422300 11.64951409 61.65340130 36.23254718 65.14001886 62.37190510 15.99711566 37.79459540 76.17739484 50.97074358 21.28381577 29.34808774 75.74947836 27.97131783 68.04976413 43.35710168 89.27238380 87.57728799 40.72860224 63.65557950 41.78876022 68.70339109 91.42299372 49.99671143 58.19372720 103.99408178 55.60122661 74.61317504 90.38244709 73.58834285 98.66818838 80.08497264 117.44366786 75.79647002 65.68922261 107.57787710 89.83732224 80.26154416 71.94647216 95.18939026 116.39233811
76.43145058 22.06001065 35.24294703 64.79940553 45.25009238 21.08246471 75.49554632 21.59009263 59.65604549 16.53610518 70.40355296 24.51067288 49.48836132 24.28277816 68.18881466 28.19399420 42.93951897 10.81411447 61.68422300 0.00000000 72.35539856 37.45091709 39.62048779 5.80951727 26.85810090 57.30240459 37.42737631 16.27506678 36.03879105 69.87047998 47.68509853 21.97881892 64.09998339 29.92966810 50.00536874 29.37723341 48.04044052 76.34581084 53.86640627 76.08800687 52.34953212 43.70439047 85.61392002 63.50566637 47.27964354 77.34401242 65.97919431 55.90603276 99.17194597 88.03325921 85.79493223 106.81591636 89.39991803 91.26564806 96.95012560 81.70932929 105.84514728 96.82680707 84.56910940 105.76458661
33.58128080 73.10373524 49.05606735 28.47126476 36.38458168 81.26522799 29.44715743 62.07170104 26.42417609 82.24428222 22.75495039 50.04066851 24.83664674 48.82046624 15.83996429 44.67356465 29.65055635 64.73084929 11.64951409 72.35539856 0.00000000 64.18770376 38.77402730 75.81119441 64.90620755 17.12930209 40.33607553 85.79791138 53.50504603 14.06916125 31.88956787 78.28378082 25.22788309 70.58406658 45.89858181 92.42999937 86.10370102 38.71649219 61.63629178 39.77665017 66.68410337 89.94940676 47.98460138 56.17443948 102.98616000 53.58911656 72.59388732 88.90168246 71.57623280 96.64890066 78.08004026 115.42438014 73.79153765 63.67711256 105.55858938 87.82521219 78.24943411 69.93436211 93.17010254 114.37305039
83.03471956 59.22843608 48.36435080 71.40267451 51.85336136 58.22638251 79.91944100 55.49894748 66.25931447 53.70384026 73.24513391 45.02566253 56.09163030 40.31475655 66.36735306 35.26464955 49.54278795 45.91848781 61.62889366 37.45809476 64.17037379 0.00000000 34.24713787 31.66791019 11.58993720 47.04824937 23.89096980 34.49327859 13.99936575 58.92023422 32.35705079 27.67523856 53.14973762 25.55121077 27.99600364 41.82145712 52.68450686 65.39556508 36.55002513 58.77162573 35.03315098 52.35176659 74.66367426 46.18928523 55.91984199 60.02763129 48.66281318 55.51313807 81.85556484 70.71687807 68.47855109 89.49953522 72.08353689 73.94926693 79.63374446 64.38577049 88.52876615 79.51042593 67.25272827 88.44820547
58.65721789 52.56788690 32.75438804 53.05429785 36.26566257 56.93201272 54.52309452 40.46179742 50.64935171 54.94268660 47.84878742 29.89045779 40.48166753 25.27760649 40.97100657 19.65468679 33.93282519 33.74690286 36.23254718 39.62048779 38.77402730 34.27164550 0.00000000 43.07628364 34.99014930 21.64472521 10.35616807 54.11365962 24.27790065 34.21280061 14.02121522 49.05663543 28.44230401 41.36409887 25.21992900 63.20285399 60.88444506 40.68813146 44.15586114 41.05219889 43.23308918 64.73015080 49.95624065 53.79512124 77.30123886 54.86466529 56.86275138 63.71307627 72.85178153 78.91681627 76.67848929 97.69229575 75.06708637 64.95266129 87.82650499 72.59288636 79.52498284 71.20991084 75.45266647 96.64096600
79.88724644 27.55535096 38.69874288 68.25520138 48.70588823 26.64925686 78.95134217 25.62816834 63.11184134 22.08499739 73.85934881 27.96646873 52.94415717 27.73857401 71.64461051 31.64979005 46.39531482 14.26991032 65.14001886 5.80951727 75.81119441 31.66791019 43.07628364 0.00000000 21.07509400 60.75820044 40.88317216 12.43974994 30.25578415 73.32627583 51.14089438 16.19581202 67.55577924 24.14666120 46.79817283 25.01470878 43.67791589 79.80160669 48.08339936 70.30499997 46.56652522 39.34904351 86.69862965 57.72265946 42.91711890 71.56100552 60.19618741 51.55068580 93.38893907 82.25025231 80.01192532 101.02573179 83.61691113 85.48264116 91.15994102 75.92632239 100.06214038 91.04380017 78.78610250 99.97440203
83.77773100 48.64604920 49.10736224 72.14568595 52.59637279 47.64399563 80.69344739 46.68392964 67.00232591 43.11694141 74.00124035 45.76867397 56.83464173 41.05776799 67.11754217 36.00766098 50.28579938 35.32567162 62.37908277 26.86527857 64.91338523 11.58993720 34.99014930 21.07509400 0.00000000 47.79126081 24.63398123 23.90046239 12.21419565 59.66324566 33.10006222 17.08242237 53.89274906 15.17250407 28.73901507 31.22864093 46.08782278 66.13857651 32.13599373 54.35759434 30.62659022 41.75895040 70.75122402 41.78272447 45.32702580 55.61359989 44.25625241 51.10657731 77.44153344 66.31749498 64.07199033 85.09297446 67.67697613 69.53523553 75.22718370 59.98638740 84.11473475 75.10386517 62.84616750 84.04164471
38.46942093 70.24980370 50.43630483 32.81886633 40.73218324 74.61392952 34.33529756 58.14371421 30.76430702 72.62460340 27.64309052 47.57237459 29.18424830 42.95952328 20.75192170 37.33660358 33.99815792 51.42881966 15.99711566 57.30240459 17.12930209 47.05840166 21.64472521 60.75820044 47.77690546 0.00000000 23.20677344 68.66860929 36.37574394 14.83675324 14.76026578 61.15447872 14.24744141 53.45476449 28.76927972 75.30069728 72.98228835 26.96273613 49.19362285 27.32680356 54.24143444 76.82799409 36.23084532 43.73177055 89.39908215 41.14644763 60.15121839 75.79462513 59.13356387 84.20623173 65.63019365 102.98171121 61.34169104 51.23444363 93.11592045 75.38254326 65.80676518 57.48577584 80.72743361 101.93038145
60.21926611 50.38224606 30.59308224 53.63140596 34.11182742 54.74637188 56.08514274 38.27615658 48.48804592 52.75704576 49.41083565 27.70481695 38.32036174 23.09196565 42.53305480 17.49338099 31.77151939 31.56126202 37.79459540 37.43484695 40.33607553 23.92139477 10.35616807 40.89064280 24.62680356 23.20677344 0.00000000 45.51850739 13.92173259 35.77484883 13.58946738 38.70046737 30.00435224 31.00793081 14.86967827 52.84668592 50.52827699 42.25017969 33.79969307 42.61424712 32.87692112 54.37398273 51.51828888 43.43895317 66.94507079 56.42671352 46.50658331 53.35690820 74.41382976 68.56782588 66.32232123 87.34330536 69.92730703 66.51470952 77.47751460 62.23671829 81.08703106 72.77195907 65.09649840 86.29197561
90.92462242 38.05583740 49.73611887 79.29257737 59.74326421 37.08351845 89.98871815 36.66554433 74.14921733 32.52672961 84.89672480 39.00384471 63.98153315 38.77595000 82.68198650 42.68716603 57.43269080 25.30728630 76.17739484 16.27506678 85.79791138 34.50045626 54.11365962 12.43974994 23.90764007 68.67578696 45.52568506 0.00000000 33.08833022 80.54777181 53.98458838 13.87131525 74.77727522 26.97202960 49.63071890 13.10216663 35.50118657 87.02310267 50.91594543 73.13754604 49.39189361 31.17231420 89.53117572 60.55520553 34.05147672 74.39355159 56.66718736 43.37395648 96.22148514 75.29580548 73.65376379 94.07846263 77.25157193 88.31518723 84.20549419 69.56098319 102.89468645 93.86916856 72.10838403 93.01995520
73.06548235 57.63579976 38.39511359 61.43343730 41.88412414 56.81425647 69.24693557 45.52971027 56.29007726 52.29171422 62.57262848 35.05642532 46.12239308 30.34551934 55.69484763 25.29541234 39.57355074 38.81481571 50.95638823 36.04596872 53.49786836 14.02979072 24.27790065 30.25578415 12.21419565 36.37574394 13.91455491 33.08115255 0.00000000 48.24772879 21.68454536 25.56702198 42.47723219 17.11300156 17.33067588 39.71324053 39.07091313 54.72305965 22.93208476 45.15368537 21.41955725 42.91661886 61.54731505 32.57569150 53.81162540 46.40969092 35.05639712 41.89954434 68.23762447 57.11046201 54.87213503 75.88594149 58.47712084 60.33132656 66.02015073 50.78653210 74.91082578 65.89683220 53.64631221 74.83461174
43.19147224 82.74521459 58.69754671 38.11274411 46.02606103 87.18918259 39.05734887 70.71896728 36.02845019 85.19985647 32.36514183 59.68214786 34.47812609 55.53477635 25.47397301 49.90467898 39.29203571 64.00407272 21.29099344 69.87765765 14.09958623 58.94474186 34.21280061 73.33345351 59.66324566 14.83675324 35.78202651 80.55494948 48.26208414 0.00000000 26.63942830 73.04081892 12.15027551 65.34110468 40.64844224 87.18703747 72.61362779 25.21924128 48.14621855 26.27939926 53.19403014 76.45933353 34.48735047 42.68436625 89.49608676 40.11694327 59.10381409 75.41160923 58.08615957 83.15882743 64.58278935 101.93430691 60.29428674 50.18703933 92.06851614 74.33513896 64.75936088 56.43837154 79.68002931 100.88297715
51.77275845 60.63249764 40.81899878 46.16983841 44.30800933 64.99662346 47.63863508 48.52640816 44.06764454 63.00729734 40.96432799 37.95506853 42.53522039 33.34221723 34.09246447 27.71929753 41.99743593 41.81151360 29.34808774 47.68509853 31.88239020 32.38747576 14.02121522 51.14089438 33.10006222 14.76026578 13.58946738 53.98458838 21.69172303 26.63225063 0.00000000 46.47045781 20.86175403 38.77792125 14.07808113 60.61667636 58.29826744 33.10758148 41.56968351 33.47164891 40.64691156 62.14397317 42.37569067 49.87661590 74.71506123 47.29129298 54.27657375 61.12689865 65.27840922 76.33063865 71.77503900 95.10611813 67.48653639 57.37928898 85.24032737 70.00670874 71.95161053 63.63062119 72.86648884 94.05478838
96.06372575 43.76676721 54.87522220 84.43168070 64.88236755 42.76471364 94.02567036 41.80464766 79.28832066 38.23765942 87.35136326 44.14294805 69.12063648 43.91505333 80.47358241 47.82626937 62.57179414 30.44638964 75.73512302 21.98599659 78.27660314 27.67523856 49.05663543 16.19581202 17.08242237 61.15447872 38.70046737 13.87131525 25.56702198 73.02646357 46.46328014 0.00000000 67.25596698 19.45789903 42.10941066 15.89620673 29.74062336 79.50179443 43.39463719 65.61623780 41.87776304 25.42252546 82.00986748 53.03389729 28.99060086 66.87224335 50.92457630 37.62416775 88.70017690 69.55319441 67.90397506 88.32867389 71.50896086 80.79387899 78.46288313 63.81837213 95.37337821 86.35503800 66.36577297 87.27734414
50.39598854 77.04738250 57.23388363 44.79306850 52.70638542 81.41150832 46.26186517 64.94129301 42.69087463 79.42218220 39.58755808 54.36995339 41.15845048 49.75710208 32.72612387 44.13418238 45.97236010 58.22639846 27.97131783 64.09998339 25.20406581 53.17424526 28.44230401 67.55577924 53.88557139 14.23019866 30.00435224 74.77727522 42.48440987 12.15027551 20.86175403 67.26314465 0.00000000 59.56343042 34.87076797 81.40936320 60.95206280 13.55767629 36.48465355 14.61783427 41.53246514 64.79776853 22.82578548 31.02280125 77.83452177 28.43030066 47.44224909 63.77351633 46.41741690 71.49726243 52.91404669 90.27274191 48.62554407 38.51829666 80.40695115 62.66639629 53.09061821 44.76962888 68.01846431 89.22141216
90.15168057 51.70718709 55.47413414 78.51245785 58.96314469 50.70513352 86.34031147 49.75549685 73.36909781 46.18259127 79.66600437 52.09379723 63.20141363 47.42453989 72.78822352 42.37443289 56.65257129 38.39723882 68.04976413 29.93684578 70.59124425 25.58163574 41.36409887 24.14666120 15.17250407 53.46911983 31.00793081 26.97920727 17.10553092 65.34110468 38.77792125 19.45789903 59.57060809 0.00000000 34.41687410 33.60411758 45.02077100 67.39126574 28.88628927 51.10788988 27.36941513 44.12724939 67.50151956 38.52554937 47.70250245 52.36389543 40.99907732 47.84940221 74.19182898 63.06031989 60.81481523 81.83579937 64.41980104 66.28553107 71.97000861 56.72203463 80.86503029 71.84669008 59.58899241 80.78446961
65.78177239 62.95276786 43.13926899 60.17885235 46.62827955 67.31689367 61.64764902 50.84667837 58.07665848 65.32756755 54.97334193 40.27533874 50.86654848 35.66248744 48.09556108 30.03956774 44.31770614 44.13178381 43.35710168 50.00536874 45.89858181 28.02642861 25.21992900 46.79817283 28.73901507 28.76927972 14.81474567 49.62354123 17.33067588 40.64126457 14.08555177 42.10941066 34.87076797 34.41687410 0.00000000 56.25562922 53.93722029 47.11659542 37.20863636 47.48066286 36.28586441 57.78292602 56.38470461 46.84789646 70.35401409 60.68624252 49.91552660 56.76585150 79.28024549 71.96959150 69.73126452 90.74507098 73.33625032 71.38112525 80.87928022 65.64566159 85.95344680 77.63837480 68.50544169 89.69374123
104.01961138 51.14757473 62.83110782 92.38756633 72.83825317 50.14552116 103.08370711 49.76771096 87.24420629 45.58126169 97.99171376 52.09883367 77.07652211 51.87093896 94.61980097 55.78215499 70.52767976 38.40227526 89.27238380 29.37723341 92.42282170 41.82145712 63.20285399 25.01470878 31.22864093 75.30069728 52.84668592 13.10216663 39.71324053 87.17268213 60.60949869 15.91479703 81.40218553 33.60411758 56.25562922 0.00000000 28.37267169 88.52682673 55.86398419 72.24345087 44.08060833 24.04379931 88.63708055 57.67007572 26.91578416 73.49945642 49.53867247 36.24544160 95.32738997 68.16729059 66.52524891 86.94994774 70.12305704 87.42109206 77.07697931 62.43246830 102.00059128 88.23891184 64.97986915 85.89144031
109.67202676 69.80000735 75.00165800 98.03998171 78.52040317 68.80872827 105.85347998 68.43091807 92.89662167 64.28618602 99.17917289 70.76921845 82.72893749 66.95206375 92.30139204 61.90195675 76.18009514 57.07266004 87.56293264 48.04044052 86.11087870 52.70901449 60.88444506 43.68509356 46.08782278 72.98228835 50.52827699 35.50118657 39.06656649 72.62080546 58.29108976 29.75139784 60.95924047 45.02077100 53.93722029 28.37267169 0.00000000 64.61140046 31.94855793 48.32802460 20.16518207 15.18254683 64.72165428 33.75464945 28.21930006 49.58403015 25.62324621 21.86917476 71.41196370 44.25186432 42.60264497 63.02734380 46.20763077 63.50566579 53.16155304 38.51704203 78.08516501 64.31039057 41.06444288 61.97601405
63.15327295 89.29320995 69.47971108 57.55035291 65.46366983 93.65733577 59.01914958 77.18712046 55.44815904 91.66800965 52.34484248 66.61578084 53.91573488 62.00292953 45.46706163 56.38000983 58.72964450 70.47222591 40.72860224 76.34581084 38.70931452 65.41163470 40.68813146 79.80160669 66.12422117 26.96991380 42.25017969 87.01592500 54.72305965 25.21924128 33.10758148 79.50179443 13.55767629 67.39092056 47.11659542 88.52682673 64.61140046 0.00000000 40.14399121 16.28337586 45.19180280 68.45710620 13.46850108 34.68213891 81.49385943 29.04009817 51.10158675 67.42032897 43.93659517 75.15660009 50.46491026 93.93207957 46.17640765 36.03747493 84.06628881 60.21725987 50.60979648 42.28880715 67.42041967 92.88074982
86.06165991 75.62597310 58.27307407 80.45873987 61.76208463 74.63434884 81.92753654 65.40767075 76.16803774 70.11180659 75.27181975 54.93438580 66.00035357 50.22347982 68.39403890 45.17337282 59.45151122 58.69277620 63.63698920 53.86606109 61.63629178 36.57453277 44.15586114 48.07587651 32.13564855 49.19362285 33.79969307 50.90842258 22.93643140 48.14621855 41.56968351 43.39429202 36.48465355 28.88594410 37.20863636 55.86398419 31.94138026 40.14399121 0.00000000 23.86061535 11.78337586 35.78708599 40.25424504 13.86679964 48.82383923 25.10584642 23.81282437 34.77001147 46.93737679 45.88547957 43.62856229 64.66095905 47.23354809 39.03825655 54.79516829 39.54295935 53.61057810 44.57490792 42.40273946 63.60962929
64.21343092 89.65727738 69.84377852 58.61051089 66.52382780 94.02140320 60.07930756 77.55118790 56.50831701 92.03207708 53.40500046 66.97984827 54.97589286 62.36699697 46.52721961 56.74407727 59.78980248 70.83629334 41.78876022 76.09483936 39.77665017 58.80331104 41.05219889 70.30465479 54.36442683 27.33398123 42.61424712 73.13720086 45.16086304 26.27939926 33.47164891 65.62307029 14.61783427 51.11472237 47.47348518 72.25062854 48.33520227 16.28337586 23.86061535 0.00000000 28.91560462 52.18090801 17.90954544 18.39876305 65.21766124 13.81964407 34.81821089 51.15665581 31.79958263 58.87322423 38.30339009 77.64870371 34.01488748 23.90046239 67.78291295 48.05573970 38.47278394 30.15771195 55.25889950 76.59737396
91.13523947 74.10909895 57.35030212 80.38862583 60.83931268 73.11781987 87.00111610 64.48489880 75.24526579 68.59527762 80.32680901 54.01161385 65.07758162 49.30070787 73.44902816 44.25060087 58.52873927 57.77000424 68.71056876 52.34953212 66.69128104 35.05765862 43.23308918 46.55934754 30.61911958 54.24861211 32.87692112 49.39189361 21.42512941 53.20120781 40.64691156 41.87776304 41.53964281 27.36941513 36.28586441 44.08060833 20.16518207 45.19898048 11.78337586 28.91560462 0.00000000 24.01088780 45.30205663 14.33505179 37.05481871 30.16443250 13.62966219 22.98037309 51.99236605 35.68372709 33.44540011 54.45920657 37.05038591 44.08606814 44.59341581 29.35979718 58.66556736 49.64130981 32.21957728 53.40787682
113.51773250 65.46395731 77.16544256 101.88568744 82.36610891 64.47267822 109.69918572 64.09486802 96.74232740 59.95013597 103.02487863 66.43316840 86.57464323 66.20527369 96.14709777 65.74766248 80.02580088 52.73661000 91.40863838 43.70439047 89.95658443 52.34458892 64.72297313 39.34904351 41.75177273 76.82799409 54.36680506 31.16513653 42.91227223 76.46651120 62.13679550 25.41534779 64.80494620 44.12724939 57.78292602 24.03662164 15.18254683 68.45710620 35.79426366 52.17373034 24.01088780 0.00000000 68.56736002 37.60035519 13.03675324 53.42973589 28.77286140 13.28648285 75.25766944 47.40147951 45.75226016 66.17695899 49.35724596 67.35137153 56.31116823 41.65947955 81.93087075 67.46592310 44.21405807 65.12562924
72.42138213 98.56131914 78.74782027 66.81846210 74.73177901 102.92544495 68.28725876 86.45522965 64.71626822 100.93611884 61.61295167 75.88389003 63.18384407 71.27103872 54.73517082 65.64811902 67.99775369 79.74033509 49.99671143 85.61392002 47.98460138 74.67974389 49.95624065 86.68392913 70.74370117 36.23084532 51.51828888 89.51647520 61.54013738 34.48735047 42.37569067 82.00234463 22.82578548 67.49399671 56.38470461 88.62990288 64.71447661 13.51159901 40.24706737 17.90954544 45.29487896 68.56018235 0.00000000 34.08912452 81.59693559 22.31033622 50.50857236 67.52340512 37.23134085 72.23901361 43.72797064 91.01449309 39.44664570 29.33222062 81.14870233 53.48749792 43.90454216 35.58355283 60.69065772 89.96316334
80.61839791 85.26488802 67.91233417 75.01547787 71.43107935 84.27360894 76.48427454 75.04693085 72.91328400 79.75106669 69.80996745 64.57364590 71.38085985 59.86273992 62.93218660 54.81263292 69.09077132 68.33203630 58.19372720 63.50532119 56.17443948 46.21344769 53.78794356 57.71513661 41.77490865 43.73177055 43.43177550 60.54768268 32.57099968 42.68436625 49.87661590 53.03355212 31.02280125 38.52520420 46.84789646 57.67007572 33.74747178 34.67496124 13.90989757 18.39158538 14.33505179 37.59317751 34.08912452 0.00000000 50.62993075 18.95120743 16.52701231 36.57610299 40.77943394 40.58202565 38.33622803 59.35750513 41.94121383 32.88031370 49.49171437 34.25062510 47.45263525 38.43555537 37.11040520 58.30617537
121.92919918 69.04638804 80.74787330 110.29715412 90.77757559 68.05510896 120.99329491 67.67729876 105.15379408 63.53256671 115.59596669 70.01559914 94.98610991 69.78770443 108.71818584 73.69174279 88.43726756 56.31904074 103.97972644 47.28682121 102.98616000 55.91984199 77.29406119 42.93147425 45.32702580 89.39908215 66.93789312 34.05147672 53.81162540 89.49608676 74.70788356 28.99777853 77.83452177 47.70250245 70.35401409 26.92296183 28.21930006 81.48668176 48.82383923 65.20330590 37.04046337 13.03675324 81.59693559 50.62993075 0.00000000 66.45931146 41.80961464 20.26810623 88.28724501 60.43823275 58.78901340 79.21371223 62.39399920 80.38094709 69.34792147 54.70341046 94.96044631 80.50267633 57.25081131 78.16238247
78.02560436 99.10328629 81.75038726 72.42268432 80.33600123 98.11166203 73.89148099 88.88498394 70.32049045 93.58911978 67.21717389 78.41169900 68.78806629 73.70079301 60.33939304 68.65068601 73.60197591 82.17008939 55.60093365 77.34337428 53.58164593 60.05184596 54.86437233 71.55318971 55.61296175 41.13897699 56.42642055 74.38573578 46.40939796 40.09157269 47.28382234 66.87160521 28.43000770 52.36325729 60.68594956 73.49916346 49.58373719 29.05868847 25.10915027 13.81217343 30.16413953 53.42944292 22.31033622 18.95120743 66.46619616 0.00000000 35.37065527 52.40519073 23.61371041 57.93247029 29.42142732 76.70794978 25.14010239 15.71459017 66.84215901 39.18095461 30.28691172 21.27574918 46.38411441 75.65662002
97.03784575 87.73129051 70.97249367 91.43492571 74.49123885 86.74001142 92.90372238 78.10709036 88.86745735 82.21746917 86.22941529 67.63380541 78.69977317 62.92289943 79.35163444 57.87279242 72.15093082 71.39219580 74.61317504 65.97172367 72.59388732 48.67985017 56.84810307 60.18153910 44.24131114 60.15121839 46.49193500 56.67436503 35.03740217 59.10381409 54.26192544 50.92457630 47.44224909 40.99160668 49.90805597 49.54585015 25.62324621 51.09440908 23.81612822 34.81103322 13.62219156 28.77286140 50.50857236 16.53448295 41.80961464 35.37812590 0.00000000 27.75578687 57.19888178 24.42302578 22.17722816 43.19850526 25.78221396 46.37226429 33.33271450 18.09162522 62.17973000 43.88497376 20.95140533 42.14717550
112.48344838 77.67277726 77.78647626 100.82479997 81.30522143 76.68149818 108.66490160 76.30368798 95.68143993 72.15895593 101.99059451 74.44778799 85.51375576 69.73688201 95.11281366 64.68677501 78.96491341 64.94542995 90.37435427 55.91321043 88.92230032 55.49383276 63.66926332 51.55786347 51.05529372 75.79370997 53.31309526 43.37395648 41.85138475 75.43222709 61.10251139 37.62416775 63.77066209 47.80558927 56.74864191 36.26868890 21.83145174 67.42282208 34.75997955 51.13944622 22.97660369 13.25605787 67.53307591 36.56607107 20.26810623 52.39545178 27.73857729 0.00000000 74.22338533 46.34059204 44.71797604 65.11607152 48.32296185 66.31708742 55.25028076 40.63237311 80.89658663 66.43163898 43.15317060 64.06474176
96.01301356 120.92433514 101.64336115 90.41009352 98.32341044 119.93271087 91.87889019 109.35077053 88.30789965 115.41016862 85.20458310 98.77943091 86.77547550 94.16657960 78.32680225 88.54365990 91.58938511 102.63587597 73.58834285 99.16442313 71.56905513 81.87881214 72.85178153 93.37423855 77.43401059 59.12638620 74.41382976 96.20678462 68.23044680 58.07898190 65.27123155 88.69265405 46.41741690 74.18430613 79.28024549 95.32021230 71.40478603 43.97969311 46.93737679 31.79958263 51.98518838 75.25049177 37.23134085 40.77943394 88.28724501 23.61371041 57.19888178 74.20276747 0.00000000 66.84999088 38.34612558 85.62547036 34.05762297 14.00195811 75.75967960 48.09847519 12.13675270 23.29783687 55.30163500 84.57414061
121.09285909 109.80000371 93.04120688 115.48993905 96.55995205 108.80872463 116.95873572 100.17580356 110.93617055 104.28618238 110.28442863 89.70251861 100.76848638 84.99161263 103.40664778 79.94150563 94.21964403 93.46090901 98.66818838 88.04043688 96.64890066 70.75448072 78.92399395 82.25025231 66.31002435 84.20623173 68.56782588 75.29580548 57.10611538 83.15882743 76.32346098 69.53524226 71.49726243 63.06031989 71.96959150 68.16729059 44.25186432 75.14942242 45.87766375 58.86604656 35.68372709 47.40147951 72.24619128 40.58949629 60.43823275 57.93247029 24.42302578 46.38440498 66.85716855 0.00000000 30.18252402 22.40917020 32.79236791 53.38241823 14.86088211 20.31485889 69.18988395 50.89512771 17.76012562 23.67534312
102.51682102 107.55420610 90.79540926 96.91390098 94.31415444 106.56292701 98.38269765 97.93000594 94.81170711 102.04038476 91.70839055 87.45672099 93.27928295 82.74581501 84.83060970 77.69570801 91.97384641 91.21511139 80.09215031 85.79463926 78.07286259 68.50868310 76.67819633 80.00445469 64.06422673 65.63019365 66.31485059 73.64658612 54.86031776 64.58278935 71.77503900 67.88602290 52.92122436 60.81452227 69.72379388 66.51807123 42.60264497 50.48350056 43.63186613 38.30339009 33.43792947 45.75226016 43.73514831 38.34369867 58.78901340 29.42142732 22.17722816 44.73518563 38.35330326 30.17534635 0.00000000 48.95082583 4.80071692 24.87137526 39.08503507 13.65411715 40.68601865 22.39000207 21.03767933 47.89949608
139.86052275 128.56766738 111.80887055 134.25760272 115.32761572 127.57638829 135.72639938 118.94346723 129.70383422 123.05384604 129.05209229 108.47018228 119.53615004 103.75927630 122.17431144 98.70916930 112.98730770 112.22857267 117.43585205 106.80810054 115.41656432 89.52214438 97.69165761 101.01791597 85.07768801 102.97389539 87.33548954 94.06346914 75.87377904 101.92649109 95.09112464 88.30290592 90.26492610 81.82798355 90.73725517 86.93495425 63.01952799 93.91708609 64.64532742 77.63371023 54.45139075 66.16914318 91.00667727 59.35715995 79.20589641 76.69295629 43.19068944 65.15206865 85.61765455 22.40917020 48.94301002 0.00000000 51.55285390 72.14290423 11.32439684 39.08252256 87.95036995 69.66153104 36.52778928 12.24063005
98.23549608 111.15919190 94.40039507 92.63257604 97.91914024 110.16791281 94.10137271 101.53499175 90.53038217 105.64537056 87.42706561 91.06170680 88.99795801 86.35080082 80.54928476 81.30069381 93.81186763 94.82009719 75.81082537 89.39962506 73.79153765 72.11366890 75.07426405 83.60944049 67.66921253 61.34886871 69.92701406 77.25157193 58.46530356 60.30146441 67.49371406 71.49100871 48.63989942 64.41950807 73.32877969 70.12305704 46.20763077 46.20217562 47.23685194 34.02206515 37.04291527 49.35724596 39.45382337 41.94868447 62.39399920 25.14010239 25.78221396 48.34017144 34.06480065 32.78519024 4.80853273 51.56066972 0.00000000 20.59005033 41.69487896 14.81118357 36.40469372 18.10867713 22.01434337 50.50933996
88.11389332 113.03957024 93.74424091 82.51097328 90.42429020 112.04794598 83.97976995 101.45165029 80.40877941 107.52540373 77.30546286 90.88031067 78.87635526 86.26745936 70.42768201 80.64453966 83.69026487 94.73675573 65.68922261 91.27965823 63.66993489 73.98686957 64.95266129 85.48947365 69.54206802 51.22726596 66.51470952 88.30766438 60.33850423 50.17986166 57.37211131 80.79353381 38.51829666 66.28518589 71.38112525 87.42109206 63.50566579 36.08057287 39.03825655 23.90046239 44.08606814 67.35137153 29.33222062 32.88031370 80.38812477 15.71459017 46.37226429 66.31459430 14.00195811 53.38241823 24.87137526 72.15789771 20.59005033 0.00000000 62.29210695 34.63090255 15.83221265 10.06866291 41.83406235 71.10656796
129.99537014 118.70969243 101.95089560 124.39245010 105.46964077 117.71841335 125.86124677 109.08549228 119.84585927 113.19587110 119.18693967 98.61220733 109.67817510 93.90130135 112.30915882 88.85119435 103.12933275 102.37059773 107.57069943 96.95012560 105.55141171 79.66416944 87.83368267 91.15994102 75.21971306 93.10874277 77.47751460 84.20549419 66.01580410 92.06133847 85.23314970 78.44493098 80.39977348 71.97000861 80.87928022 77.07697931 53.16155304 84.05911114 54.78735247 67.77573528 44.59341581 56.31116823 81.15588000 49.49918500 69.34792147 66.84215901 33.33271450 55.29409370 75.76685727 14.86088211 39.09221274 11.33221265 41.70205663 62.29210695 0.00000000 28.53563474 78.09957267 59.80481643 25.97372379 8.81446101
112.26917062 103.46860316 86.70980633 106.66625059 90.22855150 102.47732408 108.13504725 93.84440301 104.60477000 97.95478183 101.46074016 83.37111806 94.43708583 78.66021208 94.58295931 73.61010508 87.88824348 87.12950845 89.84449992 81.70903633 87.82521219 64.42308016 72.59259339 75.91885175 59.97862379 75.38254326 62.23642533 69.56816086 50.77471482 74.33513896 69.99923810 63.81837213 62.67357397 56.72891934 65.64536862 62.42529063 38.51704203 60.23585017 39.55407902 48.05573970 29.35232654 41.65947955 53.48749792 34.25809573 54.69623279 39.17377693 18.09162522 40.64240503 48.09847519 20.32203656 13.65411715 39.09751604 14.81118357 34.62372487 28.53563474 0.00000000 49.73510005 31.44626114 8.44579359 37.35009574
102.68621487 127.59753645 108.31656246 97.08329483 104.99661175 126.60591218 98.55209150 116.02397184 94.98110096 122.08336993 91.87778441 105.45263221 93.44867681 100.83978091 85.00000355 95.21686121 98.26258642 109.30907728 80.26154416 105.83762443 78.24225644 88.55201345 79.52498284 100.04743986 84.10721190 65.79958750 81.08703106 102.87998593 74.90364811 64.75218320 71.94443285 95.36585536 53.09061821 80.85750744 85.95344680 101.99341361 78.07798734 50.65289441 53.61057810 38.47278394 58.65838969 81.92369308 43.90454216 47.45263525 94.96044631 30.28691172 62.17255233 80.87596878 12.17203482 69.18270628 40.67884098 87.95818576 36.39033837 15.83221265 78.09239500 49.73510005 0.00000000 21.77736226 56.93825985 86.90685601
94.35507324 118.56312660 99.98542083 88.75215320 96.66547012 117.57150234 90.22094987 107.69283021 86.64995933 113.04896009 83.54664278 97.12149059 85.11753518 92.50863928 76.66886193 86.88571958 89.93144480 100.97793566 71.93040253 96.80321459 69.91111481 79.51760361 71.19384121 91.01303002 75.07280206 57.46844588 72.75588944 93.84557609 65.86923827 56.42104158 63.61329123 86.33144552 44.75947658 71.82309760 77.62230517 88.22455650 64.31630790 42.31457512 44.57616825 30.13446465 49.62397984 67.45874542 35.55904519 38.41822541 80.49549866 21.25250188 43.88371342 66.42914587 23.29002105 50.89386737 22.39000207 69.66934685 18.10149946 10.06866291 59.80355609 31.44626114 21.77736226 0.00000000 38.64942094 68.61801710
117.62123864 106.32838327 89.56958644 112.01831861 93.08833161 105.33710418 113.48711527 96.70418312 107.46455011 100.81456193 106.81280818 86.23089817 97.29686593 81.51999219 99.93502733 76.46988519 90.74802359 89.98928856 95.19656794 84.56881644 93.17728021 67.28286027 75.44519583 78.77863186 62.83840390 80.73461128 65.08902776 72.11556171 53.63449493 79.68720698 72.85184053 66.35499849 68.02564199 59.58869944 68.49797106 64.97986915 41.06444288 67.42823549 42.40604331 55.25889950 32.21210665 44.21405807 60.69783539 37.11787584 57.25081131 46.37693674 20.95140533 43.19698354 55.30881267 17.76012562 21.04549515 36.53560510 22.01434337 41.83406235 25.97372379 8.44579359 56.94543752 38.65068127 0.00000000 34.78818480
138.81700882 127.52415344 110.76535661 133.21408878 114.28410178 126.53287435 134.68288545 117.89995329 128.66032028 122.01033210 128.00857835 107.42666834 118.49263610 102.71576236 121.13079750 97.66565536 111.94379376 111.18505873 116.39233811 105.76458661 114.37305039 88.47863044 96.64814367 99.97440203 84.03417407 101.93038145 86.29197561 93.02713287 74.83026510 100.88297715 94.04761070 87.26656966 89.22141216 80.78446961 89.69374123 85.89144031 61.97601405 92.87357215 63.60181348 76.59019629 53.40787682 65.12562924 89.96316334 58.31364601 78.16238247 75.64944235 42.14717550 64.10855471 84.57414061 23.67534312 47.89949608 12.21020508 50.50933996 71.09939029 8.81446101 37.34291807 86.90685601 68.61801710 34.78818480 0.00000000
