0.00000000 258.72287143 194.06601718 211.46803743 350.10764774 300.00714267 122.95331881 158.46803743 384.94826817 263.93607486 216.79393924 344.87720036 253.30865787 319.37972568 323.27922061 369.83051917 248.09545443 321.30865787 409.45079349 393.00714267 287.93607486 431.22034611 421.27922061 332.16652224 480.73001410 442.61731573 521.97770542 392.66399692 480.97265479 645.94321754 504.43354955 499.81832586 685.44069222 592.71277016 530.63455967
258.72287143 0.00000000 346.90663761 92.18376618 92.21320344 452.84776311 174.48023074 315.91883092 545.87214973 120.87005769 175.26702730 165.99494937 378.37467504 385.91883092 448.34523779 222.72287143 321.26197667 339.58073580 258.02438662 508.41630560 412.27416998 294.37972568 371.14927830 398.70562748 344.89444430 566.36962441 588.51681067 516.41630560 604.72496347 550.04877324 570.97265479 566.35743110 549.60512242 706.62445841 597.17366492
194.06601718 346.90663761 0.00000000 299.65180362 438.29141392 110.18376618 196.20815280 106.32590181 195.12489168 349.63455967 290.04877324 430.57568517 188.98275606 364.91883092 234.56854249 455.52900398 270.52186130 366.84776311 454.98989873 315.61017306 310.36248173 476.75945135 459.44574285 370.33304448 566.42849891 450.30865787 556.00209204 415.09040380 485.69343418 679.96760416 538.45793616 523.07315985 748.69552622 603.77669530 561.34523779
211.46803743 92.18376618 299.65180362 0.00000000 184.98275606 405.59292911 127.22539674 268.66399692 498.61731573 144.36753237 138.15432893 225.30865787 331.11984105 338.66399692 401.09040380 254.36248173 274.00714267 340.59292911 282.77669530 461.16147161 365.01933598 319.13203436 395.90158698 351.45079349 365.26197667 519.11479041 541.26197667 469.16147161 557.47012947 570.41630560 523.71782079 519.10259710 569.97265479 659.36962441 549.91883092
350.10764774 92.21320344 438.29141392 184.98275606 0.00000000 544.23253942 265.86500705 407.30360723 637.25692604 148.09545443 248.10764774 124.76955262 469.75945135 368.00714267 539.73001410 176.52691193 412.64675298 322.62236636 241.06601718 599.80108191 503.65894629 271.62236636 348.39191899 468.57568517 311.12489168 657.75440072 661.43354955 607.80108191 696.10973978 516.27922061 654.85995642 654.00209204 515.83556980 794.26911935 669.08535316
300.00714267 452.84776311 110.18376618 405.59292911 544.23253942 0.00000000 302.14927830 202.89444430 87.87005769 455.57568517 395.98989873 536.51681067 212.03657993 449.54624792 194.02438662 561.47012947 339.87720036 451.47518011 546.24473273 250.15432893 349.81832586 561.38686835 528.80108191 439.68838354 647.54119728 343.05382387 625.35743110 404.83051917 378.43860018 749.32294321 607.81327522 509.14927830 818.05086528 496.52186130 626.61731573
122.95331881 174.48023074 196.20815280 127.22539674 265.86500705 302.14927830 0.00000000 142.02438662 371.97770542 163.81118318 104.22539674 244.75230868 204.48023074 222.56854249 274.45079349 269.70562748 157.91168825 224.49747468 312.63961031 334.52186130 233.35028843 334.40916293 324.46803743 235.35533906 380.60512242 388.03152929 425.16652224 338.07821049 426.38686835 549.13203436 407.62236636 403.00714267 585.31580054 543.27416998 433.82337649
158.46803743 315.91883092 106.32590181 268.66399692 407.30360723 202.89444430 142.02438662 0.00000000 261.02438662 295.45079349 235.86500705 376.39191899 93.52691193 258.59292911 163.49747468 401.34523779 164.19595949 260.52186130 348.66399692 233.22539674 204.03657993 370.43354955 353.11984105 264.00714267 456.58787848 322.65180362 449.67619023 308.76450199 418.76450199 573.64170235 432.13203436 416.74725805 642.36962441 508.81327522 455.01933598
384.94826817 545.87214973 195.12489168 498.61731573 637.25692604 87.87005769 371.97770542 261.02438662 0.00000000 525.40411229 426.76450199 606.34523779 169.15432893 396.66399692 106.98275606 584.54624792 288.65180362 398.59292911 493.36248173 163.11269837 262.77669530 508.50461736 475.33304448 386.22034611 594.65894629 256.01219331 571.88939367 317.78888861 291.39696962 695.85490578 554.34523779 422.10764774 764.58282784 409.48023074 539.57568517
263.93607486 120.87005769 349.63455967 144.36753237 148.09545443 455.57568517 163.81118318 295.45079349 525.40411229 0.00000000 103.32590181 81.76955262 357.90663761 272.37972568 427.87720036 117.02438662 277.13708499 226.99494937 145.43860018 459.98989873 368.14927830 181.79393924 258.56349186 354.58073580 227.92388155 522.24473273 578.23253942 472.29141392 560.60007179 433.07821049 526.84776311 522.23253942 432.63455967 662.49956672 553.04877324
216.79393924 175.26702730 290.04877324 138.15432893 248.10764774 395.98989873 104.22539674 235.86500705 426.76450199 103.32590181 0.00000000 179.63961031 260.09545443 255.05382387 329.23759005 179.05382387 190.39696962 256.98275606 207.46803743 373.24978336 281.40916293 243.82337649 320.59292911 267.84062043 289.95331881 435.50461736 457.65180362 385.55129855 473.85995642 495.10764774 440.10764774 435.49242405 494.66399692 575.75945135 466.30865787
344.87720036 165.99494937 430.57568517 225.30865787 124.76955262 536.51681067 244.75230868 376.39191899 606.34523779 81.76955262 179.63961031 0.00000000 438.84776311 243.23759005 493.60512242 56.72792206 314.42135624 197.85281374 116.29646456 531.23253942 402.36248173 146.85281374 223.62236636 335.80613255 186.35533906 556.45793616 536.66399692 506.50461736 594.81327522 391.50966799 530.09040380 503.45793616 391.06601718 643.72496347 534.27416998
253.30865787 378.37467504 188.98275606 331.11984105 469.75945135 212.03657993 204.48023074 93.52691193 169.15432893 357.90663761 260.09545443 438.84776311 0.00000000 239.16652224 71.62741700 427.04877324 129.49747468 241.09545443 335.86500705 141.35533906 162.71067812 351.00714267 318.42135624 229.30865787 437.16147161 230.78174593 414.97770542 267.43860018 326.89444430 538.94321754 397.43354955 382.04877324 607.67113960 417.17871555 420.32085117
319.37972568 385.91883092 364.91883092 338.66399692 368.00714267 449.54624792 222.56854249 258.59292911 396.66399692 272.37972568 255.05382387 243.23759005 239.16652224 0.00000000 289.68124087 217.88225099 110.49747468 54.49747468 139.32590181 327.30865787 198.43860018 188.26702730 211.13708499 152.56854249 265.14927830 352.53405461 342.37972568 302.58073580 390.88939367 470.88939367 324.83556980 320.22034611 470.44574285 460.48737342 351.03657993
323.27922061 448.34523779 234.56854249 401.09040380 539.73001410 194.02438662 274.45079349 163.49747468 106.98275606 427.87720036 329.23759005 493.60512242 71.62741700 289.68124087 0.00000000 477.56349186 181.66904756 291.61017306 386.37972568 83.52691193 158.72287143 401.52186130 368.35028843 279.23759005 487.67619023 172.95331881 464.90663761 213.73506474 255.50966799 588.87214973 447.36248173 386.22034611 657.60007179 373.59292911 435.27922061
369.83051917 222.72287143 455.52900398 254.36248173 176.52691193 561.47012947 269.70562748 401.34523779 584.54624792 117.02438662 179.05382387 56.72792206 427.04877324 217.88225099 477.56349186 0.00000000 298.37972568 172.49747468 96.05382387 515.19090886 386.32085117 95.09545443 171.86500705 292.04877324 134.59797975 540.41630560 484.90663761 490.46298680 578.77164466 339.75230868 478.33304448 477.47518011 339.30865787 617.74220741 492.55844123
248.09545443 321.26197667 270.52186130 274.00714267 412.64675298 339.87720036 157.91168825 164.19595949 288.65180362 277.13708499 190.39696962 314.42135624 129.49747468 110.49747468 181.66904756 298.37972568 0.00000000 112.42640687 207.19595949 219.29646456 94.56854249 222.33809512 199.12489168 110.01219331 308.49242405 248.66399692 295.68124087 198.71067812 287.01933598 419.64675298 278.13708499 262.75230868 488.37467504 403.01933598 301.02438662
321.30865787 339.58073580 366.84776311 340.59292911 322.62236636 451.47518011 224.49747468 260.52186130 398.59292911 226.99494937 256.98275606 197.85281374 241.09545443 54.49747468 291.61017306 172.49747468 112.42640687 0.00000000 90.62741700 329.23759005 200.36753237 139.56854249 169.50966799 140.43860018 216.45079349 354.46298680 330.24978336 304.50966799 392.81832586 422.19090886 312.70562748 308.09040380 421.74725805 448.35743110 338.90663761
409.45079349 258.02438662 454.98989873 282.77669530 241.06601718 546.24473273 312.63961031 348.66399692 493.36248173 145.43860018 207.46803743 116.29646456 335.86500705 139.32590181 386.37972568 96.05382387 207.19595949 90.62741700 0.00000000 424.00714267 295.13708499 54.21320344 119.85281374 228.58073580 129.33809512 449.23253942 418.39191899 399.27922061 487.58787848 334.49242405 400.84776311 396.23253942 334.04877324 536.49956672 427.04877324
393.00714267 508.41630560 315.61017306 461.16147161 599.80108191 250.15432893 334.52186130 233.22539674 163.11269837 459.98989873 373.24978336 531.23253942 141.35533906 327.30865787 83.52691193 515.19090886 219.29646456 329.23759005 424.00714267 0.00000000 170.99494937 439.14927830 405.97770542 316.86500705 525.30360723 100.21320344 502.53405461 209.68124087 174.75230868 626.49956672 484.98989873 305.46298680 695.22748879 292.83556980 422.93102423
287.93607486 412.27416998 310.36248173 365.01933598 503.65894629 349.81832586 233.35028843 204.03657993 262.77669530 368.14927830 281.40916293 402.36248173 162.71067812 198.43860018 158.72287143 386.32085117 94.56854249 200.36753237 295.13708499 170.99494937 0.00000000 310.27922061 277.10764774 148.23759005 396.43354955 158.09545443 329.80613255 111.45584412 196.45079349 453.77164466 312.26197667 278.65180362 522.49956672 308.19090886 316.92388155
431.22034611 294.37972568 476.75945135 319.13203436 271.62236636 561.38686835 334.40916293 370.43354955 508.50461736 181.79393924 243.82337649 146.85281374 351.00714267 188.26702730 401.52186130 95.09545443 222.33809512 139.56854249 54.21320344 439.14927830 310.27922061 0.00000000 76.76955262 196.95331881 86.15432893 464.37467504 368.92388155 414.42135624 502.73001410 291.89444430 350.20815280 373.09040380 291.45079349 513.35743110 397.46298680
421.27922061 371.14927830 459.44574285 395.90158698 348.39191899 528.80108191 324.46803743 353.11984105 475.33304448 258.56349186 320.59292911 223.62236636 318.42135624 211.13708499 368.35028843 171.86500705 199.12489168 169.50966799 119.85281374 405.97770542 277.10764774 76.76955262 0.00000000 124.32590181 119.87005769 431.20310217 296.29646456 381.24978336 413.09040380 318.68124087 277.58073580 300.46298680 319.65180362 440.73001410 324.83556980
332.16652224 398.70562748 370.33304448 351.45079349 468.57568517 439.68838354 235.35533906 264.00714267 386.22034611 354.58073580 267.84062043 335.80613255 229.30865787 152.56854249 279.23759005 292.04877324 110.01219331 140.43860018 228.58073580 316.86500705 148.23759005 196.95331881 124.32590181 0.00000000 244.19595949 302.33304448 193.95331881 252.37972568 291.69343418 317.91883092 176.40916293 179.06601718 386.64675298 319.33304448 203.43860018
480.73001410 344.89444430 566.42849891 365.26197667 311.12489168 647.54119728 380.60512242 456.58787848 594.65894629 227.92388155 289.95331881 186.35533906 437.16147161 265.14927830 487.67619023 134.59797975 308.49242405 216.45079349 129.33809512 525.30360723 396.43354955 86.15432893 119.87005769 244.19595949 0.00000000 550.52900398 349.48023074 500.57568517 532.96046148 204.32590181 342.90663761 420.33304448 203.88225099 560.60007179 444.70562748
442.61731573 566.36962441 450.30865787 519.11479041 657.75440072 343.05382387 388.03152929 322.65180362 256.01219331 522.24473273 435.50461736 556.45793616 230.78174593 352.53405461 172.95331881 540.41630560 248.66399692 354.46298680 449.23253942 100.21320344 158.09545443 464.37467504 431.20310217 302.33304448 550.52900398 0.00000000 431.97770542 136.25483400 84.25483400 554.18585823 413.26197667 214.96551211 622.91378029 202.33809512 332.43354955
521.97770542 588.51681067 556.00209204 541.26197667 661.43354955 625.35743110 425.16652224 449.67619023 571.88939367 578.23253942 457.65180362 536.66399692 414.97770542 342.37972568 464.90663761 484.90663761 295.68124087 330.24978336 418.39191899 502.53405461 329.80613255 368.92388155 296.29646456 193.95331881 349.48023074 431.97770542 0.00000000 433.94826817 353.13708499 146.22539674 100.35533906 248.93607486 310.63455967 380.77669530 248.68124087
392.66399692 516.41630560 415.09040380 469.16147161 607.80108191 404.83051917 338.07821049 308.76450199 317.78888861 472.29141392 385.55129855 506.50461736 267.43860018 302.58073580 213.73506474 490.46298680 198.71067812 304.50966799 399.27922061 209.68124087 111.45584412 414.42135624 381.24978336 252.37972568 500.57568517 136.25483400 433.94826817 0.00000000 143.35533906 557.91378029 416.40411229 259.92388155 626.64170235 255.09545443 377.39191899
480.97265479 604.72496347 485.69343418 557.47012947 696.10973978 378.43860018 426.38686835 418.76450199 291.39696962 560.60007179 473.85995642 594.81327522 326.89444430 390.88939367 255.50966799 578.77164466 287.01933598 392.81832586 487.58787848 174.75230868 196.45079349 502.73001410 413.09040380 291.69343418 532.96046148 84.25483400 353.13708499 143.35533906 0.00000000 475.34523779 334.42135624 136.12489168 544.07315985 120.56854249 253.59292911
645.94321754 550.04877324 679.96760416 570.41630560 516.27922061 749.32294321 549.13203436 573.64170235 695.85490578 433.07821049 495.10764774 391.50966799 538.94321754 470.88939367 588.87214973 339.75230868 419.64675298 422.19090886 334.49242405 626.49956672 453.77164466 291.89444430 318.68124087 317.91883092 204.32590181 554.18585823 146.22539674 557.91378029 475.34523779 0.00000000 139.65180362 371.14422766 181.78174593 502.98484810 370.88939367
504.43354955 570.97265479 538.45793616 523.71782079 654.85995642 607.81327522 407.62236636 432.13203436 554.34523779 526.84776311 440.10764774 530.09040380 397.43354955 324.83556980 447.36248173 478.33304448 278.13708499 312.70562748 400.84776311 484.98989873 312.26197667 350.20815280 277.58073580 176.40916293 342.90663761 413.26197667 100.35533906 416.40411229 334.42135624 139.65180362 0.00000000 230.22034611 229.35028843 362.06096654 229.96551211
499.81832586 566.35743110 523.07315985 519.10259710 654.00209204 509.14927830 403.00714267 416.74725805 422.10764774 522.23253942 435.49242405 503.45793616 382.04877324 320.22034611 386.22034611 477.47518011 262.75230868 308.09040380 396.23253942 305.46298680 278.65180362 373.09040380 300.46298680 179.06601718 420.33304448 214.96551211 248.93607486 259.92388155 136.12489168 371.14422766 230.22034611 0.00000000 439.87214973 150.81118318 118.19595949
685.44069222 549.60512242 748.69552622 569.97265479 515.83556980 818.05086528 585.31580054 642.36962441 764.58282784 432.63455967 494.66399692 391.06601718 607.67113960 470.44574285 657.60007179 339.30865787 488.37467504 421.74725805 334.04877324 695.22748879 522.49956672 291.45079349 319.65180362 386.64675298 203.88225099 622.91378029 310.63455967 626.64170235 544.07315985 181.78174593 229.35028843 439.87214973 0.00000000 571.71277016 439.61731573
592.71277016 706.62445841 603.77669530 659.36962441 794.26911935 496.52186130 543.27416998 508.81327522 409.48023074 662.49956672 575.75945135 643.72496347 417.17871555 460.48737342 373.59292911 617.74220741 403.01933598 448.35743110 536.49956672 292.83556980 308.19090886 513.35743110 440.73001410 319.33304448 560.60007179 202.33809512 380.77669530 255.09545443 120.56854249 502.98484810 362.06096654 150.81118318 571.71277016 0.00000000 221.52691193
530.63455967 597.17366492 561.34523779 549.91883092 669.08535316 626.61731573 433.82337649 455.01933598 539.57568517 553.04877324 466.30865787 534.27416998 420.32085117 351.03657993 435.27922061 492.55844123 301.02438662 338.90663761 427.04877324 422.93102423 316.92388155 397.46298680 324.83556980 203.43860018 444.70562748 332.43354955 248.68124087 377.39191899 253.59292911 370.88939367 229.96551211 118.19595949 439.61731573 221.52691193 0.00000000
