0.00000000 120.94849055 92.47016374 105.24452925 147.19649874 129.07103495 34.72928135 69.90221608 141.05280741 113.43797276 71.69485138 140.49480926 70.19702586 103.61207971 84.81061219 147.06906076 85.42420896 106.00171865 141.69067478 118.88101391 95.90966070 139.66155142 143.87828151 101.18380473 180.01237369 163.49413829 179.19357165 133.92259915 178.90677653 209.68165098 184.81121559 171.54943057 229.62812037 209.83508730 156.39810101
120.94849055 0.00000000 179.84526921 27.00905141 26.08909621 216.44614042 83.29357055 115.04012359 165.02550315 35.64534239 72.05008513 48.01615554 133.91619185 157.48520705 148.52977818 63.14757148 136.61456061 138.45807375 107.28053306 210.13699013 164.33434799 106.37573235 142.51317928 155.05693208 105.12648972 231.76778511 233.06669899 202.19624596 247.18042334 176.05987693 238.68434293 225.42255791 154.74223639 242.79407636 210.27122835
92.47016374 179.84526921 0.00000000 164.14130790 206.09327739 42.79180100 86.85990796 45.10626943 55.00074427 154.98132826 123.81142909 182.03816476 62.91736869 139.68319595 98.31760164 188.45895474 101.94309726 142.07283489 177.76179102 134.86648823 112.42854900 175.73266766 177.62188670 134.92740992 221.40226768 113.94980002 214.00677487 150.44148746 136.76413106 244.49485420 219.62441881 203.24126859 259.00025167 169.30339472 185.39171002
105.24452925 27.00905141 164.14130790 0.00000000 51.25692772 200.74217911 67.58960924 99.33616228 149.32154184 63.80942739 90.21242094 90.86626389 118.21223054 141.78124575 132.82581687 99.34763296 120.91059930 144.17088469 133.29043008 194.43302882 148.63038669 132.38562937 168.52307631 139.35297077 132.29094589 216.06382380 217.36273768 186.49228465 231.47646203 203.22433311 222.98038162 209.71859661 181.90669257 227.09011505 194.56726704
147.19649874 26.08909621 206.09327739 51.25692772 0.00000000 242.69414860 109.54157874 141.28813177 191.27351134 57.45997589 100.04974401 32.68618370 160.16420003 142.02862395 174.77778637 40.61443874 162.86256880 125.16384909 93.98630839 236.38499832 190.58235618 73.86967925 109.50274841 157.97368852 76.24068573 258.01579329 185.98821103 228.44425415 273.42843153 147.17407294 196.61383490 208.77280630 125.85643240 226.14432475 215.07437226
129.07103495 216.44614042 42.79180100 200.74217911 242.69414860 0.00000000 123.46077917 72.45655454 12.80323315 191.58219947 160.41230030 218.63903597 62.52397160 159.67232861 32.37686463 225.05982595 114.85696292 162.06196756 193.20264720 57.76028392 141.43623402 195.76538597 190.53575236 147.84127558 231.07864309 71.75228890 226.92064053 153.41513388 94.56661994 257.40871986 232.53828447 169.50213659 271.91411733 127.10588360 190.92538779
34.72928135 83.29357055 86.85990796 67.58960924 109.54157874 123.46077917 0.00000000 31.98266506 81.96804463 70.12456615 38.95466698 97.18140265 50.85873332 76.06483793 65.47231965 103.60219263 55.19419149 78.45447687 114.14343300 127.07953160 74.91158622 112.11430964 116.33103973 73.63656295 136.54550557 142.49606382 151.64632986 112.92452468 157.90870205 182.13440920 157.26397380 144.00218879 186.16125224 161.37370724 128.85085923
69.90221608 115.04012359 45.10626943 99.33616228 141.28813177 72.45655454 31.98266506 0.00000000 54.41748480 100.11343689 68.94353772 127.17027339 23.30817349 94.58057390 37.92175983 133.59106337 56.84047521 96.97021284 132.65916897 71.99216155 67.32592695 130.63004561 132.51926465 89.82478787 165.94330272 104.74321757 168.90415282 105.33886541 113.71653085 199.39223215 174.52179676 158.13864653 213.89762962 181.25135355 140.28908796
141.05280741 165.02550315 55.00074427 149.32154184 191.27351134 12.80323315 81.96804463 54.41748480 0.00000000 150.09881646 158.13905897 177.15565295 31.40871032 133.70457114 19.74534158 202.79569509 89.25186977 136.09421008 167.23488973 45.14692252 128.80471096 169.79762850 164.19348577 121.49900900 205.11088561 59.13892750 200.57837394 140.78361082 81.95325854 231.06645328 206.19601788 156.88877519 245.57185074 114.49252220 178.31202639
113.43797276 35.64534239 154.98132826 63.80942739 57.45997589 191.58219947 70.12456615 100.11343689 150.09881646 0.00000000 44.88720500 28.02543696 118.98950515 122.38123265 133.60309148 40.39611996 119.06299417 105.51645778 74.33891709 218.48963872 146.78278155 73.43411638 109.57156331 137.50536563 73.33943290 214.21621866 183.08695821 184.64467952 229.62885690 144.27282011 221.13277649 207.87099147 122.95517957 225.24250992 192.71966191
71.69485138 72.05008513 123.81142909 90.21242094 100.04974401 160.41230030 38.95466698 68.94353772 158.13905897 44.88720500 0.00000000 68.26312556 127.17026822 112.71858321 141.64333400 62.35516249 91.84793676 115.10822215 96.29795962 191.28157064 119.56772415 95.39315891 131.53060584 110.29030823 95.29847543 187.00116126 188.30007514 157.42962212 202.41379949 166.23186264 193.91771908 180.65593407 144.91422210 198.02745252 165.50460451
140.49480926 48.01615554 182.03816476 90.86626389 32.68618370 218.63903597 97.18140265 127.17027339 177.15565295 28.02543696 68.26312556 0.00000000 146.04634165 110.16177627 201.60532533 15.03796316 138.97404773 93.29700140 62.11946071 224.88581327 164.82116588 54.14001134 89.77308051 127.76627763 56.51101783 232.25460299 166.25854313 202.68306385 247.66724122 127.44440504 176.88416700 198.13190347 106.12676450 215.50342192 182.98057391
70.19702586 133.91619185 62.91736869 118.21223054 160.16420003 62.52397160 50.85873332 23.30817349 31.40871032 118.98950515 127.17026822 146.04634165 0.00000000 97.44775602 14.91298534 166.53887997 52.63239033 99.83739496 130.97807461 48.98338706 55.81741635 133.54081338 128.31117976 85.61670299 168.85407049 81.73444309 164.69606793 93.83035480 90.70775636 195.18414727 170.31371187 153.93056165 209.68954473 162.24680731 136.08100308
103.61207971 157.48520705 139.68319595 141.78124575 142.02862395 159.67232861 76.06483793 94.58057390 133.70457114 122.38123265 112.71858321 110.16177627 97.44775602 0.00000000 113.99938422 108.30682304 51.20145203 22.16269229 54.14122471 137.27987217 77.21522477 66.45981540 109.52189995 57.80256828 91.53643636 144.64866188 135.81233519 115.07712274 160.06130012 162.10246201 141.42997913 128.16819412 140.78482147 145.53971257 113.01686456
84.81061219 148.52977818 98.31760164 132.82581687 174.77778637 32.37686463 65.47231965 37.92175983 19.74534158 133.60309148 141.64333400 201.60532533 14.91298534 113.99938422 0.00000000 183.09050817 69.54668285 116.38902316 147.52970281 37.74441625 108.24893498 150.09244158 144.48829886 101.79382208 185.40569869 70.49547228 180.87318702 120.22783483 78.01979624 211.36126636 186.49083096 152.95531289 225.86666382 110.55905990 174.42428387
147.06906076 63.14757148 188.45895474 99.34763296 40.61443874 225.05982595 103.60219263 133.59106337 202.79569509 40.39611996 62.35516249 15.03796316 166.53887997 108.30682304 183.09050817 0.00000000 120.45923057 91.44204817 41.66907665 206.37099611 146.30634872 32.91892322 68.55199238 117.02293250 35.28992970 213.73978583 145.03745501 184.16824669 229.15242406 106.22331691 155.66307888 167.82205027 84.90567637 185.19356872 174.12361623
85.42420896 136.61456061 101.94309726 120.91059930 162.86256880 114.85696292 55.19419149 56.84047521 89.25186977 119.06299417 91.84793676 138.97404773 52.63239033 51.20145203 69.54668285 120.45923057 0.00000000 53.59109097 84.89842521 92.82717080 34.02297563 87.46116399 86.14695940 43.45248263 122.77442110 101.45641275 122.59538745 71.88487360 116.86905098 153.08346679 128.21303139 109.93788145 167.58886425 127.30939990 92.08832288
106.00171865 138.45807375 142.07283489 144.17088469 125.16384909 162.06196756 78.45447687 96.97021284 136.09421008 105.51645778 115.10822215 93.29700140 99.83739496 22.16269229 116.38902316 91.44204817 53.59109097 0.00000000 39.22137889 139.66951111 79.60486371 51.53996958 92.04541998 38.66429217 76.61659054 147.03830082 116.67405908 117.46676168 162.45093906 147.18261619 122.29170302 109.02991801 125.86497565 126.40143645 93.87858844
141.69067478 107.28053306 177.76179102 133.29043008 93.98630839 193.20264720 114.14343300 132.65916897 167.23488973 74.33891709 96.29795962 62.11946071 130.97807461 54.14122471 147.52970281 41.66907665 84.89842521 39.22137889 0.00000000 170.81019075 110.74554336 15.60727154 52.14851952 73.69065511 38.95974001 178.17898047 151.70042202 148.60744133 193.59161870 109.89312722 157.31806596 144.05628095 88.57548668 161.42779940 128.90495139
118.88101391 210.13699013 134.86648823 194.43302882 236.38499832 57.76028392 127.07953160 71.99216155 45.14692252 218.48963872 191.28157064 224.88581327 48.98338706 137.27987217 37.74441625 206.37099611 92.82717080 139.66951111 170.81019075 0.00000000 131.50473763 173.37292953 167.76878680 125.07431002 208.68618664 37.46923917 204.15367497 111.46110090 63.59344351 234.64175430 209.77131891 138.52896016 249.14715177 96.13270717 159.95221136
95.90966070 164.33434799 112.42854900 148.63038669 190.58235618 141.43623402 74.91158622 67.32592695 128.80471096 146.78278155 119.56772415 164.82116588 55.81741635 77.21522477 108.24893498 146.30634872 34.02297563 79.60486371 110.74554336 131.50473763 0.00000000 113.30828213 107.83585901 95.77632408 148.62153924 78.80251584 163.00940621 47.95001203 94.21515407 193.49748555 168.62705015 149.73346838 208.00288301 125.14346484 131.88390981
139.66155142 106.37573235 175.73266766 132.38562937 73.86967925 195.76538597 112.11430964 130.63004561 169.79762850 73.43411638 95.39315891 54.14001134 133.54081338 66.45981540 150.09244158 32.91892322 87.46116399 51.53996958 15.60727154 173.37292953 113.30828213 0.00000000 36.42329674 84.89423685 34.95818907 180.74171924 175.29620398 151.17018010 196.15435748 108.63956777 181.09727559 154.92933632 87.74662558 172.30085477 141.99492059
143.87828151 142.51317928 177.62188670 168.52307631 109.50274841 190.53575236 116.33103973 132.51926465 164.19348577 109.57156331 131.53060584 89.77308051 128.31117976 109.52189995 144.48829886 68.55199238 86.14695940 92.04541998 52.14851952 167.76878680 107.83585901 36.42329674 0.00000000 47.81878458 43.71569417 175.26929612 138.22075170 145.69775698 181.11000920 125.06267436 144.02182331 117.85388405 104.82110005 135.22540249 104.91946831
101.18380473 155.05693208 134.92740992 139.35297077 157.97368852 147.84127558 73.63656295 89.82478787 121.49900900 137.50536563 110.29030823 127.76627763 85.61670299 57.80256828 101.79382208 117.02293250 43.45248263 38.66429217 73.69065511 125.07431002 95.77632408 84.89423685 47.81878458 0.00000000 91.44264950 163.18035658 79.44724280 133.60881744 133.04530864 109.93532213 85.06488674 69.78918349 124.44071960 87.16070194 56.85476775
180.01237369 105.12648972 221.40226768 132.29094589 76.24068573 231.07864309 136.54550557 165.94330272 205.11088561 73.33943290 95.29847543 56.51101783 168.85407049 91.53643636 185.40569869 35.28992970 122.77442110 76.61659054 38.95974001 208.68618664 148.62153924 34.95818907 43.71569417 91.44264950 0.00000000 216.05497635 117.45350930 186.48343721 224.73387412 78.63937121 128.07913317 161.47774897 58.74664645 178.84926741 148.54333323
163.49413829 231.76778511 113.94980002 216.06382380 258.01579329 71.75228890 142.49606382 104.74321757 59.13892750 214.21621866 187.00116126 232.25460299 81.73444309 144.64866188 70.49547228 213.73978583 101.45641275 147.03830082 178.17898047 37.46923917 78.80251584 180.74171924 175.26929612 163.18035658 216.05497635 0.00000000 233.49902346 68.24312796 48.82376335 263.61855279 238.93461019 123.75928000 278.12395026 81.36302701 145.18253120
179.19357165 233.06669899 214.00677487 217.36273768 185.98821103 226.92064053 151.64632986 168.90415282 200.57837394 183.08695821 188.30007514 166.25854313 164.69606793 135.81233519 180.87318702 145.03745501 122.59538745 116.67405908 151.70042202 204.15367497 163.00940621 175.29620398 138.22075170 79.44724280 117.45350930 233.49902346 0.00000000 200.84189957 184.41046875 49.14476225 86.43315361 107.37365192 96.43519286 138.52586204 105.10876198
133.92259915 202.19624596 150.44148746 186.49228465 228.44425415 153.41513388 112.92452468 105.33886541 140.78361082 184.64467952 157.42962212 202.68306385 93.83035480 115.07712274 120.22783483 184.16824669 71.88487360 117.46676168 148.60744133 111.46110090 47.95001203 151.17018010 145.69775698 133.60881744 186.48343721 68.24312796 200.84189957 0.00000000 64.29994985 231.32997891 206.45954351 136.42075734 245.83537637 95.22826062 157.84400853
178.90677653 247.18042334 136.76413106 231.47646203 273.42843153 94.56661994 157.90870205 113.71653085 81.95325854 229.62885690 202.41379949 247.66724122 90.70775636 160.06130012 78.01979624 229.15242406 116.86905098 162.45093906 193.59161870 63.59344351 94.21515407 196.15435748 181.11000920 133.04530864 224.73387412 48.82376335 184.41046875 64.29994985 0.00000000 214.52999808 189.84605547 74.67072529 229.03539554 32.67038218 96.09397648
209.68165098 176.05987693 244.49485420 203.22433311 147.17407294 257.40871986 182.13440920 199.39223215 231.06645328 144.27282011 166.23186264 127.44440504 195.18414727 162.10246201 211.36126636 106.22331691 153.08346679 147.18261619 109.89312722 234.64175430 193.49748555 108.63956777 125.06267436 109.93532213 78.63937121 263.61855279 49.14476225 231.32997891 214.52999808 0.00000000 59.77038612 137.49318124 47.34249201 168.64539137 135.22829131
184.81121559 238.68434293 219.62441881 222.98038162 196.61383490 232.53828447 157.26397380 174.52179676 206.19601788 221.13277649 193.91771908 176.88416700 170.31371187 141.42997913 186.49083096 155.66307888 128.21303139 122.29170302 157.31806596 209.77131891 168.62705015 181.09727559 144.02182331 85.06488674 128.07913317 238.93461019 86.43315361 206.45954351 189.84605547 59.77038612 0.00000000 112.80923864 83.07315449 143.96144877 110.54434871
171.54943057 225.42255791 203.24126859 209.71859661 208.77280630 169.50213659 144.00218879 158.13864653 156.88877519 207.87099147 180.65593407 198.13190347 153.93056165 128.16819412 152.95531289 167.82205027 109.93788145 109.02991801 144.05628095 138.52896016 149.73346838 154.92933632 117.85388405 69.78918349 161.47774897 123.75928000 107.37365192 136.42075734 74.67072529 137.49318124 112.80923864 0.00000000 151.99857871 43.95040562 36.75048087
229.62812037 154.74223639 259.00025167 181.90669257 125.85643240 271.91411733 186.16125224 213.89762962 245.57185074 122.95517957 144.91422210 106.12676450 209.68954473 140.78482147 225.86666382 84.90567637 167.58886425 125.86497565 88.57548668 249.14715177 208.00288301 87.74662558 104.82110005 124.44071960 58.74664645 278.12395026 96.43519286 245.83537637 229.03539554 47.34249201 83.07315449 151.99857871 0.00000000 183.15078884 149.73368878
209.83508730 242.79407636 169.30339472 227.09011505 226.14432475 127.10588360 161.37370724 181.25135355 114.49252220 225.24250992 198.02745252 215.50342192 162.24680731 145.53971257 110.55905990 185.19356872 127.30939990 126.40143645 161.42779940 96.13270717 125.14346484 172.30085477 135.22540249 87.16070194 178.84926741 81.36302701 138.52586204 95.22826062 32.67038218 168.64539137 143.96144877 43.95040562 183.15078884 0.00000000 57.79854066
156.39810101 210.27122835 185.39171002 194.56726704 215.07437226 190.92538779 128.85085923 140.28908796 178.31202639 192.71966191 165.50460451 182.98057391 136.08100308 113.01686456 174.42428387 174.12361623 92.08832288 93.87858844 128.90495139 159.95221136 131.88390981 141.99492059 104.91946831 56.85476775 148.54333323 145.18253120 105.10876198 157.84400853 96.09397648 135.22829131 110.54434871 36.75048087 149.73368878 57.79854066 0.00000000
