0.00000000 146.73785867 112.94059645 126.09962127 191.16617165 168.91307565 66.49660815 90.37810001 207.25800837 145.17451119 117.01125055 186.37286893 134.55032412 171.70181762 168.37507963 198.80308731 134.12722131 173.10476942 219.60108080 212.63182102 153.54075991 226.17455757 223.56143887 173.13554848 254.35536374 237.95236802 280.60469686 207.41125743 257.29289295 336.45186796 270.12673493 265.53139636 353.13846717 316.53820841 271.01096958
146.73785867 0.00000000 198.68901253 44.97622190 44.71201024 254.66149173 96.24050183 169.39673087 285.22143311 59.12812019 94.89070351 81.02562803 203.53809812 208.16582958 237.36285363 108.12344995 173.64793614 185.80831051 145.98722247 280.42828038 219.16056829 152.48422752 196.57274711 209.59956044 169.58575457 303.62885049 317.06870882 273.08773991 322.96937543 275.09547579 306.59074689 301.99540832 268.36885800 361.64489905 307.47498154
112.94059645 198.68901253 0.00000000 178.05077513 243.11732551 59.04129734 110.53142992 58.48154381 97.35729138 193.69164881 160.85076881 234.89000656 98.68459682 206.44688219 124.13476341 247.31566591 150.37719193 207.84983399 254.34614537 172.96105564 169.79073053 260.91962214 252.17318189 201.74729149 302.86794235 218.82270443 306.26555097 223.66122806 244.36837964 362.11272207 295.78758904 288.22669689 394.16379687 305.43052105 294.96437696
126.09962127 44.97622190 178.05077513 0.00000000 89.37018074 234.02325433 75.60226443 148.75849347 264.58319571 78.19932574 87.53433581 119.39768348 182.89986072 187.52759218 216.72461623 132.29738669 153.00969873 188.93054398 162.92731842 259.79004298 198.52233088 169.42432347 213.51284306 188.96132303 187.84966312 282.99061309 296.43047142 252.44950251 302.33113803 293.35938434 285.95250948 281.35717091 286.63276655 341.00666164 286.83674414
191.16617165 44.71201024 243.11732551 89.37018074 0.00000000 299.08980471 140.66881481 213.82504385 329.64974609 76.65495299 131.56678305 59.71367616 247.96641110 195.15063340 281.79116662 82.79509640 218.07624912 171.17631760 131.35522956 324.85659336 263.58888127 131.06429776 175.00150402 240.56163011 147.57837759 348.05716348 327.82241766 317.51605289 367.39768841 253.08809881 329.90648571 334.36748494 246.36148102 394.01697566 339.59210468
168.91307565 254.66149173 59.04129734 234.02325433 299.08980471 0.00000000 166.50390912 110.02450703 38.98987690 249.66412801 216.82324801 290.86248575 107.48922764 242.60192851 89.08886626 303.28814511 182.99846513 244.00488031 290.25747675 119.74103913 189.42170062 296.98029429 284.79445508 234.36856469 343.70760778 160.45528995 338.88682416 211.93208714 186.00096516 394.73399527 328.40886223 265.67025678 426.78507007 247.06310657 317.06884525
66.49660815 96.24050183 110.53142992 75.60226443 140.66881481 166.50390912 0.00000000 74.06614960 189.89085184 89.93092124 57.09004124 131.12927898 108.20751685 117.00807366 142.03227236 143.55493834 82.49018022 118.41102546 164.90733684 185.09769911 126.89928402 171.48081361 168.86769492 118.44180452 199.10721477 211.31089213 225.91095290 180.76978155 230.65141707 281.75812401 215.43299097 210.83765240 297.89031820 270.48714313 216.31722562
90.37810001 169.39673087 58.48154381 148.75849347 213.82504385 110.02450703 74.06614960 0.00000000 129.31346100 157.23217965 124.39129965 198.43053739 47.63012601 147.96643260 81.45488153 210.85619675 91.89674234 149.36938439 195.86569578 125.71162291 111.31028093 202.43917254 193.69273229 143.26684190 249.16648603 174.41211537 247.78510137 165.18077846 214.25476396 303.63227248 237.30713944 229.74624729 335.68334728 274.30772944 236.48392737
207.25800837 285.22143311 97.35729138 264.58319571 329.64974609 38.98987690 189.89085184 129.31346100 0.00000000 273.05688189 236.55268608 314.25523963 82.72581017 204.83769512 50.48364100 299.64120412 145.74207326 206.24064692 252.49324336 81.14126236 150.81647537 259.21606090 247.05236892 196.62647853 305.94337438 121.85551319 301.14473800 173.32686188 147.40118840 356.99190911 290.66677607 227.07048002 389.04298391 208.46332981 278.46906849
145.17451119 59.12812019 193.69164881 78.19932574 76.65495299 249.66412801 89.93092124 157.23217965 273.05688189 0.00000000 56.79730838 42.17733467 191.37354690 153.35569398 225.19830241 58.93035840 151.72308561 129.38137818 89.56029014 262.57919337 197.23571776 96.05729519 140.14581478 187.67470991 114.48263483 281.70399997 294.72667490 251.16288938 301.04452490 219.99235605 284.66589636 280.07055779 213.26573827 339.72004852 285.55013101
117.01125055 94.89070351 160.85076881 87.53433581 131.56678305 216.82324801 57.09004124 124.39129965 236.55268608 56.79730838 0.00000000 97.52091051 155.28093398 143.35882109 188.69410660 95.51597479 108.84092764 144.76177288 126.14590652 219.69913220 154.35355979 132.64291157 176.73143116 144.79255194 151.06825122 238.82184200 252.26170032 208.28073141 258.16236693 256.57797244 241.78373839 237.18839982 249.85135465 296.83789055 242.66797305
186.37286893 81.02562803 234.89000656 119.39768348 59.71367616 290.86248575 131.12927898 198.43053739 314.25523963 42.17733467 97.52091051 0.00000000 232.57190464 135.68275805 265.30771161 27.20255777 173.75055270 111.70844225 71.88735421 290.75243914 218.54985415 75.02637610 118.96358236 183.10363848 91.54045594 303.01813635 271.78449601 272.47702577 322.35866129 197.05017716 273.86856406 275.49948636 190.32355937 335.14897709 280.97905958
134.55032412 203.53809812 98.68459682 182.89986072 247.96641110 107.48922764 108.20751685 47.63012601 82.72581017 191.37354690 155.28093398 232.57190464 0.00000000 136.15517605 34.86723070 230.95868505 76.55171267 137.55812785 183.81072429 79.12397208 92.66243902 190.53354183 178.34770262 127.92181223 237.26085532 127.82446454 232.44007170 146.53293655 167.66711313 288.28724281 221.96210977 214.40121762 320.33831761 227.06613626 221.13889770
171.70181762 208.16582958 206.44688219 187.52759218 195.15063340 242.60192851 117.00807366 147.96643260 204.83769512 153.35569398 143.35882109 135.68275805 136.15517605 0.00000000 154.36610052 123.01168459 62.84089054 28.44779756 72.80214310 179.81082805 107.60824306 98.55773727 122.42621015 82.16017749 135.73429277 192.07652527 189.62932587 161.53541468 211.41705020 241.18353634 179.15136394 174.55602537 234.45691855 234.20551610 180.03559860
168.37507963 237.36285363 124.13476341 216.72461623 281.79116662 89.08886626 142.03227236 81.45488153 50.48364100 225.19830241 188.69410660 265.30771161 34.86723070 154.36610052 0.00000000 249.16960952 95.27047866 155.76905232 202.02164876 50.17906368 100.74440991 208.74446630 196.58077432 146.15488393 255.47177978 98.87955613 250.67314340 123.25479643 135.03563419 306.52031451 240.19518147 214.70492581 338.57138931 196.09777560 234.01765949
198.80308731 108.12344995 247.31566591 132.29738669 82.79509640 303.28814511 143.55493834 210.85619675 299.64120412 58.93035840 95.51597479 27.20255777 230.95868505 123.01168459 249.16960952 0.00000000 157.61245061 99.03736879 54.23726146 274.61433705 202.41175206 48.32771970 92.26492596 157.82505205 64.84179954 286.88003427 245.08583960 256.33892368 306.22055920 170.35152076 247.16990765 251.63090688 163.62490297 311.28039761 256.85552663
134.12722131 173.64793614 150.37719193 153.00969873 218.07624912 182.99846513 82.49018022 91.89674234 145.74207326 151.72308561 108.84092764 173.75055270 76.55171267 62.84089054 95.27047866 157.61245061 0.00000000 64.24384233 110.46448985 120.71520619 49.16546558 117.18730739 108.16343993 57.73754954 163.91462087 133.63374779 162.27487098 103.09263720 152.97427272 218.12204208 151.79690905 144.82353845 250.17311688 204.47302918 151.56121853
173.10476942 185.80831051 207.84983399 188.93054398 171.17631760 244.00488031 118.41102546 149.36938439 206.24064692 129.38137818 144.76177288 111.70844225 137.55812785 28.44779756 155.76905232 99.03736879 64.24384233 0.00000000 48.42237940 181.21377985 109.01119486 74.17797357 101.00753687 73.51525667 111.35452907 193.47947706 180.98440505 162.93836648 212.82000200 216.80377263 170.50644312 165.91110455 210.07715485 225.56059527 171.39067777
219.60108080 145.98722247 254.34614537 162.92731842 131.35522956 290.25747675 164.90733684 195.86569578 252.49324336 89.56029014 126.14590652 71.88735421 183.81072429 72.80214310 202.02164876 54.23726146 110.46448985 48.42237940 0.00000000 227.46637629 155.26379130 28.67088713 71.88382915 119.81757563 65.14549121 239.73207350 227.28672401 209.19096292 259.07259844 170.65521243 216.80876208 212.21342351 163.92859464 271.86291424 217.69299673
212.63182102 280.42828038 172.96105564 259.79004298 324.85659336 119.74103913 185.09769911 125.71162291 81.14126236 262.57919337 219.69913220 290.75243914 79.12397208 179.81082805 50.17906368 274.61433705 120.71520619 181.21377985 227.46637629 0.00000000 117.23387796 234.18919383 222.02550185 171.59961145 280.91650731 55.30844260 276.11787093 122.07459078 95.23954005 331.96504203 265.63990900 174.90883167 364.01611683 156.30168146 226.30742014
153.54075991 219.16056829 169.79073053 198.52233088 263.58888127 189.42170062 126.89928402 111.31028093 150.81647537 197.23571776 154.35355979 218.54985415 92.66243902 107.60824306 100.74440991 202.41175206 49.16546558 109.01119486 155.26379130 117.23387796 0.00000000 161.98660884 149.64478393 92.56825585 208.71392232 88.58338221 192.46647326 58.98346563 107.92390715 248.31364437 181.98851133 165.71526475 280.36471917 167.16922260 172.45294482
226.17455757 152.48422752 260.91962214 169.42432347 131.06429776 296.98029429 171.48081361 202.43917254 259.21606090 96.05729519 132.64291157 75.02637610 190.53354183 98.55773727 208.74446630 48.32771970 117.18730739 74.17797357 28.67088713 234.18919383 161.98660884 0.00000000 44.17427453 109.73440062 47.00354402 246.45489105 213.92085179 215.91378046 265.79541598 153.46739479 204.02418410 206.65856546 146.86818650 266.30805619 208.76487520
223.56143887 196.57274711 252.17318189 213.51284306 175.00150402 284.79445508 168.86769492 193.69273229 247.05236892 140.14581478 176.73143116 118.96358236 178.34770262 122.42621015 196.58077432 92.26492596 108.16343993 101.00753687 71.88382915 222.02550185 149.64478393 44.17427453 0.00000000 67.02133368 61.85686248 234.11306614 171.20778484 203.57195555 229.50687058 167.95517106 161.31111715 163.94549851 162.11529080 223.59498924 166.05180826
173.13554848 209.59956044 201.74729149 188.96132303 240.56163011 234.36856469 118.44180452 143.26684190 196.62647853 187.67470991 144.79255194 183.10363848 127.92181223 82.16017749 146.15488393 157.82505205 57.73754954 73.51525667 119.81757563 171.59961145 92.56825585 109.73440062 67.02133368 0.00000000 128.85064739 177.02771668 108.56033965 146.48660609 162.52829784 164.40751076 98.08237772 96.96692578 196.45858556 156.61641650 99.07323552
254.35536374 169.58575457 302.86794235 187.84966312 147.57837759 343.70760778 199.10721477 249.16648603 305.94337438 114.48263483 151.06825122 91.54045594 237.26085532 135.73429277 255.47177978 64.84179954 163.91462087 111.35452907 65.14549121 280.91650731 208.71392232 47.00354402 61.85686248 128.85064739 0.00000000 293.18220453 182.18298498 262.64109394 291.33618428 107.44866613 184.26705303 225.77481222 101.14952308 285.42430295 227.88112196
237.95236802 303.62885049 218.82270443 282.99061309 348.05716348 160.45528995 211.31089213 174.41211537 121.85551319 281.70399997 238.82184200 303.01813635 127.82446454 192.07652527 98.87955613 286.88003427 133.63374779 193.47947706 239.73207350 55.30844260 88.58338221 246.45489105 234.11306614 177.02771668 293.18220453 0.00000000 260.41886847 75.06666969 56.48857903 315.77405458 249.38357910 136.15787066 347.82512938 117.55072045 187.55645912
280.60469686 317.06870882 306.26555097 296.43047142 327.82241766 338.88682416 225.91095290 247.78510137 301.14473800 294.72667490 252.26170032 271.78449601 232.44007170 189.62932587 250.67314340 245.08583960 162.27487098 180.98440505 227.28672401 276.11787093 192.46647326 213.92085179 171.20778484 108.56033965 182.18298498 260.41886847 0.00000000 246.38482350 207.34627304 78.26193322 72.48668130 140.62836956 157.91770029 201.43439170 140.07407060
207.41125743 273.08773991 223.66122806 252.44950251 317.51605289 211.93208714 180.76978155 165.18077846 173.32686188 251.16288938 208.28073141 272.47702577 146.53293655 161.53541468 123.25479643 256.33892368 103.09263720 162.93836648 209.19096292 122.07459078 58.98346563 215.91378046 203.57195555 146.48660609 262.64109394 75.06666969 246.38482350 0.00000000 76.82613534 302.23199460 235.90686157 153.30286339 334.28306940 136.07145079 204.70145186
257.29289295 322.96937543 244.36837964 302.33113803 367.39768841 186.00096516 230.65141707 214.25476396 147.40118840 301.04452490 258.16236693 322.35866129 167.66711313 211.41705020 135.03563419 306.22055920 152.97427272 212.82000200 259.07259844 95.23954005 107.92390715 265.79541598 229.50687058 162.52829784 291.33618428 56.48857903 207.34627304 76.82613534 0.00000000 262.70145915 196.31098366 83.08527522 294.75253395 63.04417065 134.48386369
336.45186796 275.09547579 362.11272207 293.35938434 253.08809881 394.73399527 281.75812401 303.63227248 356.99190911 219.99235605 256.57797244 197.05017716 288.28724281 241.18353634 306.52031451 170.35152076 218.12204208 216.80377263 170.65521243 331.96504203 248.31364437 153.46739479 167.95517106 164.40751076 107.44866613 315.77405458 78.26193322 302.23199460 262.70145915 0.00000000 80.34600127 195.98355567 89.80010801 256.78957781 195.42925671
270.12673493 306.59074689 295.78758904 285.95250948 329.90648571 328.40886223 215.43299097 237.30713944 290.66677607 284.66589636 241.78373839 273.86856406 221.96210977 179.15136394 240.19518147 247.16990765 151.79690905 170.50644312 216.80876208 265.63990900 181.98851133 204.02418410 161.31111715 98.08237772 184.26705303 249.38357910 72.48668130 235.90686157 196.31098366 80.34600127 0.00000000 129.59308018 122.27475341 190.39910233 129.03878123
265.53139636 301.99540832 288.22669689 281.35717091 334.36748494 265.67025678 210.83765240 229.74624729 227.07048002 280.07055779 237.18839982 275.49948636 214.40121762 174.55602537 214.70492581 251.63090688 144.82353845 165.91110455 212.21342351 174.90883167 165.71526475 206.65856546 163.94549851 96.96692578 225.77481222 136.15787066 140.62836956 153.30286339 83.08527522 195.98355567 129.59308018 0.00000000 228.03463047 75.83309310 60.81370509
353.13846717 268.36885800 394.16379687 286.63276655 246.36148102 426.78507007 297.89031820 335.68334728 389.04298391 213.26573827 249.85135465 190.32355937 320.33831761 234.45691855 338.57138931 163.62490297 250.17311688 210.07715485 163.92859464 364.01611683 280.36471917 146.86818650 162.11529080 196.45858556 101.14952308 347.82512938 157.91770029 334.28306940 294.75253395 89.80010801 122.27475341 228.03463047 0.00000000 288.84065261 227.48033151
316.53820841 361.64489905 305.43052105 341.00666164 394.01697566 247.06310657 270.48714313 274.30772944 208.46332981 339.72004852 296.83789055 335.14897709 227.06613626 234.20551610 196.09777560 311.28039761 204.47302918 225.56059527 271.86291424 156.30168146 167.16922260 266.30805619 223.59498924 156.61641650 285.42430295 117.55072045 201.43439170 136.07145079 63.04417065 256.78957781 190.39910233 75.83309310 288.84065261 0.00000000 105.95032697
271.01096958 307.47498154 294.96437696 286.83674414 339.59210468 317.06884525 216.31722562 236.48392737 278.46906849 285.55013101 242.66797305 280.97905958 221.13889770 180.03559860 234.01765949 256.85552663 151.56121853 171.39067777 217.69299673 226.30742014 172.45294482 208.76487520 166.05180826 99.07323552 227.88112196 187.55645912 140.07407060 204.70145186 134.48386369 195.42925671 129.03878123 60.81370509 227.48033151 105.95032697 0.00000000
