1.00 1.00 1.00 1.00 1.00 1.00 1.00 1.00 1.00 1.00 1.00 1.00 1.00 1.00 1.00 1.00 1.00 1.00 1.00 1.00 1.00 1.00 1.00 1.00 1.00 1.00 1.00 1.00 1.00 1.00 1.00 1.00 1.00 1.00 1.00 1.00 1.00 1.00 1.00 1.00
1.00 0.28 0.34 0.40 0.44 0.45 0.43 0.39 0.32 2.86 2.67 2.42 2.14 1.84 1.55 0.18 0.25 0.32 0.39 0.43 0.45 0.44 0.40 0.34 0.27 0.20 0.15 0.11 0.10 0.12 0.17 0.23 0.30 2.73 0.42 2.22 0.42 0.33 0.36 1.00
1.00 0.31 0.38 0.43 0.45 0.44 0.41 3.02 2.91 2.73 2.50 2.22 1.93 1.64 1.37 0.22 0.29 0.36 0.41 0.44 0.45 0.42 0.37 0.31 0.23 0.17 0.12 0.24 0.11 0.14 3.03 2.95 2.79 2.57 2.30 2.01 1.72 1.44 0.20 1.00
1.00 0.35 0.41 0.44 0.45 0.43 0.38 2.95 2.79 2.57 2.31 9.07 1.72 1.44 1.20 1.01 0.33 0.39 0.00 0.00 0.44 0.40 0.34 0.27 0.20 0.14 2.77 2.94 0.12 3.05 2.98 2.84 2.64 2.38 2.10 1.80 1.52 1.26 0.29 1.00
1.00 0.39 0.43 0.45 0.44 0.40 2.98 2.85 2.64 2.39 9.67 10.63 11.78 1.27 1.06 0.92 0.37 0.42 0.00 0.00 0.19 1.61 1.90 2.20 2.47 2.71 2.90 3.01 3.05 3.01 2.89 2.70 2.46 2.18 15.23 1.60 1.33 1.11 0.95 1.00
1.00 0.41 0.44 0.45 3.05 3.01 2.89 2.71 0.56 0.00 0.00 0.00 0.00 1.12 0.96 0.87 0.40 0.44 0.45 0.43 1.53 1.81 2.11 2.40 2.65 2.85 2.99 3.05 3.03 2.93 2.77 2.54 2.27 14.83 14.04 12.97 1.17 0.99 0.88 1.00
1.00 0.43 0.45 3.05 3.03 2.94 2.77 2.55 2.28 0.00 0.00 0.00 0.00 1.00 0.88 0.85 0.90 1.02 1.21 1.45 1.73 2.02 2.31 2.58 2.80 2.95 3.04 3.04 2.97 2.82 2.61 2.35 2.07 1.77 11.88 1.24 0.62 0.91 0.85 1.00
1.00 0.45 3.04 3.04 2.97 2.83 2.62 2.36 2.07 1.78 1.49 1.24 1.04 0.91 0.85 0.87 0.97 1.14 1.37 1.64 1.94 2.23 2.50 2.74 2.91 3.02 3.05 3.00 2.87 2.68 2.43 2.15 1.86 1.57 1.31 1.09 0.94 0.86 0.86 1.00
1.00 3.02 3.05 3.00 2.88 12.59 2.44 2.16 1.86 1.57 1.31 1.10 0.94 0.86 0.86 0.94 1.09 1.30 0.00 0.00 0.00 2.43 2.67 2.87 3.00 3.05 3.02 2.92 2.74 2.51 2.24 1.94 1.65 1.38 1.15 0.98 0.88 0.85 0.12 1.00
1.00 0.44 3.02 2.92 13.63 14.55 15.13 1.95 1.66 1.39 1.15 0.98 0.88 0.85 0.91 1.03 1.23 1.48 0.00 0.00 0.00 13.65 14.56 15.14 3.04 3.04 2.96 2.80 2.58 2.32 2.03 9.20 1.46 1.21 1.02 0.90 0.85 0.14 0.11 1.00
1.00 3.04 2.96 2.81 2.59 15.30 2.04 1.74 1.46 1.22 1.03 0.90 0.85 0.88 0.99 1.17 1.40 1.67 0.00 0.00 0.00 15.11 15.30 15.05 3.05 2.99 2.85 2.65 2.40 2.12 8.84 8.87 9.33 1.07 0.93 0.86 0.86 0.12 0.10 1.00
1.00 2.99 2.86 2.66 2.41 2.13 1.83 1.54 1.29 1.08 0.93 0.86 0.86 0.95 1.11 1.33 1.59 1.88 2.18 2.45 0.18 15.09 14.47 13.52 3.01 2.90 2.72 2.48 2.21 1.91 1.62 10.08 1.13 0.96 0.87 0.85 0.92 0.10 0.10 1.00
1.00 0.38 0.22 2.49 2.21 1.92 1.63 1.36 1.13 0.97 0.87 0.85 0.92 1.05 1.26 1.51 1.79 2.09 2.38 2.63 2.84 2.98 3.05 3.03 2.94 2.78 2.56 2.29 2.00 1.70 1.43 1.19 1.00 0.89 0.85 0.89 1.01 0.10 0.12 1.00
1.00 0.34 0.27 2.30 2.01 1.71 1.43 1.19 1.01 0.89 0.85 0.89 1.01 1.19 1.43 1.71 0.56 2.29 2.56 2.78 2.94 3.03 3.04 2.98 2.83 2.63 9.18 2.09 1.79 1.51 1.25 0.00 0.00 0.32 0.87 0.97 0.10 0.11 0.14 1.00
1.00 0.30 0.23 0.17 1.80 1.51 1.26 1.06 0.92 0.85 0.87 0.96 14.23 1.35 1.62 1.91 0.00 0.00 2.72 2.90 3.01 3.05 3.01 2.88 2.70 9.86 10.88 12.05 1.59 1.32 1.11 0.00 0.00 0.86 0.93 1.08 0.10 0.12 0.16 1.00
1.00 0.26 0.19 0.14 0.11 1.33 1.11 0.95 0.86 0.86 0.93 14.91 15.27 15.20 1.83 2.12 0.00 0.00 2.86 2.99 3.05 3.03 2.93 2.76 2.53 2.26 13.14 1.67 1.40 1.16 0.99 0.00 0.00 0.90 1.03 0.10 0.11 0.14 0.20 1.00
1.00 0.22 0.16 0.12 0.10 1.17 0.99 0.00 0.00 0.00 1.02 1.21 14.76 1.74 2.03 2.32 0.24 0.18 2.96 3.04 3.04 2.96 2.81 2.60 2.34 2.05 1.76 1.48 1.23 1.03 0.90 0.00 0.00 0.98 1.16 0.10 0.12 0.17 0.24 1.00
1.00 0.19 0.13 0.10 0.10 1.04 0.91 0.00 0.00 0.00 1.15 1.38 1.65 1.95 2.24 2.51 2.74 2.92 3.02 3.05 3.00 2.87 2.67 2.42 2.14 1.85 1.56 1.30 1.08 0.93 0.86 0.86 0.94 1.10 1.31 0.11 0.15 0.21 0.28 1.00
1.00 0.15 0.11 0.10 0.12 0.94 0.53 0.00 0.00 0.00 1.31 1.57 1.86 2.15 2.44 2.68 2.87 3.00 3.05 3.02 2.91 2.74 2.50 2.23 1.93 1.64 1.37 1.14 0.97 0.87 0.85 0.91 1.04 1.24 1.50 0.13 0.18 0.24 0.31 1.00
1.00 0.13 0.10 0.11 0.98 0.87 0.85 0.91 1.04 1.24 1.49 1.77 2.07 2.35 2.61 2.82 10.44 11.57 12.76 2.95 2.79 2.58 2.31 0.59 1.73 1.45 1.20 1.02 0.89 0.00 0.00 1.00 1.18 1.42 1.69 1.99 0.21 0.28 0.35 1.00
1.00 0.11 0.10 1.02 0.90 0.85 0.88 0.99 1.17 1.41 1.69 1.98 2.27 2.54 2.77 2.93 12.67 13.78 14.66 2.85 2.65 2.39 2.11 1.81 1.53 1.27 1.06 0.92 0.86 0.00 0.00 0.52 1.34 1.61 1.90 2.19 2.47 2.71 0.39 1.00
1.00 0.10 1.07 0.93 0.86 0.87 0.95 1.11 1.34 1.60 1.89 2.19 2.46 2.71 2.89 3.01 0.00 0.00 15.29 2.71 2.47 2.20 1.90 1.61 1.34 1.12 0.96 0.87 0.85 0.21 0.15 1.27 1.53 1.81 2.11 2.39 2.64 2.85 0.41 1.00
1.00 0.10 0.96 0.87 0.85 0.92 9.23 1.26 1.52 1.80 2.10 0.32 2.64 2.84 2.98 3.05 0.00 0.00 2.77 2.55 2.28 1.99 1.69 1.42 1.18 1.00 0.89 0.85 0.89 1.01 1.20 1.45 1.72 2.02 2.31 2.57 2.79 2.95 0.43 1.00
1.00 0.11 0.89 0.85 0.89 8.85 8.86 9.30 1.72 2.01 2.30 2.57 2.79 2.95 3.04 3.04 0.00 0.00 2.62 2.36 2.08 1.78 1.50 1.25 1.05 0.00 0.00 0.00 0.97 1.14 1.37 1.64 1.93 14.41 2.50 2.73 2.91 3.02 3.05 1.00
1.00 0.13 0.85 0.87 0.97 1.14 10.03 1.63 1.92 2.22 2.49 2.73 2.91 3.02 3.05 3.00 0.00 0.00 2.44 2.16 1.87 1.58 1.32 1.10 0.94 0.00 0.00 0.00 1.08 1.30 1.56 1.84 13.53 0.00 0.00 0.00 0.00 0.51 3.02 1.00
1.00 0.15 0.86 0.51 1.08 1.29 1.55 1.84 2.13 2.42 2.66 2.86 2.99 3.05 3.02 2.92 2.75 0.13 2.25 1.96 1.66 1.39 1.16 0.98 0.88 0.00 0.00 0.00 1.23 1.48 1.76 2.05 2.34 0.00 0.00 0.00 0.00 3.04 2.96 1.00
1.00 0.19 0.25 1.03 1.22 1.47 1.75 2.05 2.33 2.60 2.81 2.96 12.60 3.04 2.96 2.81 2.59 2.33 2.04 1.75 1.47 1.22 1.03 0.90 0.85 0.88 0.99 0.60 1.40 1.67 1.96 2.26 2.53 2.76 2.93 3.03 3.05 2.99 2.86 1.00
1.00 0.22 0.29 1.16 1.39 1.66 1.96 2.25 2.52 2.75 2.92 11.50 10.38 9.49 2.86 2.66 2.41 2.13 1.83 1.55 1.29 1.08 0.93 0.86 0.86 0.95 1.10 1.32 1.59 1.88 2.17 2.45 2.69 2.88 3.00 3.05 3.02 2.90 2.72 1.00
1.00 0.26 0.33 0.39 1.58 1.87 2.17 2.45 2.69 2.88 3.00 3.05 0.00 0.00 2.73 2.49 2.22 1.92 1.63 1.36 1.13 0.97 0.87 0.85 0.91 1.05 1.25 1.51 1.79 2.09 2.37 2.63 9.77 2.98 3.04 3.03 2.94 2.78 2.56 1.00
1.00 0.30 0.37 0.42 0.45 2.08 0.00 0.00 0.00 2.97 3.04 3.03 0.00 0.00 2.57 2.30 2.01 1.72 1.44 1.20 1.01 0.00 0.00 0.00 1.00 1.19 1.43 1.70 2.00 2.29 2.56 10.68 11.84 13.02 3.05 2.98 2.84 2.63 2.38 1.00
1.00 0.34 0.40 0.44 0.45 0.43 0.00 0.00 0.00 3.03 3.05 0.10 0.10 0.51 2.38 2.10 1.80 1.52 1.26 1.06 0.92 0.00 0.00 0.00 9.66 9.03 1.62 1.91 2.20 2.48 2.72 2.90 14.00 3.05 3.01 2.89 2.70 2.46 2.18 1.00
1.00 0.38 0.42 0.45 0.44 0.52 0.00 0.00 0.00 3.05 3.01 0.10 0.11 2.46 2.18 1.89 1.60 1.33 1.11 0.95 0.87 0.00 0.00 0.00 8.80 8.98 1.82 2.12 2.40 2.65 0.00 0.00 3.05 3.03 2.93 2.76 2.53 2.26 1.97 1.00
1.00 0.41 0.44 0.45 2.40 2.65 2.85 2.99 3.05 3.03 2.93 2.77 2.54 2.27 1.98 1.68 1.41 1.17 0.99 0.88 0.85 0.55 1.02 8.95 9.51 10.42 2.03 2.32 2.58 2.80 0.00 0.00 3.04 2.97 2.82 2.61 2.35 2.06 1.76 1.00
1.00 0.43 0.45 0.44 2.58 2.80 2.95 11.43 3.04 2.97 2.82 2.61 2.35 2.07 1.77 1.49 1.24 1.04 9.87 0.85 0.88 0.98 1.15 1.38 1.65 1.94 2.24 2.51 2.74 2.92 0.34 0.40 0.58 2.87 10.87 2.43 2.14 1.85 1.56 1.00
1.00 0.44 0.45 0.42 2.74 2.91 12.53 13.66 14.57 2.87 2.68 2.43 2.15 1.86 1.57 1.31 1.09 9.19 8.83 8.90 0.94 1.09 1.31 1.57 1.86 2.15 2.43 2.68 2.87 3.00 3.05 3.02 2.91 9.93 9.18 8.82 1.94 1.64 1.37 1.00
1.00 0.45 0.44 0.40 2.87 3.00 3.05 15.11 2.92 2.74 2.51 2.24 1.94 1.65 1.38 1.15 0.98 0.88 9.34 0.91 1.04 1.24 1.49 1.77 2.06 2.35 2.61 2.82 2.97 3.04 3.04 2.95 2.80 2.58 8.88 2.02 1.73 1.45 1.21 1.00
1.00 0.45 0.42 0.37 2.97 3.04 3.04 2.96 2.80 2.58 2.32 2.03 1.74 1.46 1.21 1.02 0.90 0.85 0.88 0.99 1.17 1.41 1.68 1.98 2.27 2.54 2.76 2.93 3.03 3.05 2.99 2.85 2.65 2.40 2.11 1.82 1.53 1.27 0.11 1.00
1.00 0.43 0.39 0.33 0.26 3.05 2.99 2.85 2.65 2.40 2.12 1.82 1.54 0.38 1.07 0.93 0.86 0.86 0.95 1.11 1.33 1.60 1.89 2.18 2.46 2.70 2.89 3.01 3.05 3.01 2.90 2.71 2.48 2.20 1.90 1.61 1.35 1.12 0.10 1.00
1.00 0.41 0.36 0.29 0.22 0.16 0.12 2.72 0.11 0.15 0.21 0.28 0.35 0.41 0.44 0.87 0.85 0.92 1.06 1.26 1.52 1.80 2.10 2.38 2.64 2.84 2.98 3.05 0.39 0.43 0.45 2.55 2.28 1.99 1.70 1.42 0.14 0.11 0.10 1.00
1.00 1.00 1.00 1.00 1.00 1.00 1.00 1.00 1.00 1.00 1.00 1.00 1.00 1.00 1.00 1.00 1.00 1.00 1.00 1.00 1.00 1.00 1.00 1.00 1.00 1.00 1.00 1.00 1.00 1.00 1.00 1.00 1.00 1.00 1.00 1.00 1.00 1.00 1.00 1.00