0.00000000 111.52691193 131.81118318 118.08326112 140.66904756 112.59797975 78.45584412 121.94112550 83.45584412 100.11269837 136.08326112 129.91168825 195.08326112 163.02438662 172.32590181 229.08326112 220.85281374 216.91168825 211.43860018
111.52691193 0.00000000 37.07106781 151.56854249 174.15432893 22.72792206 111.94112550 53.76955262 36.89949494 133.59797975 93.28427125 161.74011537 226.91168825 129.59797975 192.82337649 236.30865787 187.42640687 224.13708499 213.30865787
131.81118318 37.07106781 0.00000000 171.85281374 194.43860018 22.72792206 132.22539674 31.97056275 60.69848481 153.88225099 111.81118318 182.02438662 247.19595949 148.12489168 211.35028843 254.83556980 205.95331881 242.66399692 231.83556980
118.08326112 151.56854249 171.85281374 0.00000000 31.79898987 152.63961031 45.14213562 161.98275606 123.49747468 27.82842712 167.98275606 106.88225099 172.05382387 197.26702730 149.29646456 206.05382387 255.09545443 193.88225099 228.35028843
140.66904756 174.15432893 194.43860018 31.79898987 0.00000000 175.22539674 67.72792206 184.56854249 146.08326112 39.72792206 190.56854249 129.46803743 194.63961031 219.85281374 171.88225099 228.63961031 277.68124087 216.46803743 250.93607486
112.59797975 22.72792206 22.72792206 152.63961031 175.22539674 0.00000000 113.01219331 31.04163056 37.97056275 134.66904756 94.35533906 162.81118318 227.98275606 130.66904756 193.89444430 237.37972568 188.49747468 225.20815280 214.37972568
78.45584412 111.94112550 132.22539674 45.14213562 67.72792206 113.01219331 0.00000000 122.35533906 83.87005769 31.31370850 128.35533906 73.49747468 138.66904756 157.63961031 115.91168825 172.66904756 215.46803743 160.49747468 193.75230868
121.94112550 53.76955262 31.97056275 161.98275606 184.56854249 31.04163056 122.35533906 0.00000000 57.65685425 144.01219331 101.94112550 172.15432893 237.32590181 138.25483400 201.48023074 244.96551211 196.08326112 232.79393924 221.96551211
83.45584412 36.89949494 60.69848481 123.49747468 146.08326112 37.97056275 83.87005769 57.65685425 0.00000000 105.52691193 75.11269837 133.66904756 198.84062043 111.42640687 164.16652224 207.65180362 169.25483400 195.48023074 195.13708499
100.11269837 133.59797975 153.88225099 27.82842712 39.72792206 134.66904756 31.31370850 144.01219331 105.52691193 0.00000000 150.01219331 88.91168825 154.08326112 179.29646456 131.32590181 188.08326112 237.12489168 175.91168825 210.37972568
136.08326112 93.28427125 111.81118318 167.98275606 190.56854249 94.35533906 128.35533906 101.94112550 75.11269837 150.01219331 0.00000000 167.38477631 227.62741700 78.79898987 191.78174593 235.26702730 136.62741700 223.09545443 164.16652224
129.91168825 161.74011537 182.02438662 106.88225099 129.46803743 162.81118318 73.49747468 172.15432893 133.66904756 88.91168825 167.38477631 0.00000000 107.69848481 196.66904756 84.94112550 141.69848481 235.16652224 129.52691193 163.99494937
195.08326112 226.91168825 247.19595949 172.05382387 194.63961031 227.98275606 138.66904756 237.32590181 198.84062043 154.08326112 227.62741700 107.69848481 0.00000000 229.96551211 55.72792206 126.28427125 257.55129855 114.11269837 148.58073580
163.02438662 129.59797975 148.12489168 197.26702730 219.85281374 130.66904756 157.63961031 138.25483400 111.42640687 179.29646456 78.79898987 196.66904756 229.96551211 0.00000000 197.30865787 235.48023074 86.45584412 223.30865787 115.75230868
172.32590181 192.82337649 211.35028843 149.29646456 171.88225099 193.89444430 115.91168825 201.48023074 164.16652224 131.32590181 191.78174593 84.94112550 55.72792206 197.30865787 0.00000000 91.87005769 224.89444430 79.69848481 115.92388155
229.08326112 236.30865787 254.83556980 206.05382387 228.63961031 237.37972568 172.66904756 244.96551211 207.65180362 188.08326112 235.26702730 141.69848481 126.28427125 235.48023074 91.87005769 0.00000000 263.06601718 46.65685425 154.09545443
220.85281374 187.42640687 205.95331881 255.09545443 277.68124087 188.49747468 215.46803743 196.08326112 169.25483400 237.12489168 136.62741700 235.16652224 257.55129855 86.45584412 224.89444430 263.06601718 0.00000000 250.89444430 143.33809512
216.91168825 224.13708499 242.66399692 193.88225099 216.46803743 225.20815280 160.49747468 232.79393924 195.48023074 175.91168825 223.09545443 129.52691193 114.11269837 223.30865787 79.69848481 46.65685425 250.89444430 0.00000000 141.92388155
211.43860018 213.30865787 231.83556980 228.35028843 250.93607486 214.37972568 193.75230868 221.96551211 195.13708499 210.37972568 164.16652224 163.99494937 148.58073580 115.75230868 115.92388155 154.09545443 143.33809512 141.92388155 0.00000000
