0.00000000 41.72764903 48.83401944 48.91766783 54.10051597 42.29719466 41.50159472 53.59141232 36.58454521 47.31267603 61.57020723 54.61350154 81.21034158 68.24697147 80.98947044 109.65764875 77.61671294 106.05151660 75.34713718
41.72764903 0.00000000 18.47009775 49.11147298 54.29432111 4.58743382 41.89027001 27.36337096 7.13569310 47.50648118 31.30248939 55.77808639 82.37492642 38.76838422 78.56902261 102.99978350 48.13812569 99.39365134 61.89433315
48.83401944 18.47009775 0.00000000 56.44872582 61.63157396 6.37886870 49.22752286 9.40349725 13.92060755 54.84373402 37.91197987 63.11533923 89.71217927 45.37787470 85.24474802 109.67550891 54.74761618 106.06937676 68.50382364
48.91766783 49.11147298 56.44872582 0.00000000 5.65249202 49.68101861 8.68692612 61.19698359 43.89509265 10.24022086 65.35933944 25.32337050 52.03231127 69.13887494 51.81144013 80.47961843 78.50861642 76.87348628 92.40685892
54.10051597 54.29432111 61.63157396 5.65249202 0.00000000 54.86386674 13.86977425 66.37983173 49.07794079 13.20420208 70.54218757 30.50621864 57.21515940 74.32172308 56.99428826 85.66246657 83.69146456 82.05633442 97.58970705
42.29719466 4.58743382 6.37886870 49.68101861 54.86386674 0.00000000 42.45981564 22.91019339 7.70523873 48.07602681 31.87203502 56.34763202 82.94447205 39.33792985 79.13856824 103.56932912 48.70767132 99.96319697 62.46387878
41.50159472 41.89027001 49.22752286 8.68692612 13.86977425 42.45981564 0.00000000 53.97578063 36.67388969 8.25842663 58.13813647 19.23577618 45.94471694 61.91767198 45.72384581 74.39202411 71.28741346 70.78589196 62.11313052
53.59141232 27.36337096 9.40349725 61.19698359 66.37983173 22.91019339 53.97578063 0.00000000 21.57201170 59.59199179 42.66023764 67.86359700 94.46043704 50.12613247 89.99300580 114.42376668 59.49587395 110.81763453 73.25208141
36.58454521 7.13569310 13.92060755 43.89509265 49.07794079 7.70523873 36.67388969 21.57201170 0.00000000 42.29010086 29.38618254 50.56170607 77.15854610 36.85207737 74.86696306 99.29772395 46.22181885 95.69159180 59.97802631
47.31267603 47.50648118 54.84373402 10.24022086 13.20420208 48.07602681 8.25842663 59.59199179 42.29010086 0.00000000 63.75434764 23.71837871 50.42731947 67.53388315 50.20644833 78.87462664 76.90362463 75.26849449 90.80186712
61.57020723 31.30248939 37.91197987 65.35933944 70.54218757 31.87203502 58.13813647 42.66023764 29.38618254 63.75434764 0.00000000 82.34867368 106.93563070 16.83847326 95.44162449 119.87238537 26.20821473 116.26625322 39.52142185
54.61350154 55.77808639 63.11533923 25.32337050 30.50621864 56.34763202 19.23577618 67.86359700 50.56170607 23.71837871 82.34867368 0.00000000 30.03787984 86.12820919 29.81700871 58.48518701 88.99092728 54.87905486 70.41242750
81.21034158 82.37492642 89.71217927 52.03231127 57.21515940 82.94447205 45.94471694 94.46043704 77.15854610 50.42731947 106.93563070 30.03787984 0.00000000 70.00656719 34.97380377 51.00588060 73.76608592 47.39974845 62.93312108
68.24697147 38.76838422 45.37787470 69.13887494 74.32172308 39.33792985 61.91767198 50.12613247 36.85207737 67.53388315 16.83847326 86.12820919 70.00656719 0.00000000 67.66311745 92.14300241 13.66560807 88.53687026 27.35125511
80.98947044 78.56902261 85.24474802 51.81144013 56.99428826 79.13856824 45.72384581 89.99300580 74.86696306 50.20644833 95.44162449 29.81700871 34.97380377 67.66311745 0.00000000 46.35338065 71.42263617 42.74724850 60.58967134
109.65764875 102.99978350 109.67550891 80.47961843 85.66246657 103.56932912 74.39202411 114.42376668 99.29772395 78.87462664 119.87238537 58.48518701 51.00588060 92.14300241 46.35338065 0.00000000 95.90252113 16.76497259 85.06955630
77.61671294 48.13812569 54.74761618 78.50861642 83.69146456 48.70767132 71.28741346 59.49587395 46.22181885 76.90362463 26.20821473 88.99092728 73.76608592 13.66560807 71.42263617 95.90252113 0.00000000 92.29638898 31.11077383
106.05151660 99.39365134 106.06937676 76.87348628 82.05633442 99.96319697 70.78589196 110.81763453 95.69159180 75.26849449 116.26625322 54.87905486 47.39974845 88.53687026 42.74724850 16.76497259 92.29638898 0.00000000 81.46342415
75.34713718 61.89433315 68.50382364 92.40685892 97.58970705 62.46387878 62.11313052 73.25208141 59.97802631 90.80186712 39.52142185 70.41242750 62.93312108 27.35125511 60.58967134 85.06955630 31.11077383 81.46342415 0.00000000
