0.00000000 68.01273536 80.64883389 70.45557982 81.08363791 69.40305286 47.57449719 76.11096841 52.34744628 60.27871495 79.42313013 74.19898601 113.89386371 96.85148890 99.06826886 134.58230124 125.78718209 124.46110963 121.71973648
68.01273536 0.00000000 24.56492070 86.87166330 97.49972138 13.58612938 64.04904171 35.83423612 22.21954610 76.69479843 53.83052244 90.24356169 129.93843939 73.37460193 114.87999312 143.62780941 102.31029512 133.50661780 113.64038069
80.64883389 24.56492070 0.00000000 99.21543522 109.84349331 14.09890192 76.39281363 19.82531908 37.23321065 89.03857035 65.60452255 102.58733362 142.28221132 85.14860205 126.70602951 155.45384581 114.08429524 145.33265419 125.41438080
70.45557982 86.87166330 99.21543522 0.00000000 16.69813941 88.26198079 27.41586792 94.66172171 71.49512054 17.31533952 95.46773893 60.72663305 100.45514096 111.81020932 85.62954612 121.14357850 140.74590251 111.02238689 130.84152563
81.08363791 97.49972138 109.84349331 16.69813941 0.00000000 98.89003888 38.04392601 105.28977980 82.12317863 22.89281449 106.09579701 71.35469113 111.08319905 122.43826741 96.25760421 131.77163659 151.37396060 121.65044497 141.46958372
69.40305286 13.58612938 14.09890192 88.26198079 98.89003888 0.00000000 65.43935921 22.51732241 23.60986360 78.08511592 55.22083994 91.63387919 131.32875689 74.76491943 116.27031061 145.01812691 103.70061262 134.89693530 115.03069819
47.57449719 64.04904171 76.39281363 27.41586792 38.04392601 65.43935921 0.00000000 71.83910012 48.67249895 18.81710764 72.64511734 40.62747371 80.35598162 88.98758773 65.53038678 101.04441916 117.92328092 90.92322755 110.71584390
76.11096841 35.83423612 19.82531908 94.66172171 105.28977980 22.51732241 71.83910012 0.00000000 36.63857027 84.48485684 61.05080904 98.03362011 137.72849781 80.59488853 122.15231600 150.90013229 109.53058173 140.77894068 120.86066729
52.34744628 22.21954610 37.23321065 71.49512054 82.12317863 23.60986360 48.67249895 36.63857027 0.00000000 61.31825567 43.41335036 74.86701894 114.56189664 62.95742985 99.96516720 128.71298350 91.89312304 118.59179188 103.22320861
60.27871495 76.69479843 89.03857035 17.31533952 22.89281449 78.08511592 18.81710764 84.48485684 61.31825567 0.00000000 85.29087405 50.54976818 90.27827609 101.63334445 75.45268125 110.96671363 130.56903764 100.84552202 120.66466076
79.42313013 53.83052244 65.60452255 95.46773893 106.09579701 55.22083994 72.64511734 61.05080904 43.41335036 85.29087405 0.00000000 95.82534749 132.40273917 41.58459620 114.42915162 143.17696792 70.52028939 133.05577630 82.38021655
74.19898601 90.24356169 102.58733362 60.72663305 71.35469113 91.63387919 40.62747371 98.03362011 74.86701894 50.54976818 95.82534749 0.00000000 64.34888084 112.16781788 49.52328600 85.03731838 137.89066318 74.91612676 94.73526551
113.89386371 129.93843939 142.28221132 100.45514096 111.08319905 131.32875689 80.35598162 137.72849781 114.56189664 90.27827609 132.40273917 64.34888084 0.00000000 129.31510115 41.27464311 80.56294392 144.89759681 70.44175231 90.26089105
96.85148890 73.37460193 85.14860205 111.81020932 122.43826741 74.76491943 88.98758773 80.59488853 62.95742985 101.63334445 41.58459620 112.16781788 129.31510115 0.00000000 109.82769240 136.41831268 48.50233191 126.29712107 60.85689704
99.06826886 114.87999312 126.70602951 85.62954612 96.25760421 116.27031061 65.53038678 122.15231600 99.96516720 75.45268125 114.42915162 49.52328600 41.27464311 109.82769240 0.00000000 60.10479841 125.41018806 49.98360679 70.77348230
134.58230124 143.62780941 155.45384581 121.14357850 131.77163659 145.01812691 101.04441916 150.90013229 128.71298350 110.96671363 143.17696792 85.03731838 80.56294392 136.41831268 60.10479841 0.00000000 152.00080835 32.42780304 97.36410259
125.78718209 102.31029512 114.08429524 140.74590251 151.37396060 103.70061262 117.92328092 109.53058173 91.89312304 130.56903764 70.52028939 137.89066318 144.89759681 48.50233191 125.41018806 152.00080835 0.00000000 141.87961673 76.43939270
124.46110963 133.50661780 145.33265419 111.02238689 121.65044497 134.89693530 90.92322755 140.77894068 118.59179188 100.84552202 133.05577630 74.91612676 70.44175231 126.29712107 49.98360679 32.42780304 141.87961673 0.00000000 87.24291097
121.71973648 113.64038069 125.41438080 130.84152563 141.46958372 115.03069819 110.71584390 120.86066729 103.22320861 120.66466076 82.38021655 94.73526551 90.26089105 60.85689704 70.77348230 97.36410259 76.43939270 87.24291097 0.00000000
