0.00000000 7.95000000 8.30000000 0.95000000 8.12500000 0.95000000 5.87500000 3.97500000 6.52500000 2.25000000 5.40000000 6.35000000 5.27500000 3.02500000 3.37500000 9.07500000 6.52500000 4.27500000 7.65000000 5.75000000 6.05000000 11.32500000 6.40000000 9.90000000 11.32500000 13.87500000 7.82500000 12.92500000 10.67500000 9.85000000 7.95000000 14.30000000 10.20000000 13.05000000 8.77500000 12.27500000 14.65000000 10.20000000 10.50000000 10.32500000
7.95000000 0.00000000 0.95000000 7.47500000 1.95000000 6.52500000 2.07500000 7.77500000 2.55000000 5.87500000 8.72500000 2.37500000 3.67500000 7.30000000 7.65000000 5.10000000 2.25000000 7.00000000 1.77500000 9.72500000 13.22500000 6.70000000 13.57500000 14.82500000 6.70000000 9.25000000 15.00000000 9.25000000 15.00000000 15.30000000 15.12500000 10.62500000 5.57500000 10.85000000 15.95000000 11.10000000 7.00000000 5.57500000 17.02500000 17.50000000
8.30000000 0.95000000 0.00000000 7.82500000 2.60000000 6.87500000 1.90000000 8.12500000 5.15000000 6.22500000 9.07500000 4.32500000 2.55000000 7.65000000 8.00000000 7.05000000 2.85000000 7.35000000 3.97500000 10.07500000 13.57500000 7.65000000 13.92500000 17.42500000 7.65000000 10.20000000 15.35000000 9.25000000 18.50000000 17.37500000 15.47500000 10.62500000 6.52500000 11.80000000 16.30000000 8.60000000 7.95000000 6.52500000 17.97500000 17.85000000
0.95000000 7.47500000 7.82500000 0.00000000 7.65000000 1.90000000 5.40000000 0.47500000 6.05000000 5.10000000 3.50000000 5.87500000 4.80000000 1.42500000 5.27500000 8.60000000 6.05000000 5.10000000 7.17500000 3.20000000 4.15000000 10.85000000 4.50000000 8.00000000 10.85000000 13.40000000 5.92500000 12.45000000 8.77500000 7.95000000 6.05000000 13.82500000 9.72500000 11.15000000 6.87500000 11.80000000 12.75000000 9.72500000 8.60000000 8.42500000
8.12500000 1.95000000 2.60000000 7.65000000 0.00000000 6.70000000 2.25000000 7.95000000 2.55000000 6.05000000 8.90000000 1.77500000 4.15000000 7.47500000 7.82500000 3.55000000 4.15000000 6.52500000 4.80000000 9.25000000 15.17500000 6.10000000 13.75000000 14.22500000 6.10000000 8.65000000 15.17500000 8.65000000 14.40000000 14.70000000 15.30000000 10.02500000 4.97500000 10.25000000 16.12500000 10.50000000 6.40000000 4.97500000 16.42500000 16.90000000
0.95000000 6.52500000 6.87500000 1.90000000 6.70000000 0.00000000 4.45000000 4.75000000 5.10000000 0.65000000 5.70000000 4.92500000 3.85000000 4.27500000 3.02500000 7.65000000 5.10000000 1.90000000 6.22500000 5.45000000 6.35000000 9.90000000 6.70000000 10.20000000 9.90000000 12.45000000 8.12500000 11.50000000 10.97500000 10.15000000 8.25000000 12.87500000 8.77500000 14.05000000 9.07500000 10.85000000 10.20000000 8.77500000 10.80000000 10.62500000
5.87500000 2.07500000 1.90000000 5.40000000 2.25000000 4.45000000 0.00000000 5.70000000 1.95000000 3.80000000 6.65000000 1.77500000 1.60000000 5.22500000 5.57500000 4.50000000 2.55000000 4.92500000 3.67500000 7.65000000 11.15000000 7.35000000 11.50000000 15.47500000 7.35000000 9.90000000 12.92500000 8.95000000 16.07500000 14.95000000 13.05000000 10.32500000 6.22500000 11.50000000 13.87500000 8.30000000 7.65000000 6.22500000 17.67500000 15.42500000
3.32500000 7.77500000 8.12500000 0.47500000 7.95000000 4.75000000 5.70000000 0.00000000 6.35000000 1.90000000 0.95000000 6.17500000 5.10000000 0.95000000 2.72500000 8.90000000 6.35000000 2.85000000 8.12500000 2.72500000 2.72500000 11.15000000 3.07500000 6.57500000 11.15000000 11.97500000 4.50000000 12.75000000 7.35000000 6.52500000 4.62500000 14.12500000 12.57500000 9.72500000 5.45000000 13.22500000 11.32500000 13.52500000 7.47500000 7.00000000
6.52500000 2.55000000 5.15000000 6.05000000 2.55000000 5.10000000 1.95000000 6.35000000 0.00000000 4.45000000 7.30000000 0.95000000 1.60000000 5.87500000 6.22500000 3.67500000 2.25000000 5.57500000 2.72500000 8.30000000 13.75000000 4.67500000 12.15000000 12.80000000 4.67500000 7.22500000 13.57500000 7.22500000 12.97500000 13.27500000 13.70000000 8.60000000 3.55000000 8.82500000 14.52500000 9.07500000 4.97500000 3.55000000 15.00000000 15.47500000
2.25000000 5.87500000 6.22500000 5.10000000 6.05000000 0.65000000 3.80000000 1.90000000 4.45000000 0.00000000 2.85000000 4.27500000 3.20000000 1.42500000 1.60000000 7.00000000 4.45000000 1.90000000 6.22500000 4.97500000 7.17500000 9.25000000 7.52500000 11.02500000 9.25000000 11.80000000 8.95000000 10.85000000 11.80000000 10.97500000 9.07500000 12.22500000 8.12500000 14.17500000 9.90000000 10.20000000 15.77500000 8.12500000 11.62500000 11.45000000
4.75000000 8.72500000 9.07500000 3.50000000 8.90000000 5.70000000 6.65000000 0.95000000 7.30000000 2.85000000 0.00000000 7.12500000 6.05000000 1.90000000 4.15000000 9.85000000 7.30000000 3.80000000 9.07500000 4.45000000 3.50000000 12.10000000 4.80000000 7.35000000 12.10000000 12.75000000 5.27500000 13.70000000 8.12500000 7.30000000 5.40000000 14.65000000 13.35000000 10.50000000 6.22500000 14.00000000 12.10000000 14.30000000 8.25000000 7.77500000
6.35000000 2.37500000 4.32500000 5.87500000 1.77500000 4.92500000 1.77500000 6.17500000 0.95000000 4.27500000 7.12500000 0.00000000 1.42500000 5.70000000 6.05000000 2.25000000 2.90000000 4.75000000 2.55000000 7.47500000 12.92500000 3.85000000 11.97500000 11.97500000 3.85000000 6.40000000 13.40000000 6.40000000 12.15000000 12.45000000 14.05000000 7.77500000 2.72500000 8.00000000 16.90000000 8.25000000 4.15000000 2.72500000 14.17500000 14.65000000
5.27500000 3.67500000 2.55000000 4.80000000 4.15000000 3.85000000 1.60000000 5.10000000 1.60000000 3.20000000 6.05000000 1.42500000 0.00000000 4.62500000 4.97500000 4.15000000 2.07500000 4.32500000 3.20000000 7.05000000 10.55000000 6.87500000 10.90000000 15.00000000 6.87500000 9.42500000 12.32500000 8.47500000 15.47500000 14.35000000 12.45000000 9.85000000 5.75000000 11.02500000 13.27500000 7.82500000 7.17500000 5.75000000 17.20000000 14.82500000
3.02500000 7.30000000 7.65000000 1.42500000 7.47500000 4.27500000 5.22500000 0.95000000 5.87500000 1.42500000 1.90000000 5.70000000 4.62500000 0.00000000 2.25000000 8.42500000 5.87500000 4.15000000 7.65000000 2.07500000 2.72500000 10.67500000 3.07500000 6.57500000 10.67500000 11.97500000 4.50000000 12.27500000 7.35000000 6.52500000 4.62500000 13.87500000 12.57500000 9.72500000 5.45000000 13.22500000 11.32500000 13.52500000 7.17500000 7.00000000
3.37500000 7.65000000 8.00000000 5.27500000 7.82500000 3.02500000 5.57500000 2.72500000 6.22500000 1.60000000 4.15000000 6.05000000 4.97500000 2.25000000 0.00000000 8.77500000 6.22500000 1.42500000 8.00000000 2.90000000 5.10000000 11.02500000 5.45000000 8.95000000 11.02500000 14.35000000 6.87500000 12.62500000 9.72500000 8.90000000 7.00000000 14.00000000 9.90000000 12.10000000 7.82500000 11.97500000 13.70000000 9.90000000 9.85000000 9.37500000
9.07500000 5.10000000 7.05000000 8.60000000 3.55000000 7.65000000 4.50000000 8.90000000 3.67500000 7.00000000 9.85000000 2.25000000 4.15000000 8.42500000 8.77500000 0.00000000 3.85000000 7.47500000 4.50000000 10.20000000 15.47500000 6.40000000 14.70000000 14.52500000 6.70000000 8.95000000 17.55000000 8.00000000 14.70000000 15.00000000 16.60000000 9.37500000 5.57500000 10.55000000 19.45000000 9.85000000 7.00000000 5.57500000 16.72500000 17.20000000
6.52500000 2.25000000 2.85000000 6.05000000 4.15000000 5.10000000 2.55000000 6.35000000 2.25000000 4.45000000 7.30000000 2.90000000 2.07500000 5.87500000 6.22500000 3.85000000 0.00000000 5.57500000 1.12500000 8.30000000 13.87500000 4.80000000 12.15000000 12.92500000 4.80000000 7.35000000 13.57500000 6.40000000 13.10000000 13.40000000 13.70000000 7.77500000 3.67500000 8.95000000 14.52500000 5.75000000 5.10000000 3.67500000 15.12500000 15.60000000
4.27500000 6.35000000 6.70000000 5.10000000 6.52500000 1.90000000 4.27500000 2.85000000 4.92500000 1.60000000 3.80000000 4.75000000 3.67500000 4.15000000 1.42500000 7.47500000 4.92500000 0.00000000 7.35000000 2.25000000 4.80000000 9.72500000 5.15000000 8.65000000 9.72500000 12.27500000 6.57500000 11.32500000 9.42500000 8.60000000 6.70000000 12.70000000 8.60000000 11.80000000 7.52500000 10.67500000 13.40000000 8.60000000 9.25000000 9.07500000
7.65000000 1.77500000 3.97500000 7.17500000 4.80000000 6.22500000 3.67500000 8.12500000 2.07500000 6.22500000 9.07500000 2.55000000 3.20000000 7.65000000 8.00000000 4.50000000 1.12500000 7.35000000 0.00000000 10.07500000 13.57500000 4.50000000 13.92500000 12.62500000 4.50000000 7.05000000 15.35000000 6.40000000 12.80000000 13.10000000 14.70000000 7.77500000 3.37500000 8.65000000 17.55000000 5.45000000 4.80000000 3.37500000 14.82500000 15.30000000
5.75000000 9.07500000 9.42500000 3.20000000 9.25000000 5.45000000 7.00000000 2.72500000 7.65000000 4.97500000 4.45000000 7.47500000 6.40000000 2.07500000 2.90000000 10.20000000 7.65000000 2.25000000 10.07500000 0.00000000 2.25000000 12.45000000 2.60000000 6.10000000 12.45000000 11.50000000 4.02500000 14.05000000 7.17500000 6.05000000 4.15000000 13.40000000 12.10000000 9.25000000 4.97500000 12.75000000 11.15000000 13.05000000 6.70000000 6.52500000
6.05000000 13.22500000 13.57500000 4.15000000 15.17500000 6.35000000 11.15000000 2.72500000 13.75000000 7.17500000 3.50000000 12.92500000 10.55000000 2.72500000 5.10000000 15.77500000 13.87500000 4.80000000 13.57500000 2.25000000 0.00000000 10.07500000 0.95000000 0.47500000 7.00000000 6.22500000 3.50000000 7.47500000 1.60000000 2.72500000 3.50000000 8.12500000 6.82500000 3.97500000 5.10000000 7.47500000 6.52500000 7.77500000 3.80000000 3.02500000
11.32500000 6.70000000 7.65000000 10.85000000 6.10000000 9.90000000 7.35000000 11.15000000 4.67500000 9.25000000 12.10000000 3.85000000 6.87500000 10.67500000 11.02500000 6.70000000 4.80000000 9.72500000 4.50000000 12.45000000 10.07500000 0.00000000 11.20000000 9.12500000 1.42500000 3.55000000 12.15000000 2.37500000 9.30000000 9.60000000 11.20000000 3.80000000 1.60000000 5.15000000 14.05000000 3.67500000 3.02500000 1.60000000 11.32500000 11.80000000
6.40000000 13.57500000 13.92500000 4.50000000 13.75000000 6.70000000 11.50000000 3.07500000 12.15000000 7.52500000 4.80000000 11.97500000 10.90000000 3.07500000 5.45000000 14.70000000 12.15000000 5.15000000 13.92500000 2.60000000 0.95000000 12.15000000 0.00000000 2.90000000 9.07500000 8.30000000 2.42500000 9.55000000 3.97500000 3.80000000 1.90000000 10.20000000 8.90000000 6.05000000 3.37500000 9.55000000 8.60000000 9.85000000 4.45000000 4.27500000
9.90000000 14.82500000 17.42500000 8.00000000 14.22500000 10.20000000 15.47500000 6.57500000 12.80000000 11.02500000 7.35000000 11.97500000 15.00000000 6.57500000 8.95000000 14.82500000 12.92500000 8.65000000 12.62500000 6.10000000 0.47500000 9.12500000 2.90000000 0.00000000 6.05000000 5.27500000 3.80000000 6.52500000 0.95000000 2.25000000 2.85000000 7.17500000 5.87500000 3.02500000 5.40000000 6.52500000 5.57500000 6.82500000 3.32500000 3.32500000
11.32500000 6.70000000 7.65000000 10.85000000 6.10000000 9.90000000 7.35000000 11.15000000 4.67500000 9.25000000 12.10000000 3.85000000 6.87500000 10.67500000 11.02500000 6.70000000 4.80000000 9.72500000 4.50000000 12.45000000 7.00000000 1.42500000 8.12500000 6.05000000 0.00000000 0.95000000 9.07500000 0.47500000 6.22500000 6.52500000 8.12500000 1.90000000 0.95000000 2.07500000 10.97500000 2.37500000 2.37500000 0.95000000 8.25000000 8.72500000
13.87500000 9.25000000 10.20000000 13.40000000 8.65000000 12.45000000 9.90000000 11.97500000 7.22500000 11.80000000 12.75000000 6.40000000 9.42500000 11.97500000 14.35000000 9.25000000 7.35000000 12.92500000 7.05000000 11.50000000 6.22500000 3.55000000 7.35000000 5.27500000 0.95000000 0.00000000 8.30000000 1.42500000 5.45000000 5.75000000 7.35000000 4.15000000 2.07500000 1.12500000 10.20000000 3.67500000 0.95000000 3.50000000 7.47500000 7.95000000
7.82500000 15.00000000 15.35000000 5.92500000 15.17500000 8.12500000 12.92500000 4.50000000 13.57500000 8.95000000 5.27500000 13.40000000 12.32500000 4.50000000 6.87500000 17.85000000 13.57500000 6.57500000 15.35000000 4.02500000 3.50000000 12.15000000 2.42500000 3.80000000 9.07500000 8.30000000 0.00000000 9.55000000 2.85000000 2.85000000 1.90000000 10.20000000 8.90000000 6.05000000 0.95000000 9.55000000 8.60000000 9.85000000 3.50000000 3.50000000
12.92500000 9.25000000 9.25000000 12.45000000 8.65000000 11.50000000 8.95000000 12.75000000 7.22500000 10.85000000 13.70000000 6.40000000 8.47500000 12.27500000 12.62500000 8.00000000 6.40000000 11.97500000 6.10000000 14.70000000 7.47500000 2.37500000 8.60000000 6.52500000 0.47500000 1.42500000 9.55000000 0.00000000 6.70000000 7.00000000 8.60000000 0.47500000 2.25000000 2.55000000 11.45000000 1.90000000 3.67500000 2.55000000 8.72500000 9.20000000
10.97500000 15.00000000 18.50000000 9.07500000 14.40000000 11.27500000 16.07500000 7.65000000 12.97500000 12.10000000 8.42500000 12.15000000 15.47500000 7.65000000 10.02500000 15.00000000 13.10000000 9.72500000 12.80000000 7.17500000 1.60000000 9.30000000 3.67500000 0.95000000 6.22500000 5.45000000 2.85000000 6.70000000 0.00000000 1.30000000 1.90000000 7.35000000 6.05000000 3.20000000 4.45000000 6.70000000 5.75000000 7.00000000 1.12500000 2.37500000
9.85000000 15.30000000 17.37500000 7.95000000 14.70000000 10.15000000 14.95000000 6.52500000 13.27500000 10.97500000 7.30000000 12.45000000 14.35000000 6.52500000 8.90000000 15.30000000 13.40000000 8.60000000 13.10000000 6.05000000 2.72500000 9.60000000 3.80000000 2.25000000 6.52500000 5.75000000 2.85000000 7.00000000 1.30000000 0.00000000 2.85000000 7.65000000 6.35000000 3.50000000 3.50000000 7.00000000 6.05000000 7.30000000 1.12500000 2.55000000
7.95000000 15.12500000 15.47500000 6.05000000 15.30000000 8.25000000 13.05000000 4.62500000 13.70000000 9.07500000 5.40000000 14.05000000 12.45000000 4.62500000 7.00000000 16.90000000 13.70000000 6.70000000 14.70000000 4.15000000 3.50000000 11.20000000 1.90000000 2.85000000 8.12500000 7.35000000 1.90000000 8.60000000 1.90000000 2.85000000 0.00000000 9.25000000 7.95000000 5.10000000 1.90000000 8.60000000 7.65000000 8.90000000 3.50000000 3.02500000
14.30000000 10.62500000 10.62500000 13.82500000 10.02500000 12.87500000 10.32500000 14.12500000 8.60000000 12.22500000 14.65000000 7.77500000 9.85000000 13.87500000 14.00000000 9.37500000 7.77500000 13.35000000 7.47500000 13.40000000 8.12500000 3.80000000 9.25000000 7.17500000 1.90000000 4.15000000 10.20000000 0.47500000 7.35000000 7.65000000 9.25000000 0.00000000 2.25000000 3.67500000 11.80000000 1.60000000 2.25000000 2.25000000 9.07500000 9.55000000
10.20000000 5.57500000 6.52500000 9.72500000 4.97500000 8.77500000 6.22500000 12.57500000 3.55000000 8.12500000 13.35000000 2.72500000 5.75000000 12.57500000 9.90000000 5.57500000 3.67500000 9.25000000 3.37500000 12.10000000 6.82500000 1.60000000 7.95000000 5.87500000 0.95000000 2.07500000 8.90000000 2.25000000 6.05000000 6.35000000 7.95000000 2.25000000 0.00000000 2.37500000 10.50000000 2.55000000 0.95000000 1.42500000 7.77500000 8.25000000
12.40000000 10.85000000 11.80000000 10.50000000 10.25000000 14.05000000 11.50000000 9.07500000 8.82500000 13.52500000 9.55000000 8.00000000 11.02500000 8.77500000 11.45000000 10.85000000 8.95000000 11.15000000 8.65000000 8.60000000 3.97500000 5.15000000 5.10000000 3.02500000 2.07500000 1.12500000 6.05000000 2.55000000 3.20000000 3.50000000 5.10000000 3.67500000 2.37500000 0.00000000 7.65000000 3.02500000 1.30000000 3.32500000 4.92500000 5.40000000
8.77500000 15.95000000 16.30000000 6.87500000 16.12500000 9.07500000 13.87500000 5.45000000 14.52500000 9.90000000 6.22500000 16.90000000 13.27500000 5.45000000 7.82500000 19.75000000 14.52500000 7.52500000 17.55000000 4.97500000 5.10000000 14.05000000 3.37500000 5.40000000 10.97500000 10.20000000 0.95000000 11.45000000 4.45000000 3.50000000 1.90000000 11.80000000 10.50000000 7.65000000 0.00000000 11.15000000 9.90000000 11.45000000 3.50000000 2.07500000
12.27500000 11.10000000 8.60000000 11.80000000 10.50000000 10.85000000 8.30000000 13.22500000 9.07500000 10.20000000 14.00000000 8.25000000 7.82500000 13.22500000 11.97500000 9.85000000 5.75000000 11.32500000 5.45000000 12.75000000 7.47500000 3.67500000 8.60000000 6.52500000 2.37500000 3.67500000 9.55000000 1.90000000 6.70000000 7.00000000 8.60000000 1.60000000 2.55000000 3.02500000 11.15000000 0.00000000 1.60000000 1.30000000 8.42500000 8.90000000
14.95000000 7.00000000 7.95000000 13.05000000 6.40000000 10.20000000 7.65000000 11.62500000 4.97500000 16.07500000 12.10000000 4.15000000 7.17500000 11.32500000 14.00000000 7.00000000 5.10000000 13.70000000 4.80000000 11.15000000 6.52500000 3.02500000 7.65000000 5.57500000 2.37500000 0.95000000 8.60000000 3.67500000 5.75000000 6.05000000 7.65000000 2.25000000 0.95000000 1.30000000 9.90000000 1.60000000 0.00000000 1.90000000 7.17500000 7.65000000
10.20000000 5.57500000 6.52500000 9.72500000 4.97500000 8.77500000 6.22500000 13.52500000 3.55000000 8.12500000 14.30000000 2.72500000 5.75000000 13.52500000 9.90000000 5.57500000 3.67500000 9.25000000 3.37500000 13.05000000 7.77500000 1.60000000 8.90000000 6.82500000 0.95000000 3.50000000 9.85000000 2.07500000 7.00000000 7.30000000 8.90000000 2.25000000 1.42500000 3.32500000 11.45000000 1.30000000 1.90000000 0.00000000 8.72500000 9.20000000
10.80000000 17.02500000 17.97500000 8.90000000 16.42500000 11.10000000 17.67500000 7.47500000 15.00000000 11.92500000 8.25000000 14.17500000 17.20000000 7.47500000 9.85000000 17.02500000 15.12500000 9.55000000 14.82500000 7.00000000 3.80000000 11.32500000 4.75000000 3.32500000 8.25000000 7.47500000 3.80000000 8.72500000 1.12500000 1.12500000 3.80000000 9.07500000 7.77500000 4.92500000 3.50000000 8.42500000 7.17500000 8.72500000 0.00000000 0.95000000
10.32500000 17.50000000 17.85000000 8.42500000 16.60000000 10.62500000 15.42500000 7.00000000 15.17500000 11.45000000 7.77500000 14.35000000 14.82500000 7.00000000 9.37500000 17.20000000 15.30000000 9.07500000 15.00000000 6.52500000 3.02500000 11.50000000 4.27500000 3.32500000 8.42500000 7.65000000 3.50000000 8.90000000 2.37500000 2.55000000 3.02500000 9.25000000 7.95000000 5.10000000 2.07500000 8.60000000 7.35000000 8.90000000 0.95000000 0.00000000
