0.00000000 36.31370850 29.48528137 8.41421356 45.65685425 9.82842712 25.48528137 17.24264069 31.65685425 17.82842712 21.48528137 36.07106781 22.24264069 23.07106781 23.65685425 45.07106781 29.65685425 23.07106781 39.89949494 37.07106781 51.14213562 52.89949494 41.72792206 55.38477631 57.72792206 63.31370850 47.38477631 60.72792206 55.79898987 61.62741700 50.97056275 66.14213562 63.14213562 68.45584412 61.04163056 70.55634919 72.28427125 84.52691193 72.28427125 66.87005769
36.31370850 0.00000000 6.82842712 44.72792206 11.00000000 29.07106781 11.41421356 53.55634919 9.82842712 27.89949494 57.79898987 13.65685425 18.65685425 59.38477631 33.72792206 22.65685425 23.48528137 28.31370850 39.48528137 42.31370850 67.55634919 35.31370850 58.14213562 71.79898987 40.14213562 45.72792206 63.79898987 42.31370850 72.21320344 78.04163056 67.38477631 47.72792206 45.55634919 56.14213562 77.45584412 52.14213562 61.14213562 55.14213562 88.69848481 83.28427125
29.48528137 6.82842712 0.00000000 37.89949494 17.82842712 22.24264069 6.82842712 46.72792206 18.65685425 21.07106781 50.97056275 20.48528137 11.82842712 52.55634919 26.89949494 29.48528137 16.65685425 21.48528137 32.65685425 35.48528137 60.72792206 45.65685425 51.31370850 64.97056275 50.48528137 56.07106781 56.97056275 53.48528137 65.38477631 71.21320344 60.55634919 58.89949494 55.89949494 78.04163056 70.62741700 63.31370850 81.87005769 66.31370850 81.87005769 76.45584412
8.41421356 44.72792206 37.89949494 0.00000000 54.07106781 18.24264069 33.89949494 8.82842712 40.07106781 15.65685425 13.07106781 44.48528137 30.65685425 14.65685425 24.89949494 53.48528137 38.07106781 31.48528137 48.31370850 26.31370850 42.72792206 61.31370850 33.31370850 46.97056275 66.14213562 64.45584412 38.97056275 69.14213562 47.38477631 53.21320344 42.55634919 82.11269837 72.52691193 60.04163056 52.62741700 77.69848481 63.87005769 76.11269837 63.87005769 58.45584412
45.65685425 11.00000000 17.82842712 54.07106781 0.00000000 38.41421356 16.41421356 62.89949494 13.41421356 37.24264069 67.14213562 13.82842712 23.41421356 68.72792206 43.07106781 16.82842712 22.82842712 37.65685425 31.65685425 51.65685425 67.97056275 35.48528137 67.48528137 62.55634919 40.31370850 45.89949494 73.14213562 42.48528137 64.14213562 65.97056275 76.72792206 47.89949494 45.72792206 56.31370850 84.45584412 52.31370850 61.31370850 55.31370850 67.79898987 78.62741700
9.82842712 29.07106781 22.24264069 18.24264069 38.41421356 0.00000000 18.24264069 27.07106781 24.41421356 8.82842712 31.31370850 28.82842712 15.00000000 32.89949494 14.65685425 37.82842712 22.41421356 15.82842712 32.65685425 29.82842712 55.07106781 45.65685425 45.65685425 59.31370850 50.48528137 56.07106781 51.31370850 53.48528137 59.72792206 65.55634919 54.89949494 58.89949494 55.89949494 72.38477631 64.97056275 63.31370850 76.21320344 66.31370850 76.21320344 70.79898987
25.48528137 11.41421356 6.82842712 33.89949494 16.41421356 18.24264069 0.00000000 42.72792206 13.24264069 17.07106781 46.97056275 17.65685425 6.41421356 48.55634919 22.89949494 26.65685425 11.24264069 17.48528137 28.07106781 31.48528137 56.72792206 41.07106781 47.31370850 60.97056275 45.89949494 51.48528137 52.97056275 48.89949494 61.38477631 67.21320344 56.55634919 54.31370850 51.31370850 74.04163056 66.62741700 58.72792206 77.87005769 61.72792206 77.87005769 72.45584412
17.24264069 53.55634919 46.72792206 8.82842712 62.89949494 27.07106781 42.72792206 0.00000000 48.89949494 13.65685425 5.41421356 53.31370850 39.48528137 5.82842712 16.07106781 62.31370850 46.89949494 40.31370850 57.14213562 17.48528137 33.89949494 70.14213562 24.48528137 38.14213562 71.35533906 55.62741700 30.14213562 76.69848481 38.55634919 44.38477631 33.72792206 73.28427125 63.69848481 51.21320344 43.79898987 68.87005769 55.04163056 67.28427125 55.04163056 49.62741700
31.65685425 9.82842712 18.65685425 40.07106781 13.41421356 24.41421356 13.24264069 48.89949494 0.00000000 23.24264069 53.14213562 5.82842712 9.41421356 54.72792206 29.07106781 14.82842712 9.41421356 23.65685425 23.65685425 37.65685425 62.89949494 27.48528137 53.48528137 54.55634919 32.31370850 37.89949494 59.14213562 34.48528137 56.14213562 57.97056275 62.72792206 39.89949494 37.72792206 48.31370850 76.45584412 44.31370850 53.31370850 47.31370850 59.79898987 70.62741700
17.82842712 27.89949494 21.07106781 15.65685425 37.24264069 8.82842712 17.07106781 13.65685425 23.24264069 0.00000000 17.41421356 27.65685425 13.82842712 14.65685425 5.82842712 36.65685425 21.24264069 10.41421356 30.65685425 14.65685425 37.31370850 43.65685425 27.89949494 41.55634919 48.48528137 59.04163056 33.55634919 51.48528137 41.97056275 47.79898987 37.14213562 56.89949494 53.89949494 54.62741700 47.21320344 61.31370850 58.45584412 70.69848481 58.45584412 53.04163056
21.48528137 57.79898987 50.97056275 13.07106781 67.14213562 31.31370850 46.97056275 5.41421356 53.14213562 17.41421356 0.00000000 57.55634919 43.72792206 5.82842712 16.07106781 66.55634919 51.14213562 30.89949494 61.38477631 17.48528137 31.07106781 74.38477631 20.82842712 35.31370850 68.52691193 52.79898987 27.31370850 73.87005769 35.72792206 41.55634919 30.89949494 70.45584412 60.87005769 48.38477631 40.97056275 66.04163056 52.21320344 64.45584412 52.21320344 46.79898987
36.07106781 13.65685425 20.48528137 44.48528137 13.82842712 28.82842712 17.65685425 53.31370850 5.82842712 27.65685425 57.55634919 0.00000000 13.82842712 59.14213562 33.48528137 9.00000000 13.24264069 28.07106781 17.82842712 42.07106781 54.14213562 21.65685425 57.89949494 48.72792206 26.48528137 32.07106781 63.55634919 28.65685425 50.31370850 52.14213562 67.14213562 34.07106781 31.89949494 42.48528137 70.62741700 38.48528137 47.48528137 41.48528137 53.97056275 64.79898987
22.24264069 18.65685425 11.82842712 30.65685425 23.41421356 15.00000000 6.41421356 39.48528137 9.41421356 13.82842712 43.72792206 13.82842712 0.00000000 45.31370850 19.65685425 22.82842712 7.41421356 14.24264069 21.65685425 28.24264069 53.48528137 34.65685425 44.07106781 57.72792206 39.48528137 45.07106781 49.72792206 42.48528137 58.14213562 63.97056275 53.31370850 47.89949494 44.89949494 70.79898987 63.38477631 52.31370850 74.62741700 55.31370850 74.62741700 69.21320344
23.07106781 59.38477631 52.55634919 14.65685425 68.72792206 32.89949494 48.55634919 5.82842712 54.72792206 14.65685425 5.82842712 59.14213562 45.31370850 0.00000000 10.82842712 68.14213562 52.72792206 25.07106781 62.97056275 11.65685425 28.07106781 60.79898987 18.65685425 32.31370850 65.52691193 49.79898987 24.31370850 70.87005769 32.72792206 38.55634919 27.89949494 67.45584412 57.87005769 45.38477631 37.97056275 63.04163056 49.21320344 61.45584412 49.21320344 43.79898987
23.65685425 33.72792206 26.89949494 24.89949494 43.07106781 14.65685425 22.89949494 16.07106781 29.07106781 5.82842712 16.07106781 33.48528137 19.65685425 10.82842712 0.00000000 42.48528137 27.07106781 8.82842712 36.48528137 8.82842712 31.48528137 49.48528137 22.07106781 35.72792206 54.31370850 53.21320344 27.72792206 74.28427125 36.14213562 41.97056275 31.31370850 70.87005769 61.28427125 48.79898987 41.38477631 66.45584412 52.62741700 64.87005769 52.62741700 47.21320344
45.07106781 22.65685425 29.48528137 53.48528137 16.82842712 37.82842712 26.65685425 62.31370850 14.82842712 36.65685425 66.55634919 9.00000000 22.82842712 68.14213562 42.48528137 0.00000000 18.48528137 37.07106781 14.82842712 51.07106781 50.55634919 18.07106781 65.62741700 45.14213562 22.89949494 28.48528137 67.87005769 25.07106781 46.72792206 48.55634919 59.79898987 30.48528137 28.31370850 38.89949494 67.04163056 34.89949494 43.89949494 37.89949494 50.38477631 61.21320344
29.65685425 23.48528137 16.65685425 38.07106781 22.82842712 22.41421356 11.24264069 46.89949494 9.41421356 21.24264069 51.14213562 13.24264069 7.41421356 52.72792206 27.07106781 18.48528137 0.00000000 21.65685425 7.41421356 35.65685425 60.89949494 21.24264069 51.48528137 48.31370850 26.07106781 31.65685425 57.14213562 29.07106781 49.89949494 51.72792206 60.72792206 34.48528137 31.48528137 42.07106781 70.79898987 38.89949494 47.07106781 41.89949494 53.55634919 64.38477631
23.07106781 28.31370850 21.48528137 31.48528137 37.65685425 15.82842712 17.48528137 40.31370850 23.65685425 10.41421356 30.89949494 28.07106781 14.24264069 25.07106781 8.82842712 37.07106781 21.65685425 0.00000000 31.07106781 13.41421356 38.65685425 44.07106781 29.24264069 42.89949494 48.89949494 60.38477631 34.89949494 51.89949494 43.31370850 49.14213562 38.48528137 57.31370850 68.45584412 55.97056275 48.55634919 73.62741700 59.79898987 72.04163056 59.79898987 54.38477631
39.89949494 39.48528137 32.65685425 48.31370850 31.65685425 32.65685425 28.07106781 57.14213562 23.65685425 30.65685425 61.38477631 17.82842712 21.65685425 62.97056275 36.48528137 14.82842712 7.41421356 31.07106781 0.00000000 45.07106781 46.31370850 13.82842712 60.89949494 40.89949494 18.65685425 24.24264069 66.55634919 21.65685425 42.48528137 44.31370850 55.55634919 27.07106781 24.07106781 34.65685425 62.79898987 31.48528137 39.65685425 34.48528137 46.14213562 56.97056275
37.07106781 42.31370850 35.48528137 26.31370850 51.65685425 29.82842712 31.48528137 17.48528137 37.65685425 14.65685425 17.48528137 42.07106781 28.24264069 11.65685425 8.82842712 51.07106781 35.65685425 13.41421356 45.07106781 0.00000000 25.82842712 58.07106781 16.41421356 30.07106781 63.28427125 47.55634919 22.07106781 68.62741700 30.48528137 36.31370850 25.65685425 65.21320344 55.62741700 43.14213562 35.72792206 60.79898987 46.97056275 59.21320344 46.97056275 41.55634919
51.14213562 67.55634919 60.72792206 42.72792206 67.97056275 55.07106781 56.72792206 33.89949494 62.89949494 37.31370850 31.07106781 54.14213562 53.48528137 28.07106781 31.48528137 50.55634919 60.89949494 38.65685425 46.31370850 25.82842712 0.00000000 34.48528137 16.82842712 5.41421356 39.21320344 23.48528137 19.07106781 44.55634919 9.82842712 14.24264069 19.48528137 41.14213562 31.55634919 19.07106781 39.55634919 36.72792206 22.89949494 35.14213562 22.89949494 33.72792206
52.89949494 35.31370850 45.65685425 61.31370850 35.48528137 45.65685425 41.07106781 70.14213562 27.48528137 43.65685425 74.38477631 21.65685425 34.65685425 60.79898987 49.48528137 18.07106781 21.24264069 44.07106781 13.82842712 58.07106781 34.48528137 0.00000000 49.55634919 29.07106781 6.82842712 12.41421356 51.79898987 11.24264069 30.65685425 32.48528137 43.72792206 16.07106781 12.24264069 22.82842712 50.97056275 20.48528137 21.48528137 21.48528137 34.31370850 45.14213562
41.72792206 58.14213562 51.31370850 33.31370850 67.48528137 45.65685425 47.31370850 24.48528137 53.48528137 27.89949494 20.82842712 57.89949494 44.07106781 18.65685425 22.07106781 65.62741700 51.48528137 29.24264069 60.89949494 16.41421356 16.82842712 49.55634919 0.00000000 21.07106781 54.28427125 38.55634919 7.41421356 59.62741700 21.48528137 27.31370850 11.82842712 56.21320344 46.62741700 34.14213562 21.07106781 51.79898987 37.97056275 50.21320344 37.97056275 26.89949494
55.38477631 71.79898987 64.97056275 46.97056275 62.55634919 59.31370850 60.97056275 38.14213562 54.55634919 41.55634919 35.31370850 48.72792206 57.72792206 32.31370850 35.72792206 45.14213562 48.31370850 42.89949494 40.89949494 30.07106781 5.41421356 29.07106781 21.07106781 0.00000000 33.79898987 18.07106781 23.31370850 39.14213562 5.82842712 8.82842712 16.65685425 35.72792206 26.14213562 13.65685425 34.14213562 31.31370850 17.48528137 29.72792206 17.48528137 28.31370850
57.72792206 40.14213562 50.48528137 66.14213562 40.31370850 50.48528137 45.89949494 71.35533906 32.31370850 48.48528137 68.52691193 26.48528137 39.48528137 65.52691193 54.31370850 22.89949494 26.07106781 48.89949494 18.65685425 63.28427125 39.21320344 6.82842712 54.28427125 33.79898987 0.00000000 13.24264069 56.52691193 4.41421356 35.38477631 36.38477631 47.62741700 9.24264069 7.65685425 21.31370850 54.87005769 13.65685425 16.89949494 16.65685425 38.21320344 49.04163056
63.31370850 45.72792206 56.07106781 64.45584412 45.89949494 56.07106781 51.48528137 55.62741700 37.89949494 59.04163056 52.79898987 32.07106781 45.07106781 49.79898987 53.21320344 28.48528137 31.65685425 60.38477631 24.24264069 47.55634919 23.48528137 12.41421356 38.55634919 18.07106781 13.24264069 0.00000000 40.79898987 17.65685425 19.65685425 21.48528137 32.72792206 35.07106781 25.48528137 11.82842712 39.97056275 30.65685425 16.82842712 29.07106781 23.31370850 34.14213562
47.38477631 63.79898987 56.97056275 38.97056275 73.14213562 51.31370850 52.97056275 30.14213562 59.14213562 33.55634919 27.31370850 63.55634919 49.72792206 24.31370850 27.72792206 67.87005769 57.14213562 34.89949494 66.55634919 22.07106781 19.07106781 51.79898987 7.41421356 23.31370850 56.52691193 40.79898987 0.00000000 61.87005769 14.65685425 15.07106781 7.82842712 58.45584412 48.87005769 36.38477631 13.65685425 54.04163056 40.21320344 52.45584412 30.31370850 19.48528137
60.72792206 42.31370850 53.48528137 69.14213562 42.48528137 53.48528137 48.89949494 76.69848481 34.48528137 51.48528137 73.87005769 28.65685425 42.48528137 70.87005769 74.28427125 25.07106781 29.07106781 51.89949494 21.65685425 68.62741700 44.55634919 11.24264069 59.62741700 39.14213562 4.41421356 17.65685425 61.87005769 0.00000000 40.72792206 41.72792206 52.97056275 5.41421356 17.82842712 26.65685425 60.21320344 9.82842712 22.24264069 12.82842712 43.55634919 54.38477631
55.79898987 72.21320344 65.38477631 47.38477631 64.14213562 59.72792206 61.38477631 38.55634919 56.14213562 41.97056275 35.72792206 50.31370850 58.14213562 32.72792206 36.14213562 46.72792206 49.89949494 43.31370850 42.48528137 30.48528137 9.82842712 30.65685425 21.48528137 5.82842712 35.38477631 19.65685425 14.65685425 40.72792206 0.00000000 5.00000000 10.82842712 37.31370850 27.72792206 15.24264069 17.48528137 32.89949494 19.07106781 31.31370850 12.24264069 23.07106781
61.62741700 78.04163056 71.21320344 53.21320344 65.97056275 65.55634919 67.21320344 44.38477631 57.97056275 47.79898987 41.55634919 52.14213562 63.97056275 38.55634919 41.97056275 48.55634919 51.72792206 49.14213562 44.31370850 36.31370850 14.24264069 32.48528137 27.31370850 8.82842712 36.38477631 21.48528137 15.07106781 41.72792206 5.00000000 0.00000000 11.24264069 38.31370850 28.72792206 16.24264069 25.89949494 33.89949494 20.07106781 32.31370850 9.24264069 20.07106781
50.97056275 67.38477631 60.55634919 42.55634919 76.72792206 54.89949494 56.55634919 33.72792206 62.72792206 37.14213562 30.89949494 67.14213562 53.31370850 27.89949494 31.31370850 59.79898987 60.72792206 38.48528137 55.55634919 25.65685425 19.48528137 43.72792206 11.82842712 16.65685425 47.62741700 32.72792206 7.82842712 52.97056275 10.82842712 11.24264069 0.00000000 49.55634919 39.97056275 27.48528137 15.48528137 45.14213562 31.31370850 43.55634919 20.48528137 21.31370850
66.14213562 47.72792206 58.89949494 82.11269837 47.89949494 58.89949494 54.31370850 73.28427125 39.89949494 56.89949494 70.45584412 34.07106781 47.89949494 67.45584412 70.87005769 30.48528137 34.48528137 57.31370850 27.07106781 65.21320344 41.14213562 16.07106781 56.21320344 35.72792206 9.24264069 35.07106781 58.45584412 5.41421356 37.31370850 38.31370850 49.55634919 0.00000000 14.41421356 23.24264069 56.79898987 6.41421356 18.82842712 9.41421356 40.14213562 50.97056275
63.14213562 45.55634919 55.89949494 72.52691193 45.72792206 55.89949494 51.31370850 63.69848481 37.72792206 53.89949494 60.87005769 31.89949494 44.89949494 57.87005769 61.28427125 28.31370850 31.48528137 68.45584412 24.07106781 55.62741700 31.55634919 12.24264069 46.62741700 26.14213562 7.65685425 25.48528137 48.87005769 17.82842712 27.72792206 28.72792206 39.97056275 14.41421356 0.00000000 13.65685425 47.21320344 10.00000000 9.24264069 9.24264069 30.55634919 41.38477631
68.45584412 56.14213562 78.04163056 60.04163056 56.31370850 72.38477631 74.04163056 51.21320344 48.31370850 54.62741700 48.38477631 42.48528137 70.79898987 45.38477631 48.79898987 38.89949494 42.07106781 55.97056275 34.65685425 43.14213562 19.07106781 22.82842712 34.14213562 13.65685425 21.31370850 11.82842712 36.38477631 26.65685425 15.24264069 16.24264069 27.48528137 23.24264069 13.65685425 0.00000000 34.72792206 18.82842712 5.00000000 17.24264069 18.07106781 28.89949494
61.04163056 77.45584412 70.62741700 52.62741700 84.45584412 64.97056275 66.62741700 43.79898987 76.45584412 47.21320344 40.97056275 70.62741700 63.38477631 37.97056275 41.38477631 67.04163056 70.79898987 48.55634919 62.79898987 35.72792206 39.55634919 50.97056275 21.07106781 34.14213562 54.87005769 39.97056275 13.65685425 60.21320344 17.48528137 25.89949494 15.48528137 56.79898987 47.21320344 34.72792206 0.00000000 52.38477631 38.55634919 50.79898987 16.65685425 5.82842712
70.55634919 52.14213562 63.31370850 77.69848481 52.31370850 63.31370850 58.72792206 68.87005769 44.31370850 61.31370850 66.04163056 38.48528137 52.31370850 63.04163056 66.45584412 34.89949494 38.89949494 73.62741700 31.48528137 60.79898987 36.72792206 20.48528137 51.79898987 31.31370850 13.65685425 30.65685425 54.04163056 9.82842712 32.89949494 33.89949494 45.14213562 6.41421356 10.00000000 18.82842712 52.38477631 0.00000000 14.41421356 3.00000000 35.72792206 46.55634919
72.28427125 61.14213562 81.87005769 63.87005769 61.31370850 76.21320344 77.87005769 55.04163056 53.31370850 58.45584412 52.21320344 47.48528137 74.62741700 49.21320344 52.62741700 43.89949494 47.07106781 59.79898987 39.65685425 46.97056275 22.89949494 21.48528137 37.97056275 17.48528137 16.89949494 16.82842712 40.21320344 22.24264069 19.07106781 20.07106781 31.31370850 18.82842712 9.24264069 5.00000000 38.55634919 14.41421356 0.00000000 12.82842712 21.89949494 32.72792206
84.52691193 55.14213562 66.31370850 76.11269837 55.31370850 66.31370850 61.72792206 67.28427125 47.31370850 70.69848481 64.45584412 41.48528137 55.31370850 61.45584412 64.87005769 37.89949494 41.89949494 72.04163056 34.48528137 59.21320344 35.14213562 21.48528137 50.21320344 29.72792206 16.65685425 29.07106781 52.45584412 12.82842712 31.31370850 32.31370850 43.55634919 9.41421356 9.24264069 17.24264069 50.79898987 3.00000000 12.82842712 0.00000000 34.14213562 44.97056275
72.28427125 88.69848481 81.87005769 63.87005769 67.79898987 76.21320344 77.87005769 55.04163056 59.79898987 58.45584412 52.21320344 53.97056275 74.62741700 49.21320344 52.62741700 50.38477631 53.55634919 59.79898987 46.14213562 46.97056275 22.89949494 34.31370850 37.97056275 17.48528137 38.21320344 23.31370850 30.31370850 43.55634919 12.24264069 9.24264069 20.48528137 40.14213562 30.55634919 18.07106781 16.65685425 35.72792206 21.89949494 34.14213562 0.00000000 10.82842712
66.87005769 83.28427125 76.45584412 58.45584412 78.62741700 70.79898987 72.45584412 49.62741700 70.62741700 53.04163056 46.79898987 64.79898987 69.21320344 43.79898987 47.21320344 61.21320344 64.38477631 54.38477631 56.97056275 41.55634919 33.72792206 45.14213562 26.89949494 28.31370850 49.04163056 34.14213562 19.48528137 54.38477631 23.07106781 20.07106781 21.31370850 50.97056275 41.38477631 28.89949494 5.82842712 46.55634919 32.72792206 44.97056275 10.82842712 0.00000000
