0.00000000 0.01663489 0.00696845 0.00050726 0.02311419 0.00375495 0.00894776 0.00776523 0.01219747 0.00803942 0.00812527 0.01327915 0.00656324 0.01400341 0.01199452 0.01668629 0.01198451 0.01162851 0.01796445 0.01633283 0.02308104 0.02407130 0.02465551 0.02790371 0.02903336 0.03312363 0.02794023 0.02938891 0.03212569 0.03434781 0.03166074 0.03416573 0.03315377 0.03369555 0.03585480 0.03799224 0.03389800 0.03560780 0.03914590 0.03971494
0.01663489 0.00000000 0.00043104 0.01898926 0.00853611 0.01295844 0.00732980 0.02281145 0.00797709 0.01178894 0.02345931 0.00818572 0.01015178 0.02373549 0.01686221 0.01159285 0.01412299 0.01282444 0.01751921 0.01889825 0.02758503 0.01875862 0.02918440 0.02994720 0.02372068 0.02781095 0.03244422 0.02424595 0.03255024 0.03376173 0.03616473 0.02902276 0.02784109 0.03375607 0.04035879 0.03162296 0.02925510 0.03029512 0.03027937 0.04421893
0.00696845 0.00043104 0.00000000 0.00932282 0.01140139 0.00329200 0.00375997 0.01314501 0.00944469 0.00212250 0.01379287 0.01105099 0.00556788 0.01406905 0.00719577 0.01445813 0.01110081 0.00315800 0.01708075 0.00923181 0.01791859 0.02318761 0.01951796 0.02274126 0.02814966 0.03223994 0.02277778 0.02850521 0.02690871 0.02918536 0.02649829 0.03328203 0.03227007 0.03818505 0.03069235 0.03710854 0.03368408 0.03472410 0.03470835 0.03455249
0.00050726 0.01898926 0.00932282 0.00000000 0.02546856 0.00589268 0.01130213 0.00350252 0.01455184 0.01123224 0.00079184 0.01563352 0.00891761 0.00912412 0.01464846 0.01904066 0.01433888 0.01732836 0.02031882 0.01349932 0.01761423 0.02642567 0.01921360 0.02243690 0.03138773 0.02800433 0.02247342 0.03174328 0.02665887 0.02888100 0.02619393 0.03652010 0.03550814 0.02822873 0.03038799 0.04034661 0.02843118 0.03796217 0.03367909 0.03424813
0.02311419 0.00853611 0.01140139 0.02546856 0.00000000 0.01943774 0.01380910 0.02929075 0.00949911 0.01826824 0.02993861 0.00613512 0.01622841 0.03021479 0.02334151 0.00875959 0.01797766 0.01947345 0.01359450 0.02554727 0.02823337 0.01670803 0.03566370 0.02789661 0.02167009 0.02576036 0.03892352 0.02219535 0.03049965 0.03171113 0.04264403 0.02697217 0.02579049 0.03170548 0.04683809 0.02957236 0.02720451 0.02824453 0.02822878 0.03293606
0.00375495 0.01295844 0.00329200 0.00589268 0.01943774 0.00000000 0.00527132 0.01543427 0.00852102 0.00379722 0.01608214 0.00960271 0.00288680 0.01635831 0.00909199 0.01300984 0.00830806 0.00795206 0.01428800 0.01325921 0.02484304 0.02039486 0.02641751 0.02966571 0.02535692 0.02944719 0.02970223 0.02571247 0.03388769 0.03610981 0.03342274 0.03048929 0.02947732 0.03539230 0.03761680 0.03431579 0.03089133 0.03193136 0.04090790 0.04147694
0.00894776 0.00732980 0.00375997 0.01130213 0.01380910 0.00527132 0.00000000 0.01512432 0.00819167 0.00410181 0.01577219 0.00927335 0.00246466 0.01604836 0.00917509 0.01268049 0.00799759 0.00513731 0.01397753 0.01121113 0.01989790 0.02008439 0.02149728 0.03127297 0.02504644 0.02913672 0.02475710 0.02540200 0.02888803 0.03116467 0.02847761 0.03017881 0.02916685 0.03508183 0.03267166 0.03400532 0.03058086 0.03162088 0.03160513 0.03653180
0.00774847 0.02279678 0.01313034 0.00350252 0.02927608 0.01543427 0.01510966 0.00000000 0.01835937 0.01100785 0.00036004 0.01944105 0.01272514 0.00396438 0.00964310 0.02284819 0.01814640 0.01710109 0.02283955 0.00909032 0.01411950 0.03024786 0.01571887 0.01894218 0.03520992 0.02450961 0.01897869 0.03556547 0.02316415 0.02538627 0.02269921 0.04034229 0.02802722 0.02473401 0.02689326 0.02844250 0.02493646 0.02960415 0.03001618 0.03075340
0.01219747 0.00797709 0.00944469 0.01455184 0.00949911 0.00852102 0.00819167 0.01837403 0.00000000 0.00735152 0.01902189 0.00136579 0.00506541 0.01929807 0.01242479 0.00477293 0.00681466 0.00838702 0.01003569 0.01446084 0.02619046 0.01466511 0.02474698 0.02585369 0.01962717 0.02371745 0.02800680 0.02015244 0.02845673 0.02966822 0.03172732 0.02492926 0.02374758 0.02966256 0.03592137 0.02752945 0.02516159 0.02620161 0.02618586 0.03089314
0.00803942 0.01178894 0.00212250 0.01138921 0.01826824 0.00379722 0.00410181 0.01102251 0.00735152 0.00000000 0.01167037 0.00843320 0.00171729 0.01194655 0.00417072 0.01184034 0.00713856 0.00597600 0.01181704 0.00851170 0.01489354 0.01922535 0.01649291 0.01971621 0.02418741 0.02827768 0.01975273 0.02454296 0.02393819 0.02616031 0.02347324 0.02931978 0.02830782 0.02550805 0.02766730 0.03314629 0.02571050 0.03076185 0.03095840 0.03152744
0.00810850 0.02344465 0.01377821 0.00079184 0.02992395 0.01608214 0.01575752 0.00036004 0.01900723 0.01165571 0.00000000 0.02008892 0.01337301 0.00034924 0.00828132 0.02349605 0.01879427 0.01774896 0.02348741 0.00703112 0.00828137 0.03089573 0.00988074 0.01310404 0.03585779 0.01867147 0.01314056 0.03621334 0.01732601 0.01954814 0.01686107 0.02977936 0.02218909 0.01889587 0.02105513 0.02260436 0.01909833 0.02376601 0.02417805 0.02491527
0.01327915 0.00818572 0.01105099 0.01563352 0.00613512 0.00960271 0.00927335 0.01945571 0.00136579 0.00843320 0.02010358 0.00000000 0.00614709 0.02037975 0.01350648 0.00340714 0.01002438 0.00963842 0.00745938 0.01571223 0.02209825 0.01057291 0.02582867 0.02176149 0.01553497 0.01962524 0.02908849 0.01606023 0.02436453 0.02557601 0.03182278 0.02083705 0.01965537 0.02557035 0.03222330 0.02343724 0.02106938 0.02210941 0.02209366 0.02680093
0.00656324 0.01015178 0.00556788 0.00891761 0.01622841 0.00288680 0.00246466 0.01273980 0.00506541 0.00171729 0.01338767 0.00614709 0.00000000 0.01366384 0.00679057 0.00955423 0.00513411 0.00275279 0.01111405 0.00882661 0.01751338 0.01722090 0.01911276 0.02840948 0.02218296 0.02627323 0.02237258 0.02253851 0.02650351 0.02878015 0.02609309 0.02731533 0.02630337 0.03221835 0.03028715 0.03114184 0.02771738 0.02875740 0.02874165 0.03414729
0.01400341 0.02373549 0.01406905 0.00912412 0.03021479 0.01635831 0.01604836 0.00396438 0.01929807 0.01194655 0.00034924 0.02037975 0.01366384 0.00000000 0.00696761 0.02378689 0.01908511 0.01408798 0.02376359 0.00584903 0.00971002 0.03117190 0.01130939 0.01453269 0.03613396 0.02010012 0.01456921 0.03648951 0.01875466 0.02097679 0.01828972 0.03120801 0.02361774 0.02032452 0.02248378 0.02403301 0.02052698 0.02519466 0.02577488 0.02634392
0.01199452 0.01686221 0.00719577 0.01480543 0.02334151 0.00909199 0.00917509 0.00964310 0.01242479 0.00417072 0.00828132 0.01350648 0.00679057 0.00696761 0.00000000 0.01691361 0.01221183 0.00712037 0.01689031 0.00434098 0.01072282 0.02429863 0.01232219 0.01554549 0.02926069 0.02111292 0.01558201 0.02961624 0.01976746 0.02198959 0.01930252 0.03439306 0.03338109 0.02133732 0.02349658 0.03821956 0.02153977 0.03583513 0.02661950 0.02735672
0.01668629 0.01159285 0.01445813 0.01904066 0.00875959 0.01300984 0.01268049 0.02286285 0.00477293 0.01184034 0.02351071 0.00340714 0.00955423 0.02378689 0.01691361 0.00000000 0.00896902 0.01304555 0.00089924 0.01911937 0.01594218 0.00441684 0.02923580 0.01560542 0.01063759 0.01346917 0.02948583 0.00968383 0.01820846 0.01941995 0.02566671 0.01446064 0.01475799 0.01941429 0.02606724 0.01706084 0.01617201 0.01721203 0.01593759 0.02064487
0.01198451 0.01412299 0.01110081 0.01433888 0.01797766 0.00830806 0.00799759 0.01816106 0.00681466 0.00713856 0.01880893 0.01002438 0.00513411 0.01908511 0.01221183 0.00896902 0.00000000 0.00817406 0.00568588 0.01424787 0.02331808 0.01179274 0.02453402 0.02298132 0.01675479 0.02084507 0.02779384 0.01711034 0.02558436 0.02679584 0.03151435 0.02188716 0.02087520 0.02679018 0.03570841 0.02571367 0.02228921 0.02332923 0.02331348 0.02802076
0.01162851 0.01299415 0.00332771 0.01745851 0.01947345 0.00795206 0.00530702 0.01710109 0.00855673 0.00594918 0.01774896 0.00963842 0.00292251 0.01408798 0.00712037 0.01304555 0.00834377 0.00000000 0.01302225 0.00607381 0.00852198 0.02043057 0.01012135 0.01334465 0.02539263 0.02948290 0.01338117 0.02574818 0.01756662 0.01978875 0.01710168 0.03052499 0.02951303 0.01913648 0.02129574 0.03435150 0.01933893 0.03196707 0.02458684 0.02515588
0.01796445 0.01751921 0.01708075 0.02031882 0.01359450 0.01428800 0.01397753 0.02201072 0.00995361 0.01098821 0.02265858 0.00745938 0.01111405 0.02293476 0.01606148 0.00089924 0.00568588 0.01219342 0.00000000 0.01826724 0.01568708 0.00416174 0.02838367 0.01535032 0.00912380 0.01321407 0.03164349 0.00947935 0.01795336 0.01916484 0.02541160 0.01509793 0.01324420 0.01915918 0.02581213 0.01808267 0.01465821 0.01569824 0.01568249 0.02038976
0.01633283 0.01906797 0.00940152 0.01349932 0.02554727 0.01323814 0.01138084 0.00909032 0.01463055 0.00851170 0.00703112 0.01571223 0.00899632 0.00584903 0.00434098 0.01911937 0.01441758 0.00607381 0.01909607 0.00000000 0.00247285 0.02650438 0.00407222 0.00729552 0.03146644 0.01280843 0.00733204 0.03182199 0.01146298 0.01373962 0.01105255 0.02391632 0.01632605 0.01303284 0.01524661 0.01674132 0.01323529 0.01790297 0.01853771 0.01910675
0.02308104 0.02758503 0.01791859 0.01761423 0.02823337 0.02484304 0.01989790 0.01411950 0.02619046 0.01489354 0.00909793 0.02209825 0.01751338 0.00971002 0.01072282 0.01727192 0.02331808 0.00852198 0.01568708 0.00247285 0.00000000 0.01304431 0.00688588 0.00033341 0.01209184 0.00217494 0.01123946 0.01388340 0.00245736 0.00537156 0.01146480 0.01328283 0.00569255 0.00122408 0.01577253 0.00610783 0.00140612 0.00609422 0.00404871 0.01742019
0.02407130 0.01875862 0.02318761 0.02642567 0.01670803 0.02039486 0.02008439 0.03024786 0.01466511 0.01922535 0.03089573 0.01057291 0.01722090 0.03117190 0.02429863 0.00574658 0.01179274 0.02043057 0.00416174 0.02650438 0.01304431 0.00000000 0.02659870 0.01270755 0.00535904 0.01057130 0.02658796 0.00671192 0.01531059 0.01652208 0.02276884 0.00975963 0.00947945 0.01651642 0.02316937 0.01431792 0.01089346 0.01193348 0.01303972 0.01774700
0.02468041 0.02918440 0.01951796 0.01921360 0.03566370 0.02644241 0.02149728 0.01571887 0.02474698 0.01649291 0.01069731 0.02582867 0.01911276 0.01130939 0.01232219 0.02923580 0.02453402 0.01012135 0.02921250 0.00407222 0.00688588 0.02652377 0.00000000 0.00896623 0.02557129 0.01565439 0.00577617 0.02736285 0.01311326 0.01440313 0.00949668 0.02676228 0.01917201 0.01470354 0.01369074 0.01958728 0.01488557 0.01957368 0.01920123 0.01977027
0.02790371 0.02994720 0.02274126 0.02243690 0.02789661 0.02966571 0.03127297 0.01894218 0.02585369 0.01971621 0.01392061 0.02176149 0.02840948 0.01453269 0.01554549 0.01693516 0.02298132 0.01334465 0.01535032 0.00729552 0.00033341 0.01270755 0.00896623 0.00000000 0.01175508 0.00183818 0.01332790 0.01354664 0.00221038 0.00503816 0.00950878 0.01294607 0.00535579 0.00088732 0.01313415 0.00577107 0.00106936 0.00575746 0.00371530 0.01478180
0.02903336 0.02372068 0.02814966 0.03138773 0.02167009 0.02535692 0.02504644 0.03519526 0.01962717 0.02418741 0.03584313 0.01553497 0.02218296 0.03611930 0.02926069 0.01063759 0.01675479 0.02539263 0.00912380 0.03146644 0.01209184 0.00535904 0.02564623 0.01175508 0.00000000 0.01018089 0.02563549 0.00135288 0.01435812 0.01556960 0.02181637 0.00355882 0.00575615 0.01376154 0.02221689 0.00615901 0.00717016 0.00821019 0.01208725 0.01679452
0.03312363 0.02781095 0.03223994 0.02911884 0.02576036 0.02944719 0.02913672 0.02562411 0.02371745 0.02827768 0.02065707 0.01962524 0.02627323 0.02126915 0.02222743 0.01479891 0.02084507 0.02931319 0.01321407 0.01397746 0.00217494 0.01057130 0.01572933 0.00183818 0.01018089 0.00000000 0.01571859 0.01197246 0.00444122 0.00565270 0.01189946 0.01529419 0.00896087 0.00670010 0.01229999 0.01524533 0.00765990 0.01281616 0.00217035 0.00687762
0.02794023 0.03244422 0.02277778 0.02247342 0.03892352 0.02970223 0.02475710 0.01897869 0.02800680 0.01975273 0.01395713 0.02908849 0.02237258 0.01456921 0.01558201 0.03080886 0.02779384 0.01338117 0.03247232 0.00733204 0.01123946 0.02658126 0.00577617 0.01348104 0.02562878 0.01571188 0.00000000 0.02742034 0.01127067 0.01139490 0.00596680 0.02681977 0.01922950 0.01476103 0.00791457 0.01964477 0.01494306 0.01963117 0.01619971 0.00828335
0.02938891 0.02424595 0.02850521 0.03174328 0.02219535 0.02571247 0.02540200 0.03555081 0.02015244 0.02454296 0.03619868 0.01606023 0.02253851 0.03647485 0.02961624 0.00968383 0.01711034 0.02557846 0.00965021 0.03165228 0.01388340 0.00671192 0.02743779 0.01354664 0.00135288 0.01197246 0.02742705 0.00000000 0.01614968 0.01736116 0.02360793 0.00116119 0.00859515 0.01555310 0.02400845 0.00332931 0.01000917 0.00349683 0.01387881 0.01858608
0.03210527 0.03255024 0.02694282 0.02663846 0.03049965 0.03386727 0.02892213 0.02314373 0.02845673 0.02391777 0.01812217 0.02436453 0.02653762 0.01873425 0.01974705 0.01953820 0.02558436 0.01754621 0.01795336 0.01149708 0.00245736 0.01531059 0.01318820 0.00221038 0.01435812 0.00444122 0.01111081 0.01614968 0.00000000 0.00381667 0.00729840 0.01554911 0.00795883 0.00349036 0.01092377 0.00837411 0.00367240 0.00836050 0.00587819 0.01257143
0.03434781 0.03376173 0.02918536 0.02888100 0.03171113 0.03610981 0.03116467 0.02538627 0.02966822 0.02616031 0.02036471 0.02557601 0.02878015 0.02097679 0.02198959 0.02074968 0.02679584 0.01978875 0.01916484 0.01373962 0.00537156 0.01652208 0.01440313 0.00503816 0.01556960 0.00565270 0.01140161 0.01736116 0.00381667 0.00000000 0.00758249 0.01676059 0.00917031 0.00470185 0.00968559 0.00958559 0.00488388 0.00957198 0.00306152 0.00798009
0.03166074 0.03616473 0.02649829 0.02619393 0.04264403 0.03342274 0.02847761 0.02269921 0.03172732 0.02347324 0.01767764 0.03182278 0.02609309 0.01828972 0.01930252 0.02699644 0.03151435 0.01710168 0.02541160 0.01105255 0.01146480 0.02260899 0.00949668 0.00966863 0.02165651 0.01173961 0.00596680 0.02344808 0.00729840 0.00758249 0.00000000 0.02284751 0.01525723 0.01078876 0.00927011 0.01567251 0.01097080 0.01565890 0.01238058 0.01294962
0.03416573 0.02902276 0.03328203 0.03652010 0.02697217 0.03048929 0.03017881 0.04032763 0.02492926 0.02931978 0.03059593 0.02083705 0.02731533 0.03120801 0.03439306 0.01446064 0.02188716 0.03035528 0.01442703 0.02391632 0.01328283 0.00891786 0.02683722 0.01294607 0.00355882 0.01529419 0.02682648 0.00116119 0.01554911 0.01676059 0.02300736 0.00000000 0.00810533 0.01205875 0.02335726 0.00044946 0.00815649 0.00061698 0.01322761 0.01793489
0.03315377 0.02784109 0.03227007 0.03550814 0.02579049 0.02947732 0.02916685 0.02797270 0.02374758 0.02830782 0.02300565 0.01965537 0.02630337 0.02361774 0.03338109 0.01475799 0.02087520 0.02934332 0.01324420 0.01632605 0.00569255 0.00947945 0.01924694 0.00535579 0.00575615 0.00896087 0.01923620 0.00859515 0.00795883 0.00917031 0.01541708 0.00810533 0.00000000 0.00446847 0.01576698 0.00360647 0.00056622 0.00338298 0.00563733 0.01034461
0.03366144 0.03375607 0.03818505 0.02819463 0.03170548 0.03539230 0.03508183 0.02469990 0.02966256 0.02547394 0.01973286 0.02557035 0.03221835 0.02034494 0.02130322 0.02074402 0.02679018 0.01910238 0.01915918 0.01305325 0.00122408 0.01651642 0.01477847 0.00088732 0.01376154 0.00670010 0.01476773 0.01555310 0.00349036 0.00470185 0.01094861 0.01205875 0.00446847 0.00000000 0.01129851 0.00488375 0.00031944 0.00487014 0.00116887 0.00587614
0.03585480 0.04035879 0.03069235 0.03038799 0.04683809 0.03761680 0.03267166 0.02689326 0.03592137 0.02766730 0.02187170 0.03222330 0.03028715 0.02248378 0.02349658 0.02739697 0.03570841 0.02129574 0.02581213 0.01524661 0.01577253 0.02316937 0.01369074 0.01313415 0.02221689 0.01229999 0.00791457 0.02400845 0.01092377 0.00968559 0.00927011 0.02335726 0.01576698 0.01129851 0.00000000 0.01618226 0.01148055 0.01616865 0.00198996 0.00036878
0.03799224 0.03162296 0.03710854 0.04034661 0.02957236 0.03431579 0.03400532 0.02838798 0.02752945 0.03314629 0.02342093 0.02343724 0.03114184 0.02403301 0.03821956 0.01706084 0.02571367 0.03418179 0.01808267 0.01674132 0.00610783 0.01431792 0.01966222 0.00577107 0.00615901 0.01524533 0.01965148 0.00332931 0.00837411 0.00958559 0.01583236 0.00044946 0.00360647 0.00488375 0.01618226 0.00000000 0.00093087 0.00023333 0.00605261 0.01075989
0.03384348 0.02925510 0.03368408 0.02837666 0.02720451 0.03089133 0.03058086 0.02488194 0.02516159 0.02565598 0.01991489 0.02106938 0.02771738 0.02052698 0.02148525 0.01617201 0.02228921 0.01928441 0.01465821 0.01323529 0.00140612 0.01089346 0.01496051 0.00106936 0.00717016 0.00765990 0.01494977 0.01000917 0.00367240 0.00488388 0.01113065 0.00815649 0.00056622 0.00031944 0.01148055 0.00093087 0.00000000 0.00086664 0.00135090 0.00605818
0.03560780 0.03029512 0.03472410 0.03796217 0.02824453 0.03193136 0.03162088 0.02837437 0.02620161 0.03076185 0.02340732 0.02210941 0.02875740 0.02401941 0.03583513 0.01721203 0.02332923 0.03179735 0.01569824 0.01672772 0.00609422 0.01193348 0.01964861 0.00575746 0.00821019 0.01281616 0.01963787 0.00514127 0.00836050 0.00957198 0.01581875 0.00061698 0.00338298 0.00487014 0.01616865 0.00023333 0.00086664 0.00000000 0.00603900 0.01074628
0.03897772 0.03027937 0.03470835 0.03351091 0.02822878 0.04073972 0.03160513 0.03001618 0.02618586 0.03079022 0.02499462 0.02209366 0.02874165 0.02560670 0.02661950 0.01726732 0.02331348 0.02441866 0.01568249 0.01836953 0.00404871 0.01303972 0.01903304 0.00371530 0.01208725 0.00217035 0.01603152 0.01387881 0.00587819 0.00306152 0.01221240 0.01322761 0.00563733 0.00116887 0.00198996 0.00605261 0.00135090 0.00603900 0.00000000 0.00162118
0.03971494 0.04421893 0.03455249 0.03424813 0.03293606 0.04147694 0.03653180 0.03075340 0.03089314 0.03152744 0.02573184 0.02680093 0.03414729 0.02634392 0.02735672 0.02197460 0.02802076 0.02515588 0.02038976 0.01910675 0.01742019 0.01774700 0.01977027 0.01478180 0.01679452 0.00687762 0.00828335 0.01858608 0.01257143 0.00798009 0.01294962 0.01793489 0.01034461 0.00587614 0.00036878 0.01075989 0.00605818 0.01074628 0.00162118 0.00000000
