0.00000000 22.79088369 18.51932711 5.19299103 37.80588680 6.15543846 18.35972636 10.61076390 24.57232983 12.97630085 13.23608188 28.18951978 14.00930023 14.18690463 20.53665551 35.60847464 22.60334942 16.46838401 27.98890654 23.39055715 38.24842645 39.73206330 34.00646946 40.71464276 47.06685463 49.93625862 40.33064439 49.86533485 42.92881268 48.55775439 45.35008079 54.12176477 54.48645959 48.88807032 51.13942794 57.95555273 51.24132586 58.81475287 51.17191441 54.80860626
22.79088369 0.00000000 4.27155658 27.98387472 15.47028169 18.28431258 11.19547278 33.40164759 14.00624259 18.44375180 36.02696557 16.50696098 12.78817386 36.97778832 26.00410646 23.92591583 19.75023449 19.78858583 28.89118152 26.71075897 43.48125903 35.62014364 39.23930204 45.94747534 42.95493498 45.82433897 45.56347697 45.23890320 48.16164526 53.79058698 50.58291337 49.49533311 50.37453994 52.46597453 56.37226052 53.32912108 55.57710185 55.24583770 56.40474700 60.04143884
18.51932711 4.27155658 0.00000000 23.71231814 19.74183827 14.01275600 7.46682548 29.13009101 17.44765832 14.17219522 31.75540899 20.77851755 8.51661728 32.70623174 21.73254988 28.19747241 15.47867791 15.51702925 24.61962494 22.43920239 39.20970245 36.36278170 34.96774547 41.67591876 43.69757303 46.56697702 41.29192039 46.49605325 43.89008868 49.51903040 46.31135680 50.75248317 51.11717799 49.84934633 52.10070394 54.58627114 52.20260187 56.50298776 52.13319042 55.76988227
5.19299103 27.98387472 23.71231814 0.00000000 42.99887783 11.34842948 23.55271739 5.41777287 29.76532085 17.87320297 8.04309085 33.38251081 19.20229126 8.99391360 22.24613923 40.80146566 27.79634044 21.66137503 33.18189757 21.50861662 33.05543542 44.92505432 28.81347843 35.52165173 52.25984565 46.47587624 35.13765336 55.05832588 37.73582165 43.36476337 40.15708976 57.32645588 51.32961551 43.69507929 45.94643691 54.58955573 46.04833484 53.62176185 45.97892339 49.61561523
37.80588680 15.47028169 19.74183827 42.99887783 0.00000000 33.29931569 24.21373587 48.41665070 13.98961518 33.45746050 51.04196868 12.24834143 23.79658656 51.99279143 41.01781515 18.82357451 25.50469269 34.80358894 25.38491393 41.72576208 55.37900155 31.36152410 54.25430515 52.00185332 38.69631543 41.56571943 60.57848008 40.98028365 55.73856483 55.32007679 65.59791648 45.23671357 46.11592040 48.20735498 65.67060036 49.07050154 51.31848231 50.98721816 55.28487824 62.00142204
6.15543846 18.28431258 14.01275600 11.34842948 33.29931569 0.00000000 13.85315525 16.76620236 20.06575872 7.32979478 19.39152034 23.68294868 9.50272913 20.34234309 14.89014944 31.10190353 18.09677831 11.96181290 23.48233543 18.88398604 35.65448610 35.22549219 31.41252911 38.12070241 42.56028352 45.42968751 37.73670404 45.35876374 40.33487233 45.96381405 42.75614044 49.61519366 49.97988849 46.29412997 48.54548759 53.44898163 48.64738552 55.36569825 48.57797407 52.21466591
18.35972636 11.19547278 7.46682548 23.55271739 24.21373587 13.85315525 0.00000000 28.97049026 14.97536578 14.01259447 31.59580824 18.59255574 6.04432474 32.54663099 21.57294913 26.01151059 13.00638537 15.35742850 22.62155226 22.27960164 39.05010170 34.36470901 34.80814471 41.51631801 41.69950034 44.56890434 41.13231964 44.49798057 43.73048793 49.35942965 46.15175604 48.75441048 49.11910531 49.68974557 51.94110319 52.58819845 52.04300112 54.50491507 51.97358967 55.61028151
10.61076390 33.40164759 29.13009101 5.41593459 48.41665070 16.76620236 28.97049026 0.00000000 35.18309373 18.59367097 3.32552287 38.80028368 24.62006414 3.57614073 16.82836636 46.21923854 33.21411332 27.07914791 38.59731439 16.09084375 27.63766255 50.34047115 23.39570556 30.10387885 56.29502818 41.05810336 29.71988048 55.98854680 32.31804877 37.94699049 34.73931689 51.90868300 45.91184263 38.27730642 40.52866404 49.17178285 40.63056196 48.20398897 40.56115051 44.19784236
24.57232983 14.00624259 17.44765832 29.76532085 13.98961518 20.06575872 14.97536578 35.18309373 0.00000000 20.22519794 37.80841170 4.72097060 10.56302959 38.75923446 27.78555260 12.13992545 12.40479509 21.57003197 17.85754310 28.49220511 45.26270517 23.83415327 41.02074818 44.47448249 31.16894460 34.03834859 47.34492311 33.45291282 48.21119400 47.79270595 52.36435951 37.70934274 38.58854956 40.67998415 58.14322953 41.54313070 43.79111147 43.45984733 47.75750741 54.47405121
12.97630085 18.44245738 14.17090081 17.87320297 33.45746050 7.32979478 14.01130005 18.59367097 20.22390352 0.00000000 21.25927310 23.84109348 9.66087393 19.32419479 7.56035466 31.26004833 18.25492311 10.22010560 23.12178168 17.18941444 32.30166579 34.86493844 28.05970880 34.76788210 42.19972977 45.72210661 34.38388373 44.99820999 36.98205202 42.61099374 39.40332013 49.25463991 49.61933473 42.94130966 45.19266728 53.08842788 45.29456521 52.86799222 45.22515376 48.86184560
13.23608188 36.02696557 31.75540899 8.04125257 51.04196868 19.39152034 31.59580824 3.32552287 37.80841170 21.25927310 0.00000000 41.42560166 27.24538211 3.56378754 16.81601317 48.84455652 35.83943130 27.72310106 41.22498842 16.07849056 26.22614226 52.96578913 21.46058626 28.69235857 54.88350790 39.64658308 28.30836020 54.57702652 30.90652849 36.53547021 33.32779661 50.49716272 44.50032235 36.86578614 39.11714376 47.76026257 39.21904168 46.79246869 39.14963023 42.78632208
28.18951978 16.50696098 20.77851755 33.38251081 12.24834143 23.68294868 18.59255574 38.80028368 4.72097060 23.84109348 41.42560166 0.00000000 14.18021955 42.37642441 31.40144814 7.41895485 15.88832567 25.18722192 13.13657250 32.10939507 43.13066012 19.11318267 44.63793814 39.75351189 26.44797400 29.31737799 50.96211306 28.73194222 43.49022340 43.07173535 55.98154947 32.98837214 33.86757896 35.95901355 53.42225893 36.82216010 39.07014087 38.73887673 43.03653681 49.75308061
14.00930023 12.78817386 8.51661728 19.20229126 23.79658656 9.50272913 6.04432474 24.62006414 10.56302959 9.66216835 27.24538211 14.18021955 0.00000000 28.19620487 17.22252301 21.59917440 8.59404918 11.00700238 16.57722751 17.92917552 34.69967558 28.31802822 30.45771859 37.16589189 35.65281955 38.52222355 36.78189352 38.45129978 39.38006181 45.00900353 41.80132992 42.70772969 43.07242452 45.33931945 47.59067707 46.54151766 47.69257499 48.45823428 47.62316354 51.25985539
14.18690463 36.97778832 32.70623174 8.99207532 51.99279143 20.34234309 32.54663099 3.57614073 38.75923446 19.32419479 3.56378754 42.37642441 28.19620487 0.00000000 13.43562070 49.79537927 36.79025405 24.35913903 42.17581117 12.71452854 24.26134734 53.65469585 20.01939035 26.72756364 52.91871297 37.68178815 26.34356527 52.61223159 28.94173357 34.57067528 31.36300168 48.53236779 42.53552742 34.90099121 37.15234883 45.79546764 37.25424675 44.82767376 37.18483530 40.82152715
20.53665551 26.00410646 21.73254988 22.24613923 41.01781515 14.89014944 21.57165471 16.82836636 27.78425818 7.56035466 16.81601317 31.40144814 17.22122859 13.43562070 0.00000000 38.82040299 25.81527777 12.61021915 30.68213634 9.62905978 24.74131113 42.42529310 20.49935414 27.20752744 49.76008443 38.16175195 26.82352907 53.09219539 29.42169736 35.05063908 31.84296547 49.01233159 43.01549122 35.38095500 37.63231262 46.27543144 37.73421055 45.30763756 37.66479910 41.30149094
35.60847464 23.92591583 28.19747241 40.80146566 18.82357451 31.10190353 26.01151059 46.21923854 12.13992545 31.26004833 48.84455652 7.41895485 21.59917440 49.79537927 38.82040299 0.00000000 18.45056405 32.60617678 9.25606908 39.52834992 38.86156843 14.84409097 50.81973696 35.48442019 22.17888231 25.04828630 54.01444145 24.46285053 39.22113171 38.80264366 53.14988644 28.71928044 29.59848727 31.68992186 49.15316724 32.55306841 34.80104918 34.46978503 38.76744512 45.48398892
22.60334942 19.75023449 15.47867791 27.79634044 25.50469269 18.09677831 13.00638537 33.21411332 12.40479509 18.25621753 35.83943130 15.88832567 8.59404918 36.79025405 25.81657219 18.45056405 0.00000000 19.60105156 10.26171203 26.52322470 43.29372476 22.49320289 39.05176777 43.13353211 29.82799422 32.69739821 45.37594270 32.62647444 46.87024362 46.45175557 50.39537910 36.88290436 37.24759918 39.33903377 56.18472625 40.71669233 42.45016109 42.63340895 46.41655703 53.13310083
16.46838401 19.78858583 15.51702925 21.66137503 34.80358894 11.96181290 15.35742850 27.07914791 21.57003197 10.22010560 27.72310106 25.18722192 11.00700238 24.35913903 12.61021915 32.60617678 19.60105156 0.00000000 24.46791013 11.64461049 28.41511055 36.21106688 24.17315357 30.88132686 43.54585822 41.83555137 30.49732849 46.34433844 33.09549678 38.72443850 35.51676489 50.60076835 46.68929064 39.05475442 41.30611204 49.94923086 41.40800997 48.98143698 41.33859852 44.97529036
27.98890654 28.89118152 24.61962494 33.18189757 25.38491393 23.48233543 22.62155226 38.59731439 17.85754310 23.12178168 41.22263237 13.13657250 16.57722751 42.17345512 30.67978029 9.25606908 10.26171203 24.46791013 0.00000000 31.38772722 36.24896831 12.23149086 43.91627029 32.87182008 19.56628219 22.43568618 50.24044522 22.36476241 36.60853159 36.19004355 50.53728632 26.62119233 26.98588715 29.07732174 46.54056712 30.45498030 32.18844906 32.37169692 36.15484500 42.87138880
23.39055715 26.71075897 22.43920239 21.50861662 41.72576208 18.88398604 22.27960164 16.09084375 28.49220511 17.18941444 16.07849056 32.10939507 17.92917552 12.71452854 9.62905978 39.52834992 26.52322470 11.64461049 31.39008327 0.00000000 17.12725005 43.13324003 12.88529306 19.59346635 45.78461568 30.54769086 19.20946798 45.47813430 21.80763628 27.43657799 24.22890439 41.39827050 35.40143013 27.76689392 30.01825154 38.66137035 30.12014946 37.69357647 30.05073801 33.68742986
38.24842645 43.48125903 39.20970245 33.05543542 55.37900155 35.65448610 39.05010170 27.63766255 45.26270517 32.30166579 26.22614226 43.13066012 34.69967558 24.26134734 24.74131113 38.86156843 43.29372476 28.41511055 36.24896831 17.12725005 0.00000000 30.69059310 13.25541312 3.39226711 29.95461022 14.71768540 16.45011761 29.64812884 8.12161626 12.87188471 21.48692907 25.56826504 19.57142467 11.93688846 24.60645467 22.83136489 14.29014400 21.86357101 14.22073255 20.93727635
39.73206330 35.62014364 36.36278170 44.92505432 31.36152410 35.22549219 34.36470901 50.34047115 23.83415327 34.86493844 52.96578913 19.11318267 28.32038427 53.65469585 42.42293705 14.84409097 22.49320289 36.21106688 12.23149086 43.13088398 30.69059310 0.00000000 42.64876164 27.31344487 9.53891219 16.87731098 45.84346613 13.45007096 31.05015639 30.63166834 44.97891112 17.33272145 16.95851716 23.51894653 40.98219191 21.16650941 22.61001046 22.58433233 30.59646979 37.31301359
34.00646946 39.23930204 34.96774547 28.81347843 54.25430515 31.41252911 34.80814471 23.39570556 41.02074818 28.05970880 21.46058626 44.63793814 30.45771859 20.01939035 20.49935414 50.81973696 39.05176777 24.17315357 43.91862634 12.88529306 13.25541312 42.64876164 0.00000000 15.72162943 41.91277876 26.67585394 10.40856191 41.60629738 17.93579935 23.56474107 16.67724288 37.52643358 31.52959321 23.89505700 21.21734547 34.78953343 26.24831254 33.82173955 26.17890109 24.88652379
40.71464276 45.94747534 41.67591876 35.51981345 52.00185332 38.12070241 41.51631801 30.10387885 44.47448249 34.76788210 28.69235857 39.75351189 37.16589189 26.72756364 27.20752744 35.48442019 43.13353211 30.88132686 32.87182008 19.59346635 3.39226711 27.31344487 15.72162943 0.00000000 26.57746199 11.34053717 18.91633392 26.27098061 5.62072153 9.47961760 19.46258088 22.19111681 16.19427644 8.55974023 21.22930644 19.45421666 10.91299577 18.48642278 10.84358432 17.56012812
47.06449858 42.95493498 43.69521698 52.25748961 38.69631543 42.55792747 41.69714430 56.29502818 31.16894460 42.19737372 54.88350790 26.44797400 35.65281955 52.91871297 49.75772838 22.17888231 29.82799422 43.54350217 19.56628219 45.78461568 29.95461022 9.53891219 41.91277876 26.57746199 0.00000000 17.64190219 45.10748325 3.91115876 30.31417351 29.37954964 43.72679242 7.79380925 10.38318555 18.80107337 39.73007322 11.62759722 16.03467886 13.54431384 29.34435110 36.06089490
49.93625862 45.82433897 46.56697702 46.47403796 41.56571943 45.42968751 44.56890434 41.05810336 34.03834859 45.72210661 39.64658308 29.31737799 38.52457959 37.68178815 38.16175195 25.04828630 32.69739821 41.83555137 22.43568618 30.54769086 14.71768540 16.87731098 26.67585394 11.34053717 17.64190219 0.00000000 29.87055843 21.55306095 15.07724869 14.65876064 29.00600342 21.93528720 15.93844683 7.54603884 25.00928421 19.19838705 10.65716616 18.23059317 14.62356210 21.34010589
40.33064439 45.56347697 41.29192039 35.13581508 60.57848008 37.73670404 41.13231964 29.71988048 47.34492311 34.38388373 28.30836020 50.96211306 36.78189352 26.34356527 26.82352907 54.01444145 45.37594270 30.49732849 50.24280127 19.20946798 16.45011761 45.84346613 10.40856191 18.91633392 45.10748325 29.87055843 0.00000000 44.80100187 20.10060371 20.60598714 10.65326750 40.72113807 34.72429770 27.08976148 10.80878355 37.98423792 29.44301703 37.01644404 21.19479065 14.47796187
49.86533485 45.23890320 46.49605325 55.05832588 40.98028365 45.35876374 44.49798057 55.98854680 33.45291282 44.99820999 54.57702652 28.73194222 38.45365582 52.61223159 53.09219539 24.46285053 32.62647444 46.34433844 22.36476241 45.47813430 29.64812884 13.45007096 41.60629738 26.27098061 3.91115876 21.55306095 44.80100187 0.00000000 30.00769212 29.07306826 43.42031104 4.25642992 13.00822321 18.49459198 39.42359184 8.09021788 15.72819748 10.00693451 29.03786972 35.75441352
42.92881268 48.16164526 43.89008868 37.73398337 55.73856483 40.33487233 43.73048793 32.31804877 48.21119400 36.98205202 30.90652849 43.49022340 39.38006181 28.94173357 29.42169736 39.22113171 46.87024362 33.09549678 36.60853159 21.80763628 8.12161626 31.05015639 17.93579935 5.62072153 30.31417351 15.07724869 20.10060371 30.00769212 0.00000000 6.87523013 13.84185935 25.92782833 19.93098795 12.29645174 20.51967046 23.19092817 14.64970728 22.22313429 11.57144815 18.28827692
48.55775439 53.79058698 49.51903040 43.36292509 55.32007679 45.96381405 49.35942965 37.94699049 47.79270595 42.61099374 36.53547021 43.07173535 45.00900353 34.57067528 35.05063908 38.80264366 46.45175557 38.72443850 36.19004355 27.43657799 12.87188471 30.63166834 23.56474107 9.47961760 29.37983462 14.65876064 20.60598714 29.07335324 6.87523013 0.00000000 14.34724278 24.99348944 18.99664907 11.36758621 17.26674196 22.25658929 13.71536840 21.28879541 6.88073486 13.59756364
45.35008079 50.58291337 46.31135680 40.15525148 65.59791648 42.75614044 46.15175604 34.73931689 52.36435951 39.40332013 33.32779661 55.98154947 41.80132992 31.36300168 31.84296547 53.15017142 50.39537910 35.51676489 50.53757130 24.22890439 21.48692907 44.97919610 16.67724288 19.46258088 43.72707740 29.00628840 10.65326750 43.42059602 13.84185935 14.34724278 0.00000000 39.34073222 33.34389185 25.71482899 15.05226341 36.60383207 28.06261118 35.63603819 21.22797764 18.72144174
54.11940872 49.49533311 50.75012712 57.32461760 45.23671357 49.61283761 48.75205443 51.90868300 37.70934274 49.25228386 50.49716272 32.98837214 42.70772969 48.53236779 49.01233159 28.71928044 36.88290436 50.59841231 26.62119233 41.39827050 25.56826504 17.33272145 37.52643358 22.19111681 7.79380925 21.93528720 40.72113807 4.25642992 25.92782833 24.99320446 39.34044724 0.00000000 8.92835941 14.41472818 35.34372804 4.01035409 11.64833368 5.92707071 24.95800592 31.67454972
54.48645959 50.37453994 51.11717799 51.32777723 46.11592040 49.97988849 49.11910531 45.91184263 38.58854956 49.61933473 44.50032235 33.86757896 43.07478057 42.53552742 43.01549122 29.59848727 37.24759918 46.68929064 26.98588715 35.40143013 19.57142467 16.95851716 31.52959321 16.19427644 10.38318555 15.93844683 34.72429770 13.00822321 19.93098795 18.99636409 33.34360687 8.92835941 0.00000000 8.41788781 29.34688767 6.19145926 5.65149331 5.62581518 18.96116555 25.67770935
48.88807032 52.46597453 49.84934633 43.69324101 48.20735498 46.29412997 49.68974557 38.27730642 40.67998415 42.94130966 36.86578614 35.95901355 45.33931945 34.90099121 35.38095500 31.68992186 39.33903377 39.05475442 29.07732174 27.76689392 11.93688846 23.51894653 23.89505700 8.55974023 18.80107337 7.54603884 27.08976148 18.49459198 12.29645174 11.36730123 25.71454401 14.41472818 8.41788781 0.00000000 21.71782480 11.67782803 3.13660714 10.71003415 11.33210268 18.04864648
51.13942794 56.37226052 52.10070394 45.94459863 65.67060036 48.54548759 51.94110319 40.52866404 58.14322953 45.19266728 39.11714376 53.42225893 47.59067707 37.15234883 37.63231262 49.15316724 56.18472625 41.30611204 46.54056712 30.01825154 24.60645467 40.98219191 21.21734547 21.22930644 39.73035820 25.00928421 10.80878355 39.42387682 20.51967046 17.26674196 15.05226341 35.34401302 29.34717265 21.71810978 0.00000000 32.60711287 24.06589198 31.63931899 10.38600710 3.66917832
57.95555273 53.32912108 54.58627114 54.58771744 49.07050154 53.44898163 52.58819845 49.17178285 41.54313070 53.08842788 47.76026257 36.82216010 46.54387371 45.79546764 46.27543144 32.55306841 40.71669233 49.94923086 30.45498030 38.66137035 22.83136489 21.16650941 34.78953343 19.45421666 11.62759722 19.19838705 37.98423792 8.09021788 23.19092817 22.25630431 36.60354709 4.01035409 6.19145926 11.67782803 32.60682789 0.00000000 8.91143353 1.95583929 22.22110577 28.93764956
51.24132586 55.57710185 52.20260187 46.04649656 51.31848231 48.64738552 52.04300112 40.63056196 43.79111147 45.29456521 39.21904168 39.07014087 47.69257499 37.25424675 37.73421055 34.80104918 42.45016109 41.40800997 32.18844906 30.12014946 14.29014400 22.61001046 26.24831254 10.91299577 16.03467886 10.65716616 29.44301703 15.72819748 14.64970728 13.71508342 28.06232620 11.64833368 5.65149331 3.13660714 24.06560700 8.91143353 0.00000000 7.94363965 13.67988488 20.39642868
58.81475287 55.24583770 56.50298776 53.61992357 50.98721816 55.36569825 54.50491507 48.20398897 43.45984733 52.86799222 46.79246869 38.73887673 48.46059033 44.82767376 45.30763756 34.46978503 42.63340895 48.98143698 32.37169692 37.69357647 21.86357101 22.58433233 33.82173955 18.48642278 13.54431384 18.23059317 37.01644404 10.00693451 22.22313429 21.28851043 35.63575321 5.92707071 5.62581518 10.71003415 31.63903401 1.95583929 7.94363965 0.00000000 21.25331189 27.96985569
51.17162943 56.40446202 52.13290544 45.97680013 55.28459326 48.57768909 51.97330469 40.56086553 47.75722243 45.22486878 39.14934525 43.03625183 47.62287856 37.18455032 37.66451412 38.76716014 46.41627205 41.33831354 36.15456002 30.05045303 14.22044757 30.59618481 26.17861611 10.84329934 29.34435110 14.62327712 21.19479065 29.03786972 11.57144815 6.88073486 21.22797764 24.95800592 18.96116555 11.33210268 10.38600710 22.22110577 13.67988488 21.25331189 0.00000000 6.71682878
54.80860626 60.04143884 55.76988227 49.61377695 62.00142204 52.21466591 55.61028151 44.19784236 54.47405121 48.86184560 42.78632208 49.75308061 51.25985539 40.82152715 41.30149094 45.48398892 53.13310083 44.97529036 42.87138880 33.68742986 20.93727635 37.31301359 24.88652379 17.56012812 36.06117988 21.34010589 14.47796187 35.75469849 18.28827692 13.59756364 18.72144174 31.67483470 25.67799433 18.04893146 3.66917832 28.93793454 20.39671366 27.97014067 6.71682878 0.00000000
