0.00000000 200.91168825 130.19595949 77.32590181 75.01219331 161.12489168 235.78174593 139.23759005 131.61017306 145.02438662 194.42135624 265.39191899 195.62236636 190.37972568 237.87720036 250.91883092 214.58073580 238.52186130 305.44574285 290.70562748 326.09040380
200.91168825 0.00000000 120.48023074 250.63961031 189.39696962 89.22539674 100.66904756 162.30865787 273.20815280 208.37972568 171.61017306 169.85281374 198.35028843 324.56349186 214.86500705 210.99494937 300.01933598 255.77669530 252.99494937 362.20310217 317.11984105
130.19595949 120.48023074 0.00000000 139.45584412 78.21320344 41.69848481 116.35533906 72.94112550 162.02438662 98.02438662 118.66904756 145.96551211 129.81118318 214.20815280 162.12489168 176.72287143 189.66399692 187.23759005 225.59292911 251.84776311 262.72287143
77.32590181 250.63961031 139.45584412 0.00000000 62.07106781 165.55634919 240.21320344 142.25483400 56.04163056 99.39696962 197.43860018 269.82337649 149.99494937 114.81118318 205.66399692 253.93607486 158.12489168 178.79393924 302.70562748 215.13708499 270.50461736
75.01219331 189.39696962 78.21320344 62.07106781 0.00000000 104.31370850 178.97056275 81.01219331 83.81118318 72.35533906 136.19595949 206.58073580 122.95331881 135.99494937 178.62236636 192.69343418 153.36753237 165.85281374 247.22034611 218.37972568 253.42135624
161.12489168 89.22539674 41.69848481 165.55634919 104.31370850 0.00000000 78.79898987 73.08326112 188.12489168 123.29646456 92.52691193 112.36753237 109.12489168 239.48023074 140.61017306 143.12489168 214.93607486 166.55129855 191.99494937 277.11984105 241.69343418
235.78174593 100.66904756 116.35533906 240.21320344 178.97056275 78.79898987 0.00000000 123.43860018 262.78174593 173.46803743 74.25483400 76.01219331 139.39696962 271.02438662 117.50966799 113.63961031 243.99494937 196.82337649 155.63961031 306.17871555 219.76450199
139.23759005 162.30865787 72.94112550 142.25483400 81.01219331 73.08326112 123.43860018 0.00000000 149.06601718 65.56854249 58.11269837 128.49747468 56.87005769 180.58073580 101.56854249 114.61017306 156.03657993 114.29646456 169.13708499 218.22034611 189.78174593
131.61017306 273.20815280 162.02438662 56.04163056 83.81118318 188.12489168 262.78174593 149.06601718 0.00000000 91.29646456 179.25483400 247.15432893 126.49747468 67.59797975 182.16652224 239.49242405 103.74011537 123.33809512 279.20815280 149.98275606 215.04877324
145.02438662 208.37972568 98.02438662 99.39696962 72.35533906 123.29646456 173.46803743 65.56854249 91.29646456 0.00000000 99.21320344 167.94112550 50.59797975 116.18376618 106.26702730 153.46803743 91.63961031 93.49747468 203.30865787 153.82337649 181.06601718
194.42135624 171.61017306 118.66904756 197.43860018 136.19595949 92.52691193 74.25483400 58.11269837 179.25483400 99.21320344 0.00000000 70.38477631 65.14213562 196.76955262 52.62741700 61.76955262 169.74011537 122.56854249 116.29646456 233.09545443 153.71067812
265.39191899 169.85281374 145.96551211 269.82337649 206.58073580 112.36753237 76.01219331 128.49747468 247.15432893 167.94112550 70.38477631 0.00000000 133.04163056 264.66904756 110.32590181 55.91168825 237.63961031 194.95331881 97.91168825 291.53910524 162.03657993
195.62236636 198.35028843 129.81118318 149.99494937 122.95331881 109.12489168 139.39696962 56.87005769 126.49747468 50.59797975 65.14213562 133.04163056 0.00000000 144.01219331 58.59797975 115.92388155 116.15432893 57.42640687 155.63961031 167.95331881 136.22539674
190.37972568 324.56349186 214.20815280 114.81118318 135.99494937 239.48023074 271.02438662 180.58073580 67.59797975 116.18376618 196.76955262 264.66904756 144.01219331 0.00000000 210.89444430 258.43860018 59.25483400 133.33809512 277.02438662 100.32590181 210.52186130
237.87720036 214.86500705 162.12489168 205.66399692 178.62236636 140.61017306 117.50966799 101.56854249 182.16652224 106.26702730 52.62741700 110.32590181 58.59797975 210.89444430 0.00000000 57.32590181 159.25483400 92.08326112 110.68124087 188.66904756 101.08326112
250.91883092 210.99494937 176.72287143 253.93607486 192.69343418 143.12489168 113.63961031 114.61017306 239.49242405 153.46803743 61.76955262 55.91168825 115.92388155 258.43860018 57.32590181 0.00000000 206.79898987 139.62741700 54.52691193 236.21320344 106.71067812
214.58073580 300.01933598 189.66399692 158.12489168 153.36753237 214.93607486 243.99494937 156.03657993 103.74011537 91.63961031 169.74011537 237.63961031 116.15432893 59.25483400 159.25483400 206.79898987 0.00000000 81.69848481 225.38477631 62.18376618 158.88225099
238.52186130 255.77669530 187.23759005 178.79393924 165.85281374 166.55129855 196.82337649 114.29646456 123.33809512 93.49747468 122.56854249 194.95331881 57.42640687 133.33809512 92.08326112 139.62741700 81.69848481 0.00000000 158.21320344 111.11269837 91.71067812
305.44574285 252.99494937 225.59292911 302.70562748 247.22034611 191.99494937 155.63961031 169.13708499 279.20815280 203.30865787 116.29646456 97.91168825 155.63961031 277.02438662 110.68124087 54.52691193 225.38477631 158.21320344 0.00000000 254.79898987 120.16652224
290.70562748 362.20310217 251.84776311 215.13708499 218.37972568 277.11984105 306.17871555 218.22034611 149.98275606 153.82337649 233.09545443 291.53910524 167.95331881 100.32590181 188.66904756 236.21320344 62.18376618 111.11269837 254.79898987 0.00000000 177.81118318
326.09040380 317.11984105 262.72287143 270.50461736 253.42135624 241.69343418 219.76450199 189.78174593 215.04877324 181.06601718 153.71067812 162.03657993 136.22539674 210.52186130 101.08326112 106.71067812 158.88225099 91.71067812 120.16652224 177.81118318 0.00000000
