0.00000000 86.97622600 47.74591318 35.50022825 34.21095852 94.57857236 111.23712912 85.40689370 57.89682359 59.93679098 108.82927207 127.48096154 97.98998129 63.40840445 134.89505713 133.08448419 109.24345424 108.71622805 148.92146848 72.39470979 121.79141277
86.97622600 0.00000000 47.81583360 118.83680813 88.93264646 33.37004278 20.25559225 71.83380761 118.39631823 86.66811668 30.95158974 25.27397597 98.87873325 129.93534964 44.56026622 34.44428817 125.71759547 112.94687509 44.45662917 134.14326059 59.14843411
47.74591318 47.81583360 0.00000000 87.44644098 57.54227931 13.44740594 29.87472791 36.54326283 87.00595108 54.60584882 61.41640216 46.38806756 67.00593818 97.87308179 87.48218722 61.36845501 93.65532762 81.07408002 62.44151321 102.08099274 87.82629233
35.50022825 118.83680813 87.44644098 0.00000000 31.50929636 89.20685742 105.86541417 82.15704156 24.33191767 44.79262167 105.57941992 122.10924659 82.84581198 29.84349853 93.79278928 129.83463205 60.21731595 111.01132568 109.26583349 38.82980387 124.90361207
34.21095852 88.93264646 57.54227931 31.50929636 0.00000000 59.30269575 75.96125250 50.85759163 29.46642819 26.38231642 74.27996999 86.08442866 64.43550673 60.41886902 75.38248403 98.53518212 77.07700525 75.16175350 114.37216641 70.76613447 88.23693822
94.57857236 33.37004278 13.44740594 89.20685742 59.30269575 0.00000000 20.10008839 38.46376483 88.76636751 57.03816596 58.64648325 39.43222705 65.50869047 100.30539893 53.95609721 54.41261450 96.08764476 79.57683231 55.48567270 104.51330988 71.62493004
111.23712912 20.25559225 29.87472791 105.86541417 75.96125250 20.10008839 0.00000000 53.72836868 105.42492427 77.39818968 11.05326883 8.50486262 52.92288927 106.77066677 24.66194532 14.54596727 100.58549016 66.99103112 24.55830826 52.23312557 39.25011320
85.40689370 71.83380761 36.54326283 82.15704156 50.85759163 38.46376483 53.72836868 0.00000000 57.80266783 24.64672692 27.22803009 39.03248876 30.42096655 69.30457289 53.29381515 51.48324222 65.08681872 44.48910839 67.32022651 73.51248384 51.24132070
57.89682359 118.39631823 87.00595108 24.33191767 29.46642819 88.76636751 105.42492427 57.80266783 0.00000000 36.44743400 134.45704093 151.79227895 101.42562941 32.39753258 112.67373255 130.47382788 38.72718722 105.96410971 128.14677676 42.74479804 119.85639610
59.93679098 86.66811668 54.60584882 44.79262167 26.38231642 57.03816596 77.39818968 24.64672692 36.44743400 0.00000000 64.88629785 82.75745645 38.11360647 44.52449738 49.06058376 94.43720181 40.30674321 48.83985324 64.53362797 48.73240833 61.91503795
108.82927207 30.95158974 61.41640216 105.57941992 74.27996999 58.64648325 11.05326883 27.22803009 134.45704093 64.88629785 0.00000000 10.12724494 35.13254374 94.25877494 18.46010466 19.19216333 88.07359833 49.20068558 35.02914762 67.32255041 36.12893749
127.48096154 25.27397597 46.38806756 122.10924659 86.08442866 39.43222705 8.50486262 39.03248876 151.79227895 82.75745645 10.12724494 0.00000000 51.30206105 111.59401296 22.94147322 7.60610808 105.40883635 31.21482800 17.60502545 46.76137671 32.29683039
97.98998129 98.87873325 67.00593818 82.84581198 64.43550673 65.50869047 52.92288927 30.42096655 101.42562941 38.11360647 35.13254374 51.30206105 0.00000000 61.22736342 12.10282833 29.90292366 54.23761762 14.12607164 27.57587254 32.24793647 20.62949869
63.40840445 129.93534964 97.87308179 29.84349853 60.41886902 100.30539893 106.77066677 69.30457289 32.39753258 44.52449738 94.25877494 111.59401296 61.22736342 0.00000000 33.55029751 43.26619054 8.54672738 22.39019024 45.57024838 8.98630534 33.65765363
134.89505713 44.56026622 87.48218722 93.79278928 75.38248403 53.95609721 24.66194532 53.29381515 112.67373255 49.06058376 18.46010466 22.94147322 12.10282833 33.55029751 0.00000000 18.05116719 28.66115542 13.77614994 34.16520052 29.32269866 19.42035123
133.08448419 34.44428817 61.36845501 129.83463205 98.53518212 54.41261450 14.54596727 51.48324222 130.47382788 94.43720181 19.19216333 7.60610808 29.90292366 43.26619054 18.05116719 0.00000000 38.37704845 23.49204298 15.17990045 39.03859169 24.57404536
109.24345424 125.71759547 93.65532762 60.21731595 77.07700525 96.08764476 100.58549016 65.08681872 38.72718722 40.30674321 88.07359833 105.40883635 54.23761762 8.54672738 28.66115542 38.37704845 0.00000000 17.50104815 40.68110629 8.42566512 28.76851154
108.71622805 112.94687509 81.07408002 111.01132568 75.16175350 79.57683231 66.99103112 44.48910839 105.96410971 48.83985324 49.20068558 31.21482800 14.12607164 22.39019024 13.77614994 23.49204298 17.50104815 0.00000000 25.79610082 18.16259139 13.88350606
148.92146848 44.45662917 62.44151321 109.26583349 114.37216641 55.48567270 24.55830826 67.32022651 128.14677676 64.53362797 35.02914762 17.60502545 27.57587254 45.57024838 34.16520052 15.17990045 40.68110629 25.79610082 0.00000000 41.34264953 41.29243981
72.39470979 134.14326059 102.08099274 38.82980387 70.76613447 104.51330988 52.23312557 73.51248384 42.74479804 48.73240833 67.32255041 46.76137671 32.24793647 8.98630534 29.32269866 39.03859169 8.42566512 18.16259139 41.34264953 0.00000000 23.98250668
121.79141277 59.14843411 87.82629233 124.90361207 88.23693822 71.62493004 39.25011320 51.24132070 119.85639610 61.91503795 36.12893749 32.29683039 20.62949869 33.65765363 19.42035123 24.57404536 28.76851154 13.88350606 41.29243981 23.98250668 0.00000000
