0.00000000 139.04704509 88.71145911 54.64139149 53.53644730 116.62988872 165.69529184 102.80326574 92.93113361 102.51640867 143.20588069 188.38783401 142.00943709 132.52698555 173.64529051 181.29701026 156.57082719 170.84079247 218.91784687 196.46288927 228.14804235
139.04704509 0.00000000 85.62788826 175.47928880 132.09675726 61.01716849 66.66614837 114.95655590 190.58203980 144.55875665 114.50466523 112.12293261 143.15975006 226.15563205 142.18693490 139.87868706 210.15025373 180.39965697 168.15551751 251.49984466 209.90207804
88.71145911 85.62788826 0.00000000 102.99329051 59.61075897 28.48831733 77.50747349 53.61531554 118.09604151 72.43543449 88.76085128 100.25391711 96.15962066 154.03230989 119.20026110 123.71348673 138.02693157 133.39952757 154.55687135 179.37652250 183.43347229
54.64139149 175.47928880 102.99329051 0.00000000 44.25398449 117.85798066 166.92338378 103.73375108 39.58439486 71.49590482 144.13636603 189.61592595 110.98893323 79.18024681 148.41082698 182.22749560 113.63885457 135.32705080 212.56114864 143.11615052 194.69352711
53.53644730 132.09675726 59.61075897 44.25398449 0.00000000 74.47544911 123.54085223 60.07216188 58.78725044 50.67512440 100.47477683 146.10958893 90.16815282 97.02993093 127.59004656 138.56590640 112.11577277 118.99950819 176.18674301 152.33465683 176.30675807
116.62988872 61.01716849 28.48831733 117.85798066 74.47544911 0.00000000 52.40155138 53.93938741 132.96073166 86.93744851 70.53475726 77.33791173 82.14258157 168.53432390 98.37609207 100.79748135 152.52894558 119.38248848 131.64086598 193.87853652 166.23932017
165.69529184 66.66614837 77.50747349 166.92338378 123.54085223 52.40155138 0.00000000 88.70847846 182.02613478 126.43254542 49.80410195 49.15199999 97.71733484 192.88516008 77.48637162 75.17812378 176.27231273 134.95724175 103.45495423 203.49493848 145.20151476
102.80326574 114.95655590 53.61531554 103.73375108 60.07216188 53.93938741 88.70847846 0.00000000 106.42304885 46.27192904 42.77320524 88.40801734 42.81945036 127.33989853 73.21261506 80.86433481 111.33452021 80.05935727 118.48517143 152.68411115 130.09330199
92.93113361 190.58203980 118.09604151 39.58439486 58.78725044 132.96073166 182.02613478 106.42304885 0.00000000 64.72768933 140.56835312 185.03591127 100.64740434 50.07039841 137.68644440 177.78081910 75.27802676 97.77084385 201.83676607 105.37512431 157.13732016
102.51640867 144.55875665 72.43543449 71.49590482 50.67512440 86.93744851 126.43254542 46.27192904 64.72768933 0.00000000 77.61077665 122.18446355 39.53175868 81.63780294 76.95365243 114.54631990 65.63242462 68.36311406 141.10397409 106.98201556 125.67036394
143.20588069 114.50466523 88.76085128 144.13636603 100.47477683 70.53475726 49.80410195 42.77320524 140.56835312 77.61077665 0.00000000 45.94509440 49.03644407 144.06339131 35.52460290 41.58564722 127.45054396 86.27635098 79.20648383 161.05317059 103.38783100
188.38783401 112.12293261 100.25391711 189.61592595 146.10958893 77.33791173 49.15199999 88.40801734 185.03591127 122.18446355 45.94509440 0.00000000 93.36466760 188.53094946 73.07661461 36.31656181 171.91810211 128.47861129 64.59188605 193.82847115 106.33844657
142.00943709 143.15975006 96.15962066 110.98893323 90.16815282 82.14258157 97.71733484 42.81945036 100.64740434 39.53175868 49.03644407 93.36466760 0.00000000 104.14244253 38.96616590 79.06054060 87.34691880 37.29732580 103.11648757 112.07414540 88.59829981
132.52698555 226.15563205 154.03230989 79.18024681 97.02993093 168.53432390 192.88516008 127.33989853 50.07039841 81.63780294 144.06339131 188.53094946 104.14244253 0.00000000 139.84631908 173.39225954 38.36895385 88.59701500 185.67307057 63.93590371 138.36435955
173.64529051 142.18693490 119.20026110 148.41082698 127.59004656 98.37609207 77.48637162 73.21261506 137.68644440 76.95365243 35.52460290 73.07661461 38.96616590 139.84631908 0.00000000 40.14458907 106.68904601 60.94388999 77.25421835 126.29374986 68.14841110
181.29701026 139.87868706 123.71348673 182.22749560 138.56590640 100.79748135 75.17812378 80.86433481 177.78081910 114.54631990 41.58564722 36.31656181 79.06054060 173.39225954 40.14458907 0.00000000 140.23498646 94.48983045 37.83280388 159.83969031 72.34966573
156.57082719 210.15025373 138.02693157 113.63885457 112.11577277 152.52894558 176.27231273 111.33452021 75.27802676 65.63242462 127.45054396 171.91810211 87.34691880 38.36895385 106.68904601 140.23498646 0.00000000 55.43974192 152.51579749 41.34959093 105.20708648
170.84079247 180.39965697 133.39952757 135.32705080 118.99950819 119.38248848 134.95724175 80.05935727 97.77084385 68.36311406 86.27635098 128.47861129 37.29732580 88.59701500 60.94388999 94.48983045 55.43974192 0.00000000 106.77064148 75.04444577 59.46193046
218.91784687 168.15551751 154.55687135 212.56114864 176.18674301 131.64086598 103.45495423 118.48517143 201.83676607 141.10397409 79.20648383 64.59188605 103.11648757 185.67307057 77.25421835 37.83280388 152.51579749 106.77064148 0.00000000 172.12050134 83.67776140
196.46288927 251.49984466 179.37652250 143.11615052 152.33465683 193.87853652 203.49493848 152.68411115 105.37512431 106.98201556 161.05317059 193.82847115 112.07414540 63.93590371 126.29374986 159.83969031 41.34959093 75.04444577 172.12050134 0.00000000 113.24601727
228.14804235 209.90207804 183.43347229 194.69352711 176.30675807 166.23932017 145.20151476 130.09330199 157.13732016 125.67036394 103.38783100 106.33844657 88.59829981 138.36435955 68.14841110 72.34966573 105.20708648 59.46193046 83.67776140 113.24601727 0.00000000
