0.00000000 125.01219331 68.55634919 56.69848481 33.87005769 36.55634919 51.59797975 134.97056275 61.65685425 86.32590181 120.62741700 101.55634919 98.84062043 83.76955262 82.38477631 125.02438662 175.68124087 131.78174593 176.95331881 139.78174593 157.99494937 164.23759005 157.78174593 190.03657993 174.55129855 198.06601718 203.65180362 239.52186130 218.96551211 230.37972568 251.93607486 229.99494937
125.01219331 0.00000000 190.25483400 68.31370850 154.74011537 119.18376618 160.18376618 58.97056275 129.79898987 190.81118318 218.56854249 92.38477631 111.66904756 188.25483400 165.39696962 229.50966799 182.69343418 222.45079349 105.79898987 126.46803743 248.27922061 198.96551211 155.33809512 190.86500705 225.17871555 195.62236636 278.60512242 197.25483400 216.52186130 281.19090886 209.66904756 227.55129855
68.55634919 190.25483400 0.00000000 121.94112550 46.62741700 83.01219331 57.38477631 174.39696962 101.08326112 77.76955262 61.97056275 140.98275606 138.26702730 100.04163056 117.08326112 118.08326112 176.29646456 132.39696962 216.37972568 179.20815280 151.05382387 164.85281374 197.20815280 190.65180362 175.16652224 237.59292911 196.71067812 278.94826817 254.35028843 230.99494937 291.36248173 272.00714267
56.69848481 68.31370850 121.94112550 0.00000000 86.42640687 50.87005769 91.87005769 90.94112550 89.04163056 122.49747468 150.25483400 124.35533906 126.22539674 119.94112550 107.28427125 161.19595949 211.85281374 167.95331881 137.76955262 158.43860018 194.16652224 200.40916293 187.30865787 208.89444430 210.72287143 227.59292911 239.82337649 229.22539674 248.49242405 266.55129855 241.63961031 259.52186130
33.87005769 154.74011537 46.62741700 86.42640687 0.00000000 36.38477631 17.72792206 127.76955262 54.45584412 56.55634919 84.31370850 94.35533906 91.63961031 55.65685425 70.45584412 95.25483400 145.91168825 102.01219331 169.75230868 132.58073580 128.22539674 134.46803743 150.58073580 160.26702730 144.78174593 190.86500705 173.88225099 232.32085117 211.76450199 200.61017306 244.73506474 222.79393924
36.55634919 119.18376618 83.01219331 50.87005769 36.38477631 0.00000000 43.48528137 113.97056275 40.65685425 74.11269837 101.87005769 80.55634919 77.84062043 71.55634919 58.89949494 112.81118318 163.46803743 119.56854249 155.95331881 118.78174593 145.78174593 152.02438662 136.78174593 160.50966799 162.33809512 177.06601718 191.43860018 218.52186130 197.96551211 218.16652224 230.93607486 208.99494937
51.59797975 160.18376618 57.38477631 91.87005769 17.72792206 43.48528137 0.00000000 133.45584412 60.14213562 47.21320344 74.97056275 100.04163056 97.32590181 46.31370850 76.72792206 85.91168825 136.56854249 92.66904756 175.43860018 138.26702730 118.88225099 125.12489168 156.26702730 150.92388155 135.43860018 197.86500705 164.53910524 238.00714267 214.62236636 191.26702730 250.42135624 232.27922061
134.97056275 58.97056275 174.39696962 90.94112550 127.76955262 113.97056275 133.45584412 0.00000000 73.31370850 164.08326112 191.84062043 35.89949494 62.21320344 161.52691193 114.76955262 202.78174593 134.40916293 174.16652224 66.62741700 78.18376618 199.99494937 150.68124087 107.05382387 142.58073580 176.89444430 147.33809512 230.32085117 158.08326112 168.23759005 232.90663761 170.49747468 179.26702730
61.65685425 129.79898987 101.08326112 89.04163056 54.45584412 40.65685425 60.14213562 73.31370850 0.00000000 90.76955262 118.52691193 39.89949494 40.69848481 88.21320344 48.87005769 129.46803743 125.63961031 136.22539674 116.46803743 86.91168825 162.43860018 141.91168825 104.91168825 133.81118318 168.12489168 145.19595949 208.09545443 186.65180362 166.09545443 230.76450199 199.06601718 177.12489168
86.32590181 190.81118318 77.76955262 122.49747468 56.55634919 74.11269837 47.21320344 164.08326112 90.76955262 0.00000000 31.07106781 130.66904756 127.95331881 55.38477631 107.35533906 53.62741700 106.04163056 62.14213562 206.06601718 173.01219331 86.59797975 94.59797975 181.92388155 120.39696962 104.91168825 167.33809512 132.25483400 240.45079349 184.09545443 160.74011537 246.90663761 201.75230868
120.62741700 218.56854249 61.97056275 150.25483400 84.31370850 101.87005769 74.97056275 191.84062043 118.52691193 31.07106781 0.00000000 158.42640687 155.71067812 72.59797975 135.11269837 63.38477631 121.59797975 77.69848481 233.82337649 188.56854249 96.35533906 110.15432893 197.48023074 135.95331881 120.46803743 182.89444430 142.01219331 256.00714267 199.65180362 176.29646456 262.46298680 217.30865787
101.55634919 92.38477631 140.98275606 124.35533906 94.35533906 80.55634919 100.04163056 35.89949494 39.89949494 130.66904756 158.42640687 0.00000000 49.38477631 128.11269837 81.35533906 169.36753237 135.49747468 175.25483400 91.01219331 96.76955262 201.08326112 151.76955262 114.76955262 143.66904756 177.98275606 155.05382387 231.40916293 182.46803743 175.95331881 240.62236636 194.88225099 186.98275606
98.84062043 111.66904756 138.26702730 126.22539674 91.63961031 77.84062043 97.32590181 62.21320344 40.69848481 127.95331881 155.71067812 49.38477631 0.00000000 125.39696962 53.72792206 167.74011537 88.59797975 128.35533906 78.11269837 48.21320344 154.18376618 104.87005769 66.21320344 96.76955262 131.08326112 106.49747468 184.50966799 147.95331881 127.39696962 192.06601718 160.36753237 138.42640687
83.76955262 188.25483400 100.04163056 119.94112550 55.65685425 71.55634919 46.31370850 161.52691193 88.21320344 55.38477631 72.59797975 128.11269837 125.39696962 0.00000000 104.79898987 55.31370850 100.69848481 56.79898987 203.50966799 167.66904756 83.01219331 89.25483400 176.58073580 115.05382387 99.56854249 161.99494937 128.66904756 235.10764774 178.75230868 155.39696962 241.56349186 196.40916293
82.38477631 165.39696962 117.08326112 107.28427125 70.45584412 58.89949494 76.72792206 114.76955262 48.87005769 107.35533906 135.11269837 81.35533906 53.72792206 104.79898987 0.00000000 146.05382387 117.84062043 152.81118318 130.18376618 83.69848481 179.02438662 134.11269837 98.76955262 126.01219331 160.32590181 139.05382387 213.75230868 179.33809512 159.95331881 212.05382387 191.75230868 170.98275606
125.02438662 229.50966799 118.08326112 161.19595949 95.25483400 112.81118318 85.91168825 202.78174593 129.46803743 53.62741700 63.38477631 169.36753237 167.74011537 55.31370850 146.05382387 0.00000000 83.28427125 39.38477631 223.30865787 150.25483400 37.65685425 70.08326112 157.40916293 95.88225099 80.39696962 142.82337649 83.31370850 215.93607486 159.58073580 125.05382387 222.39191899 177.23759005
175.68124087 182.69343418 176.29646456 211.85281374 145.91168825 163.46803743 136.56854249 134.40916293 125.63961031 106.04163056 121.59797975 135.49747468 88.59797975 100.69848481 117.84062043 83.28427125 0.00000000 43.89949494 144.16652224 71.11269837 76.35533906 35.04163056 80.18376618 50.79898987 58.91168825 81.84062043 112.33809512 154.95331881 100.25483400 114.74011537 161.40916293 116.25483400
131.78174593 222.45079349 132.39696962 167.95331881 102.01219331 119.56854249 92.66904756 174.16652224 136.22539674 62.14213562 77.69848481 175.25483400 128.35533906 56.79898987 152.81118318 39.38477631 43.89949494 0.00000000 183.92388155 110.87005769 38.21320344 35.97056275 123.29646456 61.76955262 46.28427125 108.71067812 99.71067812 181.82337649 125.46803743 102.11269837 188.27922061 143.12489168
176.95331881 105.79898987 216.37972568 137.76955262 169.75230868 155.95331881 175.43860018 66.62741700 116.46803743 206.06601718 233.82337649 91.01219331 78.11269837 203.50966799 130.18376618 223.30865787 144.16652224 183.92388155 0.00000000 87.94112550 209.75230868 160.43860018 105.94112550 151.08326112 186.65180362 126.08326112 240.07821049 92.28427125 143.91168825 212.23759005 104.69848481 157.71067812
139.78174593 126.46803743 179.20815280 158.43860018 132.58073580 118.78174593 138.26702730 78.18376618 86.91168825 173.01219331 188.56854249 96.76955262 48.21320344 167.66904756 83.69848481 150.25483400 71.11269837 110.87005769 87.94112550 0.00000000 136.69848481 87.38477631 30.04163056 88.05382387 113.59797975 69.15432893 167.02438662 99.74011537 90.05382387 154.72287143 112.15432893 101.08326112
157.99494937 248.27922061 151.05382387 194.16652224 128.22539674 145.78174593 118.88225099 199.99494937 162.43860018 86.59797975 96.35533906 201.08326112 154.18376618 83.01219331 179.02438662 37.65685425 76.35533906 38.21320344 209.75230868 136.69848481 0.00000000 49.31370850 136.63961031 75.11269837 59.04163056 122.05382387 64.14213562 195.16652224 138.81118318 105.88225099 201.62236636 156.46803743
164.23759005 198.96551211 164.85281374 200.40916293 134.46803743 152.02438662 125.12489168 150.68124087 141.91168825 94.59797975 110.15432893 151.76955262 104.87005769 89.25483400 134.11269837 70.08326112 35.04163056 35.97056275 160.43860018 87.38477631 49.31370850 0.00000000 87.32590181 25.79898987 26.21320344 72.74011537 79.63961031 145.85281374 89.49747468 82.04163056 152.30865787 107.15432893
157.78174593 155.33809512 197.20815280 187.30865787 150.58073580 136.78174593 156.26702730 107.05382387 104.91168825 181.92388155 197.48023074 114.76955262 66.21320344 176.58073580 98.76955262 157.40916293 80.18376618 123.29646456 105.94112550 30.04163056 136.63961031 87.32590181 0.00000000 61.52691193 105.49747468 42.62741700 171.06601718 108.91168825 63.52691193 128.19595949 115.56854249 74.55634919
190.03657993 190.86500705 190.65180362 208.89444430 160.26702730 160.50966799 150.92388155 142.58073580 133.81118318 120.39696962 135.95331881 143.66904756 96.76955262 115.05382387 126.01219331 95.88225099 50.79898987 61.76955262 151.08326112 88.05382387 75.11269837 25.79898987 61.52691193 0.00000000 43.97056275 46.94112550 97.98275606 120.05382387 63.69848481 96.28427125 126.50966799 81.35533906
174.55129855 225.17871555 175.16652224 210.72287143 144.78174593 162.33809512 135.43860018 176.89444430 168.12489168 104.91168825 120.46803743 177.98275606 131.08326112 99.56854249 160.32590181 80.39696962 58.91168825 46.28427125 186.65180362 113.59797975 59.04163056 26.21320344 105.49747468 43.97056275 0.00000000 90.91168825 54.01219331 164.02438662 99.32590181 60.79898987 170.48023074 123.87005769
198.06601718 195.62236636 237.59292911 227.59292911 190.86500705 177.06601718 197.86500705 147.33809512 145.19595949 167.33809512 182.89444430 155.05382387 106.49747468 161.99494937 139.05382387 142.82337649 81.84062043 108.71067812 126.08326112 69.15432893 122.05382387 72.74011537 42.62741700 46.94112550 90.91168825 0.00000000 129.02438662 82.28427125 20.89949494 86.15432893 88.74011537 37.72792206
203.65180362 278.60512242 196.71067812 239.82337649 173.88225099 191.43860018 164.53910524 230.32085117 208.09545443 132.25483400 142.01219331 231.40916293 184.50966799 128.66904756 213.75230868 83.31370850 112.33809512 99.71067812 240.07821049 167.02438662 64.14213562 79.63961031 171.06601718 97.98275606 54.01219331 129.02438662 0.00000000 198.05382387 120.56854249 50.76955262 196.22539674 127.49747468
239.52186130 197.25483400 278.94826817 229.22539674 232.32085117 218.52186130 238.00714267 158.08326112 186.65180362 240.45079349 256.00714267 182.46803743 147.95331881 235.10764774 179.33809512 215.93607486 154.95331881 181.82337649 92.28427125 99.74011537 195.16652224 145.85281374 108.91168825 120.05382387 164.02438662 82.28427125 198.05382387 0.00000000 80.79898987 155.18376618 46.69848481 77.28427125
218.96551211 216.52186130 254.35028843 248.49242405 211.76450199 197.96551211 214.62236636 168.23759005 166.09545443 184.09545443 199.65180362 175.95331881 127.39696962 178.75230868 159.95331881 159.58073580 100.25483400 125.46803743 143.91168825 90.05382387 138.81118318 89.49747468 63.52691193 63.69848481 99.32590181 20.89949494 120.56854249 80.79898987 0.00000000 77.69848481 83.11269837 18.48528137
230.37972568 281.19090886 230.99494937 266.55129855 200.61017306 218.16652224 191.26702730 232.90663761 230.76450199 160.74011537 176.29646456 240.62236636 192.06601718 155.39696962 212.05382387 125.05382387 114.74011537 102.11269837 212.23759005 154.72287143 105.88225099 82.04163056 128.19595949 96.28427125 60.79898987 86.15432893 50.76955262 155.18376618 77.69848481 0.00000000 153.35533906 84.62741700
251.93607486 209.66904756 291.36248173 241.63961031 244.73506474 230.93607486 250.42135624 170.49747468 199.06601718 246.90663761 262.46298680 194.88225099 160.36753237 241.56349186 191.75230868 222.39191899 161.40916293 188.27922061 104.69848481 112.15432893 201.62236636 152.30865787 115.56854249 126.50966799 170.48023074 88.74011537 196.22539674 46.69848481 83.11269837 153.35533906 0.00000000 70.48528137
229.99494937 227.55129855 272.00714267 259.52186130 222.79393924 208.99494937 232.27922061 179.26702730 177.12489168 201.75230868 217.30865787 186.98275606 138.42640687 196.40916293 170.98275606 177.23759005 116.25483400 143.12489168 157.71067812 101.08326112 156.46803743 107.15432893 74.55634919 81.35533906 123.87005769 37.72792206 127.49747468 77.28427125 18.48528137 84.62741700 70.48528137 0.00000000
