0.00000000 16.20689013 9.21851949 9.59830581 9.18740223 34.63907766 19.62012795 84.36091747 50.04339193 50.32792613 13.19633558 64.08115387 67.75981305 45.48143455 68.73251431 54.70772028 66.34304419 53.92930740 98.74429987 89.00503172 62.86283109 66.23745629 102.71581184 89.48016656 69.19202944 110.19189490 81.38542391 110.83013796 116.40993663 83.51777380 116.77853894 114.92089284
16.20689013 0.00000000 27.01591463 6.62408937 26.08334447 40.09810778 60.38556375 42.20160070 74.18723671 79.77561699 88.16000068 60.93971814 71.67234714 74.92912541 101.90943953 84.15541113 113.06958030 125.96874472 56.89196844 81.76326916 138.63466343 129.23790693 91.73263064 112.81032947 148.19322199 97.49689944 159.72474806 80.41700398 103.71494116 123.61093016 88.80271057 102.22589737
9.21851949 27.01591463 0.00000000 20.40733031 13.05791908 37.16933548 24.72616400 85.93199560 51.61447006 7.02397026 3.85921864 65.65223201 69.33089118 56.12674698 75.41618062 14.96649288 30.72596317 18.31222637 100.31537800 90.57610985 23.12199004 30.62037526 104.28688997 53.86308553 33.57494841 66.39696361 41.64458286 112.40121609 80.64042839 47.90069278 118.34961708 71.60443911
9.59830581 6.62408937 20.40733031 0.00000000 19.47476015 33.47401842 53.76147438 46.88743636 51.44988633 73.15152762 81.53591131 65.62555379 69.16630745 68.30503604 79.90312657 77.53132177 89.16664569 76.75290889 61.57780409 86.44910482 85.68643258 89.06105778 96.41846629 126.06086033 92.01563093 102.18273509 104.20902540 85.10283964 108.40077682 106.34137529 93.48854623 106.91173303
9.18740223 26.08334447 13.05791908 19.47476015 0.00000000 24.30878968 10.52599380 73.07144980 38.75392426 40.61163400 48.99601769 52.79168621 56.47034538 40.56569746 62.55563482 44.99142814 57.02403756 44.61030076 87.45483220 77.71556405 53.14653896 56.91844965 91.42634417 80.16115992 59.87302280 98.90242723 71.66913178 99.54067029 105.12046896 74.19876717 105.48907128 103.63142517
34.63907766 40.09810778 37.16933548 33.47401842 24.30878968 0.00000000 34.49735298 62.69503533 28.37750979 51.37898540 59.76336909 42.41527174 46.09393091 46.53249382 56.83075002 55.75877954 67.39410346 54.98036666 77.07841773 67.33914958 63.91389036 67.28851555 81.04992970 102.98848378 70.24308870 88.52601277 82.43648318 89.16425582 94.74405449 84.56883307 95.11265681 93.25501070
19.62012795 60.38556375 24.72616400 53.76147438 10.52599380 34.49735298 0.00000000 84.36196413 50.04443859 29.03306921 37.41745290 64.08220054 67.76085971 28.98713267 71.97613675 33.41286335 45.44547277 33.03173598 98.74534653 89.00607838 41.56797417 45.33988487 102.71685850 68.58259514 48.29445802 81.11647322 60.09056699 110.83118462 95.35993799 62.62020238 116.77958561 86.32394871
84.36091747 42.20160070 85.93199560 46.88743636 73.07144980 62.69503533 84.36196413 0.00000000 34.66139766 101.24359655 109.62798024 21.41387909 35.75371703 96.39710497 65.93987348 105.62339069 78.07224447 90.97140889 27.82510184 46.76593334 103.63732760 94.24057110 56.73529481 77.81299364 113.19588616 62.49956361 124.72741223 51.35013738 68.71760533 88.61359433 59.73584397 67.22856154
50.04339193 74.18723671 51.61447006 51.44988633 38.75392426 28.37750979 50.04443859 34.66139766 0.00000000 66.92607101 75.31045470 14.38163407 23.92477885 62.07957943 33.80961982 71.30586516 68.64667015 70.52745228 53.55262119 40.00206781 79.46097597 84.81499678 53.71284793 68.38741932 103.77031184 61.18893099 97.98356879 61.82717405 67.40697271 87.30296172 67.77557503 65.91792893
50.32792613 79.77561699 7.02397026 73.15152762 40.61163400 51.37898540 29.03306921 101.24359655 66.92607101 0.00000000 6.64754670 80.96383296 84.64249213 14.28211243 88.85776918 15.96756747 30.04544149 17.63170469 115.62697895 71.49077860 24.14156516 29.93985358 67.63940531 53.18256385 32.89442673 65.71644193 42.66415798 79.47098633 79.95990670 47.22017109 89.84635092 70.92391743
13.19633558 88.16000068 3.85921864 81.53591131 48.99601769 59.76336909 37.41745290 109.62798024 75.31045470 6.64754670 0.00000000 89.34821665 93.02687582 17.14615888 97.24215287 11.59189758 27.35136787 14.93763107 124.01136264 68.79670498 19.74739474 27.24577996 64.94533169 50.48849023 30.20035311 63.02236831 38.26998756 76.77691272 77.26583308 44.52609747 87.15227730 68.22984381
64.08115387 60.93971814 65.65223201 65.62555379 52.79168621 42.41527174 64.08220054 21.41387909 14.38163407 80.96383296 89.34821665 0.00000000 18.54217563 76.11734138 45.66010989 85.34362710 65.36048035 78.25964477 45.23042338 36.64905812 90.92556348 81.52880698 50.35983824 65.10122952 100.48412205 57.83592131 112.01564811 68.75545893 64.05396303 83.94995203 77.14116552 62.56491924
67.75981305 71.67234714 69.33089118 69.16630745 56.47034538 46.09393091 67.76085971 35.75371703 23.92477885 84.64249213 93.02687582 18.54217563 0.00000000 79.79600055 30.24527673 61.90757505 44.03348657 56.93265100 30.29273679 17.76413277 69.59856971 60.20181321 31.47491289 43.77423574 79.15712827 38.95099595 90.68865433 39.58923901 45.16903767 65.06502668 45.53763999 43.67999389
45.48143455 74.92912541 56.12674698 68.30503604 40.56569746 46.53249382 28.98713267 96.39710497 62.07957943 14.28211243 17.14615888 76.11734138 79.79600055 0.00000000 84.01127760 8.87165949 21.96860402 9.55486723 110.78048737 63.41394113 16.31003242 21.86301612 59.56256785 45.10572639 24.81758927 57.63960447 34.83262524 71.39414887 71.88306924 39.14333363 81.76951345 62.84707996
68.73251431 101.90943953 75.41618062 79.90312657 62.55563482 56.83075002 71.97613675 65.93987348 33.80961982 88.85776918 97.24215287 45.66010989 30.24527673 84.01127760 0.00000000 93.23756332 68.20589764 92.45915044 58.64743116 45.54802486 101.39267413 84.37422428 57.86258448 67.94664681 103.32953934 65.33866754 114.86106540 75.39888920 71.55670927 123.01172914 81.34729019 70.06766548
54.70772028 84.15541113 14.96649288 77.53132177 44.99142814 55.75877954 33.41286335 105.62339069 71.30586516 15.96756747 11.59189758 85.34362710 61.90757505 8.87165949 93.23756332 0.00000000 17.58751413 5.17377733 76.83214950 59.03285124 8.56791745 17.11836171 54.81791344 40.36107198 20.09380117 52.89495006 27.09051027 66.64949446 67.13841483 31.73272331 77.02485905 58.10242556
66.34304419 113.06958030 30.72596317 89.16664569 57.02403756 67.39410346 45.44547277 78.07224447 68.64667015 30.04544149 27.35136787 65.36048035 44.03348657 21.96860402 68.20589764 17.58751413 0.00000000 12.44532965 58.95806101 41.15876276 18.11941674 24.07902158 40.28417120 26.66622218 34.15861961 30.02449534 45.69014568 43.56213680 45.28638766 48.48436398 53.93750138 35.02443016
53.92930740 125.96874472 18.31222637 76.75290889 44.61030076 54.98036666 33.03173598 90.97140889 70.52745228 17.63170469 14.93763107 78.25964477 56.93265100 9.55486723 92.45915044 5.17377733 12.44532965 0.00000000 71.85722544 54.05792718 6.14789982 12.96881145 50.66836318 36.21152172 15.95030142 48.74539980 27.48182748 62.49994420 62.98886457 30.27604578 72.87530879 53.95287530
98.74429987 56.89196844 100.31537800 61.57780409 87.45483220 77.07841773 98.74534653 27.82510184 53.55262119 115.62697895 124.01136264 45.23042338 30.29273679 110.78048737 58.64743116 76.83214950 58.95806101 71.85722544 0.00000000 27.65174988 84.52314415 75.12638765 33.37296828 45.69157286 94.08170271 38.05957160 105.61322878 23.84617792 41.29700803 63.74576886 32.23188451 36.60790698
89.00503172 81.76326916 90.57610985 86.44910482 77.71556405 67.33914958 89.00607838 46.76593334 40.00206781 71.49077860 68.79670498 36.64905812 17.76413277 63.41394113 45.54802486 59.03285124 41.15876276 54.05792718 27.65174988 0.00000000 66.72384589 57.32708939 9.02112011 22.16134122 76.28240445 15.73363027 87.81393052 21.89629856 21.95167199 41.84766100 27.84469955 20.46262820
62.86283109 138.63466343 23.12199004 85.68643258 53.14653896 63.91389036 41.56797417 103.63732760 79.46097597 24.14156516 19.74739474 90.92556348 69.59856971 16.31003242 101.39267413 8.56791745 18.11941674 6.14789982 84.52314415 66.72384589 0.00000000 14.79183724 52.49138898 38.03454751 17.63651360 50.56842559 21.75859086 64.32297000 64.81189037 26.40080389 74.69833458 55.77590109
66.23745629 129.23790693 30.62037526 89.06105778 56.91844965 67.28851555 45.33988487 94.24057110 84.81499678 29.93985358 27.24577996 81.52880698 60.20181321 21.86301612 84.37422428 17.11836171 24.07902158 12.96881145 75.12638765 57.32708939 14.79183724 0.00000000 37.69955173 23.24271027 18.95531506 35.77658835 30.48684112 49.53113276 50.02005312 33.28105943 59.90649734 40.98406385
102.71581184 91.73263064 104.28688997 96.41846629 91.42634417 81.04992970 102.71685850 56.73529481 53.71284793 67.63940531 64.94533169 50.35983824 31.47491289 59.56256785 57.86258448 54.81791344 40.28417120 50.66836318 33.37296828 9.02112011 52.49138898 37.69955173 0.00000000 14.45684146 65.62241172 8.02913051 44.24631443 21.80974310 14.24717224 34.14316124 30.88922236 12.75812845
89.48016656 112.81032947 53.86308553 126.06086033 80.16115992 102.98848378 68.58259514 77.81299364 68.38741932 53.18256385 50.48849023 65.10122952 43.77423574 45.10572639 67.94664681 40.36107198 26.66622218 36.21152172 45.69157286 22.16134122 38.03454751 23.24271027 14.45684146 0.00000000 51.16557026 12.53387808 64.30790807 26.28842249 26.77734286 63.49823573 36.66378707 17.74135358
69.19202944 148.19322199 33.57494841 92.01563093 59.87302280 70.24308870 48.29445802 113.19588616 103.77031184 32.89442673 30.20035311 100.48412205 79.15712827 24.81758927 103.32953934 20.09380117 34.15861961 15.95030142 94.08170271 76.28240445 17.63651360 18.95531506 65.62241172 51.16557026 0.00000000 63.69944834 12.28359330 77.45399274 66.80517003 22.36490853 87.82935733 34.36347022
110.19189490 97.49689944 66.39696361 102.18273509 98.90242723 88.52601277 81.11647322 62.49956361 61.18893099 65.71644193 63.02236831 57.83592131 38.95099595 57.63960447 65.33866754 52.89495006 30.02449534 48.74539980 38.05957160 15.73363027 50.56842559 35.77658835 8.02913051 12.53387808 63.69944834 0.00000000 35.78600198 15.69074828 6.34134881 25.68284879 26.06611286 6.14719867
81.38542391 159.72474806 41.64458286 104.20902540 71.66913178 82.43648318 60.09056699 124.72741223 97.98356879 42.66415798 38.26998756 112.01564811 90.68865433 34.83262524 114.86106540 27.09051027 45.69014568 27.48182748 105.61322878 87.81393052 21.75859086 30.48684112 44.24631443 64.30790807 12.28359330 35.78600198 0.00000000 41.89993669 32.03442556 8.95413862 47.07142334 27.93104391
110.83013796 80.41700398 112.40121609 85.10283964 99.54067029 89.16425582 110.83118462 51.35013738 61.82717405 79.47098633 76.77691272 68.75545893 39.58923901 71.39414887 75.39888920 66.64949446 43.56213680 62.49994420 23.84617792 21.89629856 64.32297000 49.53113276 21.80974310 26.28842249 77.45399274 15.69074828 41.89993669 0.00000000 15.59899165 31.79678350 11.61107387 14.37562341
116.40993663 103.71494116 80.64042839 108.40077682 105.12046896 94.74405449 95.35993799 68.71760533 67.40697271 79.95990670 77.26583308 64.05396303 45.16903767 71.88306924 71.55670927 67.13841483 45.28638766 62.98886457 41.29700803 21.95167199 64.81189037 50.02005312 14.24717224 26.77734286 66.80517003 6.34134881 32.03442556 15.59899165 0.00000000 21.93127237 22.09347085 3.51256748
83.51777380 123.61093016 47.90069278 106.34137529 74.19876717 84.56883307 62.62020238 88.61359433 87.30296172 47.22017109 44.52609747 83.94995203 65.06502668 39.14333363 123.01172914 31.73272331 48.48436398 30.27604578 63.74576886 41.84766100 26.40080389 33.28105943 34.14316124 63.49823573 22.36490853 25.68284879 8.95413862 31.79678350 21.93127237 0.00000000 36.96827015 17.82789072
116.77853894 88.80271057 118.34961708 93.48854623 105.48907128 95.11265681 116.77958561 59.73584397 67.77557503 89.84635092 87.15227730 77.14116552 45.53763999 81.76951345 81.34729019 77.02485905 53.93750138 72.87530879 32.23188451 27.84469955 74.69833458 59.90649734 30.88922236 36.66378707 87.82935733 26.06611286 47.07142334 11.61107387 22.09347085 36.96827015 0.00000000 19.25857621
114.92089284 102.22589737 71.60443911 106.91173303 103.63142517 93.25501070 86.32394871 67.22856154 65.91792893 70.92391743 68.22984381 62.56491924 43.67999389 62.84707996 70.06766548 58.10242556 35.02443016 53.95287530 36.60790698 20.46262820 55.77590109 40.98406385 12.75812845 17.74135358 34.36347022 6.14719867 27.93104391 14.37562341 3.51256748 17.82789072 19.25857621 0.00000000
