0.00000000 86.09463731 44.47262023 38.24132293 24.62652262 31.30131123 38.42626689 105.60462779 52.37049997 65.79892361 79.06047268 81.31867055 76.81130270 63.71073019 66.70678580 92.60978399 127.21009078 96.76216883 132.26943891 107.52495469 114.08707895 120.28361302 122.01069101 141.46725877 128.00488982 148.58553749 145.82580379 175.72111078 163.74683464 165.74443373 184.29101984 169.13608271
86.09463731 0.00000000 130.24625094 47.86951806 109.44967063 86.36485001 117.96691466 46.24083119 97.16967510 142.10373281 161.50469728 69.62391332 84.48611404 140.01553939 125.84649345 168.91459319 140.17580261 167.19855557 80.05178191 96.93503736 187.89777692 154.31817637 117.17052275 146.89953836 174.69129498 143.47108221 210.59530130 142.06227161 158.63237936 205.08994927 150.22114209 164.02162743
44.47262023 130.24625094 0.00000000 82.39293656 32.62847123 60.97128238 43.50365726 130.36551800 77.13139019 52.70594273 41.59222133 106.07956076 101.57219291 75.28120503 91.14162497 83.86044028 121.53256416 91.08464221 157.03032912 132.28584490 105.98443288 114.60608640 146.77158122 135.78973215 122.32736320 169.24661060 137.72315772 200.48200099 182.18517301 160.06690711 209.05191005 191.55885757
38.24132293 47.86951806 82.39293656 0.00000000 61.59635625 38.49533195 70.09739661 69.15739754 70.52407433 94.23421475 113.63517922 92.54047967 94.96487706 92.14602134 85.80315894 121.04507514 155.64538193 125.19745997 102.96834825 119.85160370 142.52237009 148.71890416 140.08708910 163.58854622 156.44018096 166.38764856 174.26109493 164.97883796 181.54894571 194.17972487 173.13770844 186.93819378
24.62652262 109.44967063 32.62847123 61.59635625 0.00000000 28.35037702 13.79941843 97.74461264 44.51048483 44.35928657 63.76025104 73.45865540 68.95128755 43.63474815 58.52071962 71.17014695 106.29035631 75.84243436 124.40942376 99.66493954 92.64744191 99.36387855 114.15067586 120.54752430 107.08515535 140.72552234 124.38616675 167.86109563 155.88681949 144.82469926 176.43100469 161.27606756
31.30131123 86.36485001 60.97128238 38.49533195 28.35037702 0.00000000 36.03786944 87.80674029 34.57261248 59.14246780 78.54343228 63.52078305 59.01341520 57.05427439 49.85169709 85.95332819 120.55363498 90.10571302 114.47155141 89.72706719 107.43062314 113.62715722 104.21280351 127.63708437 121.34843401 130.78764999 139.16934799 157.92322328 145.94894714 159.08797792 166.49313234 151.33819521
38.42626689 117.96691466 43.50365726 70.09739661 13.79941843 36.03786944 0.00000000 104.33670326 51.10257544 36.55397698 55.95494145 80.05074602 75.54337817 35.82943856 65.01286861 63.36483736 98.48504672 68.03712477 131.00151437 106.25703016 84.84213232 91.55856896 120.74276648 112.74221471 99.27984576 146.19909316 116.58085716 174.45318624 159.13765557 137.01938967 183.02309531 168.51134013
105.60462779 46.24083119 130.36551800 69.15739754 97.74461264 87.80674029 104.33670326 0.00000000 53.80621986 127.44130162 146.84226610 26.26045809 46.16971604 125.35310821 86.67596125 154.25216201 102.61208288 129.63483583 46.60372432 59.37131762 150.33405718 116.75445663 79.60680301 109.33581862 137.12757524 105.90736247 173.03158157 108.61421402 121.06865962 167.52622953 116.77308450 126.45790769
52.37049997 97.16967510 77.13139019 70.52407433 44.51048483 34.57261248 51.10257544 53.80621986 0.00000000 74.20717381 93.60813828 29.52026262 31.02885012 72.11898039 39.51850556 101.01803419 94.96957954 105.17041903 85.53718812 63.54881539 122.49532915 109.11195329 78.03455171 101.69331528 129.48507190 104.60939819 154.23405399 131.74497148 119.77069534 166.22826525 140.31488054 125.15994341
65.79892361 142.10373281 52.70594273 94.23421475 44.35928657 59.14246780 36.55397698 127.44130162 74.20717381 0.00000000 21.16193924 103.15534438 98.64797653 37.11906287 88.11746698 37.42068958 72.74407306 42.29615111 154.10611274 124.28448674 58.90176191 65.81759530 129.14902585 87.00124104 73.53887210 120.45811950 90.64048676 171.14456539 133.39668191 111.27841601 174.97028164 142.77036647
79.06047268 161.50469728 41.59222133 113.63517922 63.76025104 78.54343228 55.95494145 146.84226610 93.60813828 21.16193924 0.00000000 122.55630886 118.04894101 49.67802133 107.51843145 45.38137957 83.05350345 52.60558150 173.50707721 134.59391713 67.50537217 76.12702569 139.45845624 97.31067143 83.84830249 130.76754989 99.24409701 181.45399578 143.70611230 121.58784640 185.27971203 153.07979686
81.31867055 69.62391332 106.07956076 92.54047967 73.45865540 63.52078305 80.05074602 26.26045809 29.52026262 103.15534438 122.55630886 0.00000000 36.11734429 101.06715097 62.39000401 129.96620477 101.22237744 128.24513040 65.42839016 69.78824932 148.94435175 115.36475120 84.27398564 107.94611319 135.73786981 110.84883212 171.64187613 127.43887986 126.01012927 172.46769918 135.59775034 131.39937734
76.81130270 84.48611404 101.57219291 94.96487706 68.95128755 59.01341520 75.54337817 46.16971604 31.02885012 98.64797653 118.04894101 36.11734429 0.00000000 96.55978312 41.36201628 118.43847053 66.38890884 93.41166180 55.55037384 34.44027476 114.11088315 80.53128260 48.92601108 73.11264459 100.90440121 75.50085756 136.80840753 102.63643085 90.66215471 137.11972462 111.20633991 96.05140278
63.71073019 140.01553939 75.28120503 92.14602134 43.63474815 57.05427439 35.82943856 125.35310821 72.11898039 37.11906287 49.67802133 101.06715097 96.55978312 0.00000000 86.02927356 36.88995779 68.71708571 38.26916376 152.01791933 120.25749939 56.17530781 61.79060795 125.12203850 82.97425369 69.51188475 116.43113215 87.91403265 167.11757804 129.36969456 107.25142866 170.94329429 138.74337912
66.70678580 125.84649345 91.14162497 85.80315894 58.52071962 49.85169709 65.01286861 86.67596125 39.51850556 88.11746698 107.51843145 62.39000401 41.36201628 86.02927356 0.00000000 114.92832736 93.58342473 119.08071220 96.09080522 64.93700177 136.40562232 107.72579848 77.72218170 100.30716047 128.09891709 104.29702818 164.00292342 132.66204273 119.45832533 164.78080705 141.23195179 124.84757340
92.60978399 168.91459319 83.86044028 121.04507514 71.17014695 85.95332819 63.36483736 154.25216201 101.01803419 37.42068958 45.38137957 129.96620477 118.43847053 36.88995779 114.92832736 0.00000000 55.64623443 25.19831247 157.87910286 107.18664811 26.43712258 48.16120906 111.49263961 69.34485480 55.86185075 102.80173326 58.17584743 153.48817915 115.74029567 85.08068223 157.31389539 125.11398023
127.21009078 140.17580261 121.53256416 155.64538193 106.29035631 120.55363498 98.48504672 102.61208288 94.96957954 72.74407306 83.05350345 101.22237744 66.38890884 68.71708571 93.58342473 55.64623443 0.00000000 30.63782565 105.82954117 55.13708642 53.18949833 26.32742496 61.23462114 37.20826519 43.99605512 56.72607198 79.90006144 107.40664026 71.32263882 81.73559903 111.23235651 79.02949564
96.76216883 167.19855557 91.08464221 125.19745997 75.84243436 90.10571302 68.03712477 129.63483583 105.17041903 42.29615111 52.60558150 128.24513040 93.41166180 38.26916376 119.08071220 25.19831247 30.63782565 0.00000000 132.85229413 82.15983937 26.78369522 25.26155801 88.59298855 46.44520375 32.99370632 79.90208221 68.89771265 130.58852810 92.84064462 70.73325023 134.41424434 102.21432917
132.26943891 80.05178191 157.03032912 102.96834825 124.40942376 114.47155141 131.00151437 46.60372432 85.53718812 154.10611274 173.50707721 65.42839016 55.55037384 152.01791933 96.09080522 157.87910286 105.82954117 132.85229413 0.00000000 62.58877591 153.55151547 119.97191492 74.55286168 105.33907029 140.34503353 87.36144740 176.24903986 62.62514418 100.36057284 148.63636761 70.78401466 103.88838937
107.52495469 96.93503736 132.28584490 119.85160370 99.66493954 89.72706719 106.25703016 59.37131762 63.54881539 124.28448674 134.59391713 69.78824932 34.44027476 120.25749939 64.93700177 107.18664811 55.13708642 82.15983937 62.58877591 0.00000000 102.85906072 69.27946017 20.52660397 60.66184887 89.65257878 46.53604485 125.55658511 68.20821012 61.69734200 108.15491191 76.77811918 67.08659007
114.08707895 187.89777692 105.98443288 142.52237009 92.64744191 107.43062314 84.84213232 150.33405718 122.49532915 58.90176191 67.50537217 148.94435175 114.11088315 56.17530781 136.40562232 26.43712258 53.18949833 26.78369522 153.55151547 102.85906072 0.00000000 35.06057946 98.39201001 56.24422520 42.44766617 89.70110366 44.39622570 140.38754955 102.63966607 71.30106050 144.21326580 112.01335063
120.28361302 154.31817637 114.60608640 148.71890416 99.36387855 113.62715722 91.55856896 116.75445663 109.11195329 65.81759530 76.12702569 115.36475120 80.53128260 61.79060795 107.72579848 48.16120906 26.32742496 25.26155801 119.97191492 69.27946017 35.06057946 0.00000000 63.33143055 21.18364574 20.37311861 54.64052420 56.27712494 105.32697009 67.57908661 58.11266252 109.15268634 76.95277117
122.01069101 117.17052275 146.77158122 140.08708910 114.15067586 104.21280351 120.74276648 79.60680301 78.03455171 129.14902585 139.45845624 84.27398564 48.92601108 125.12203850 77.72218170 111.49263961 61.23462114 88.59298855 74.55286168 20.52660397 98.39201001 63.33143055 0.00000000 42.14778480 81.10508701 28.02198079 116.69808533 73.62779997 43.18327794 89.64084785 78.46490498 48.57252601
141.46725877 146.89953836 135.78973215 163.58854622 120.54752430 127.63708437 112.74221471 109.33581862 101.69331528 87.00124104 97.31067143 107.94611319 73.11264459 82.97425369 100.30716047 69.34485480 37.20826519 46.44520375 105.33907029 60.66184887 56.24422520 21.18364574 42.14778480 0.00000000 38.95730221 33.45687845 74.96590910 84.14332435 46.39544086 74.34281070 87.96904059 55.76912542
128.00488982 174.69129498 122.32736320 156.44018096 107.08515535 121.34843401 99.27984576 137.12757524 129.48507190 73.53887210 83.84830249 135.73786981 100.90440121 69.51188475 128.09891709 55.86185075 43.99605512 32.99370632 140.34503353 89.65257878 42.44766617 20.37311861 81.10508701 38.95730221 0.00000000 72.41418066 36.10995153 123.10062655 78.78936620 42.69154571 126.92634280 86.39043267
148.58553749 143.47108221 169.24661060 166.38764856 140.72552234 130.78764999 146.19909316 105.90736247 104.60939819 120.45811950 130.76754989 110.84883212 75.50085756 116.43113215 104.29702818 102.80173326 56.72607198 79.90208221 87.36144740 46.53604485 89.70110366 54.64052420 28.02198079 33.45687845 72.41418066 0.00000000 88.61575669 56.47180481 15.51988057 61.55851921 60.29752106 25.32024548
145.82580379 210.59530130 137.72315772 174.26109493 124.38616675 139.16934799 116.58085716 173.03158157 154.23405399 90.64048676 99.24409701 171.64187613 136.80840753 87.91403265 164.00292342 58.17584743 79.90006144 68.89771265 176.24903986 125.55658511 44.39622570 56.27712494 116.69808533 74.96590910 36.10995153 88.61575669 0.00000000 135.93705034 82.10120519 33.44980798 133.39523967 87.47224752
175.72111078 142.06227161 200.48200099 164.97883796 167.86109563 157.92322328 174.45318624 108.61421402 131.74497148 171.14456539 181.45399578 127.43887986 102.63643085 167.11757804 132.66204273 153.48817915 107.40664026 130.58852810 62.62514418 68.20821012 140.38754955 105.32697009 73.62779997 84.14332435 123.10062655 56.47180481 135.93705034 0.00000000 57.99188723 108.87981285 32.55652430 51.09004150
163.74683464 158.63237936 182.18517301 181.54894571 155.88681949 145.94894714 159.13765557 121.06865962 119.77069534 133.39668191 143.70611230 126.01012927 90.66215471 129.36969456 119.45832533 115.74029567 71.32263882 92.84064462 100.36057284 61.69734200 102.63966607 67.57908661 43.18327794 46.39544086 78.78936620 15.51988057 82.10120519 57.99188723 0.00000000 55.04396770 55.60896901 12.29038435
165.74443373 205.08994927 160.06690711 194.17972487 144.82469926 159.08797792 137.01938967 167.52622953 166.22826525 111.27841601 121.58784640 172.46769918 137.11972462 107.25142866 164.78080705 85.08068223 81.73559903 70.73325023 148.63636761 108.15491191 71.30106050 58.11266252 89.64084785 74.34281070 42.69154571 61.55851921 33.44980798 108.87981285 55.04396770 0.00000000 106.33800219 60.41501004
184.29101984 150.22114209 209.05191005 173.13770844 176.43100469 166.49313234 183.02309531 116.77308450 140.31488054 174.97028164 185.27971203 135.59775034 111.20633991 170.94329429 141.23195179 157.31389539 111.23235651 134.41424434 70.78401466 76.77811918 144.21326580 109.15268634 78.46490498 87.96904059 126.92634280 60.29752106 133.39523967 32.55652430 55.60896901 106.33800219 0.00000000 47.23791366
169.13608271 164.02162743 191.55885757 186.93819378 161.27606756 151.33819521 168.51134013 126.45790769 125.15994341 142.77036647 153.07979686 131.39937734 96.05140278 138.74337912 124.84757340 125.11398023 79.02949564 102.21432917 103.88838937 67.08659007 112.01335063 76.95277117 48.57252601 55.76912542 86.39043267 25.32024548 87.47224752 51.09004150 12.29038435 60.41501004 47.23791366 0.00000000
