0.00000000 60.79898987 45.97056275 28.97056275 16.07106781 12.48528137 34.89949494 60.38477631 18.89949494 18.24264069 47.38477631 30.21320344 35.79898987 25.65685425 71.11269837 29.89949494 44.87005769 40.52691193 57.76955262 34.97056275 68.01219331 60.76955262 49.89949494 43.07106781 47.69848481 62.84062043 51.04163056 57.11269837 81.15432893 51.97056275 69.66904756 53.72792206 68.28427125 62.45584412 83.15432893 69.42640687 67.28427125 63.55634919 71.69848481 70.14213562 89.66904756 95.39696962 76.11269837 84.66904756 73.31370850 85.94112550 79.14213562 86.76955262 101.56854249 93.35533906 92.21320344 95.69848481 93.38477631 110.46803743 107.98275606 96.62741700 104.76955262 105.59797975 121.53910524 109.91168825
60.79898987 0.00000000 14.82842712 34.89949494 72.97056275 48.31370850 95.69848481 10.41421356 68.14213562 54.55634919 21.55634919 81.79898987 34.21320344 69.04163056 26.07106781 58.21320344 38.21320344 90.94112550 30.72792206 77.52691193 45.79898987 47.62741700 80.69848481 76.11269837 93.42640687 42.38477631 94.42640687 100.49747468 58.94112550 82.76955262 49.21320344 86.18376618 77.28427125 84.87005769 62.11269837 112.81118318 110.66904756 96.01219331 78.21320344 102.59797975 70.62741700 74.35533906 112.32590181 71.62741700 99.28427125 81.52691193 111.59797975 123.81118318 86.04163056 130.39696962 104.66904756 95.42640687 122.91168825 94.94112550 92.45584412 115.32590181 98.45584412 141.22539674 106.01219331 153.63961031
45.97056275 14.82842712 0.00000000 18.41421356 58.14213562 33.48528137 80.87005769 16.89949494 53.31370850 39.72792206 13.41421356 66.97056275 20.55634919 54.21320344 32.79898987 43.38477631 26.31370850 76.11269837 29.89949494 62.69848481 41.89949494 39.72792206 65.87005769 61.28427125 78.59797975 41.79898987 79.59797975 85.66904756 55.04163056 67.94112550 48.62741700 71.35533906 75.87005769 78.42640687 58.21320344 97.98275606 95.84062043 81.18376618 76.79898987 87.76955262 70.04163056 70.45584412 97.49747468 70.21320344 89.28427125 80.11269837 96.76955262 108.98275606 84.62741700 115.56854249 103.25483400 94.01219331 111.01219331 93.52691193 91.04163056 113.91168825 97.04163056 122.98275606 104.59797975 132.12489168
28.97056275 34.89949494 18.41421356 0.00000000 41.14213562 16.48528137 63.87005769 34.48528137 36.31370850 22.72792206 22.89949494 49.97056275 15.65685425 37.21320344 46.04163056 28.14213562 25.31370850 59.11269837 35.04163056 45.69848481 48.45584412 41.21320344 50.62741700 45.45584412 61.59797975 43.28427125 62.59797975 68.66904756 61.59797975 52.69848481 50.11269837 56.11269837 69.01219331 63.18376618 63.59797975 80.98275606 78.84062043 65.94112550 72.42640687 72.52691193 71.52691193 75.84062043 82.25483400 71.69848481 74.04163056 81.59797975 81.52691193 93.74011537 86.11269837 100.32590181 94.59797975 95.49747468 95.76955262 95.01219331 92.52691193 99.01219331 98.52691193 107.74011537 106.08326112 116.88225099
16.07106781 72.97056275 58.14213562 41.14213562 0.00000000 26.31370850 19.65685425 72.55634919 11.07106781 23.14213562 59.55634919 16.48528137 47.38477631 22.31370850 84.11269837 32.45584412 54.45584412 28.55634919 69.69848481 23.82842712 77.59797975 70.35533906 51.28427125 43.62741700 35.72792206 72.42640687 39.07106781 45.14213562 90.74011537 53.35533906 79.25483400 52.72792206 69.66904756 63.84062043 92.74011537 57.45584412 55.31370850 55.14213562 73.08326112 63.97056275 91.05382387 100.29646456 64.14213562 86.05382387 74.69848481 87.32590181 72.97056275 74.79898987 102.95331881 81.38477631 89.35533906 97.08326112 85.55634919 111.85281374 109.36753237 90.45584412 106.15432893 93.62741700 122.92388155 97.94112550
12.48528137 48.31370850 33.48528137 16.48528137 26.31370850 0.00000000 47.38477631 47.89949494 21.48528137 9.65685425 34.89949494 35.14213562 23.31370850 22.38477631 58.62741700 18.00000000 30.62741700 44.28427125 45.28427125 30.87005769 53.76955262 46.52691193 40.48528137 35.31370850 46.76955262 48.59797975 47.76955262 53.84062043 66.91168825 42.55634919 55.42640687 45.97056275 58.87005769 53.04163056 68.91168825 66.15432893 64.01219331 55.79898987 62.28427125 62.38477631 80.25483400 81.15432893 72.84062043 75.25483400 63.89949494 76.52691193 71.38477631 83.49747468 92.15432893 90.08326112 84.45584412 86.28427125 85.62741700 101.05382387 98.56854249 88.87005769 95.35533906 97.59797975 112.12489168 106.63961031
34.89949494 95.69848481 80.87005769 63.87005769 19.65685425 47.38477631 0.00000000 95.28427125 24.48528137 38.89949494 82.28427125 15.65685425 63.14213562 32.79898987 99.87005769 48.21320344 70.21320344 23.24264069 85.45584412 31.38477631 93.35533906 86.11269837 61.76955262 54.11269837 37.38477631 88.18376618 41.55634919 47.62741700 106.49747468 63.84062043 95.01219331 57.69848481 80.15432893 74.32590181 107.36753237 59.94112550 57.79898987 60.11269837 83.56854249 68.94112550 101.53910524 110.78174593 66.62741700 96.53910524 85.66904756 97.81118318 77.94112550 77.28427125 113.43860018 83.87005769 94.32590181 106.74011537 90.52691193 122.33809512 119.85281374 95.42640687 118.39696962 96.11269837 133.40916293 100.42640687
60.38477631 10.41421356 16.89949494 34.48528137 72.55634919 47.89949494 95.28427125 0.00000000 67.72792206 54.14213562 18.07106781 81.38477631 32.97056275 68.62741700 15.89949494 57.79898987 31.21320344 90.52691193 21.72792206 77.11269837 36.79898987 38.62741700 80.28427125 75.69848481 93.01219331 33.38477631 94.01219331 100.08326112 49.94112550 82.35533906 40.21320344 85.76955262 68.28427125 75.87005769 53.11269837 112.39696962 110.25483400 95.59797975 69.21320344 102.28427125 61.62741700 65.35533906 111.91168825 62.62741700 90.28427125 72.52691193 105.76955262 123.39696962 77.04163056 129.25483400 95.66904756 86.42640687 113.91168825 85.94112550 83.45584412 106.32590181 89.45584412 132.22539674 97.01219331 144.63961031
18.89949494 68.14213562 53.31370850 36.31370850 11.07106781 21.48528137 24.48528137 67.72792206 0.00000000 15.82842712 54.72792206 14.24264069 40.07106781 11.48528137 76.79898987 25.14213562 47.14213562 24.55634919 62.38477631 15.24264069 70.28427125 63.04163056 43.97056275 33.38477631 28.79898987 65.11269837 32.14213562 38.21320344 83.42640687 46.04163056 71.94112550 45.79898987 62.35533906 56.52691193 85.42640687 50.52691193 48.38477631 48.21320344 65.76955262 57.04163056 83.74011537 92.98275606 57.21320344 78.74011537 67.38477631 80.01219331 66.04163056 67.87005769 95.63961031 74.45584412 82.42640687 89.76955262 78.62741700 104.53910524 102.05382387 83.52691193 98.84062043 86.69848481 115.61017306 91.01219331
18.24264069 54.55634919 39.72792206 22.72792206 23.14213562 9.65685425 38.89949494 54.14213562 15.82842712 0.00000000 40.07106781 29.48528137 25.65685425 15.07106781 62.38477631 11.65685425 32.72792206 36.97056275 47.97056275 23.55634919 55.87005769 48.62741700 32.48528137 25.65685425 39.45584412 50.69848481 40.45584412 46.52691193 69.01219331 34.55634919 57.52691193 36.31370850 50.87005769 45.04163056 71.01219331 58.84062043 56.69848481 46.14213562 54.28427125 52.72792206 72.25483400 81.49747468 62.45584412 67.25483400 55.89949494 68.52691193 61.72792206 73.94112550 84.15432893 80.52691193 74.79898987 78.28427125 75.97056275 93.05382387 90.56854249 79.21320344 87.35533906 87.94112550 104.12489168 97.08326112
47.38477631 21.55634919 13.41421356 22.89949494 59.55634919 34.89949494 82.28427125 18.07106781 54.72792206 40.07106781 0.00000000 68.38477631 15.00000000 53.14213562 26.55634919 40.89949494 14.89949494 74.79898987 15.07106781 60.79898987 28.48528137 25.48528137 63.38477631 58.79898987 77.28427125 25.07106781 78.28427125 84.35533906 41.62741700 65.45584412 31.89949494 68.87005769 59.97056275 67.55634919 44.79898987 96.66904756 94.52691193 78.69848481 60.89949494 85.28427125 53.31370850 57.04163056 95.01219331 54.31370850 81.97056275 64.21320344 94.28427125 106.49747468 68.72792206 113.08326112 87.35533906 78.11269837 105.59797975 77.62741700 75.14213562 98.01219331 81.14213562 123.91168825 88.69848481 129.63961031
30.21320344 81.79898987 66.97056275 49.97056275 16.48528137 35.14213562 15.65685425 81.38477631 14.24264069 29.48528137 68.38477631 0.00000000 53.72792206 19.48528137 90.45584412 34.31370850 60.79898987 12.07106781 76.04163056 15.72792206 83.94112550 76.69848481 48.45584412 40.79898987 22.89949494 78.76955262 28.48528137 33.14213562 97.08326112 50.52691193 85.59797975 43.79898987 66.84062043 61.01219331 94.05382387 46.87005769 44.72792206 46.21320344 70.25483400 55.04163056 88.22539674 97.46803743 53.55634919 83.22539674 71.76955262 84.49747468 64.04163056 64.21320344 100.12489168 70.79898987 80.42640687 92.84062043 76.62741700 109.02438662 106.53910524 81.52691193 104.49747468 83.04163056 120.09545443 87.35533906
35.79898987 34.21320344 20.55634919 15.65685425 47.38477631 23.31370850 63.14213562 32.97056275 40.07106781 25.65685425 15.00000000 53.72792206 0.00000000 38.72792206 38.14213562 26.48528137 9.65685425 60.38477631 23.72792206 46.38477631 32.79898987 25.55634919 48.97056275 44.38477631 62.87005769 27.62741700 63.87005769 69.94112550 45.94112550 51.04163056 34.45584412 54.45584412 61.69848481 61.52691193 47.94112550 82.25483400 80.11269837 64.28427125 62.62741700 70.87005769 55.87005769 60.18376618 80.59797975 56.04163056 72.38477631 65.94112550 79.87005769 92.08326112 70.45584412 98.66904756 89.08326112 79.84062043 94.11269837 79.35533906 76.87005769 99.74011537 82.87005769 106.08326112 90.42640687 115.22539674
25.65685425 69.04163056 54.21320344 37.21320344 22.31370850 22.38477631 32.79898987 68.62741700 11.48528137 15.07106781 53.14213562 19.48528137 38.72792206 0.00000000 75.45584412 15.41421356 45.79898987 23.65685425 61.04163056 9.07106781 68.94112550 61.69848481 29.55634919 21.89949494 26.14213562 63.76955262 27.14213562 33.21320344 82.08326112 31.62741700 70.59797975 32.55634919 47.94112550 42.11269837 75.15432893 45.52691193 43.38477631 43.21320344 51.35533906 52.04163056 69.32590181 78.56854249 52.21320344 64.32590181 52.97056275 65.59797975 61.04163056 62.87005769 81.22539674 69.45584412 77.42640687 75.35533906 73.62741700 90.12489168 87.63961031 78.52691193 84.42640687 81.69848481 101.19595949 86.01219331
71.11269837 26.07106781 32.79898987 46.04163056 84.11269837 58.62741700 99.87005769 15.89949494 76.79898987 62.38477631 26.55634919 90.45584412 38.14213562 75.45584412 0.00000000 63.21320344 31.89949494 97.11269837 15.24264069 83.11269837 32.89949494 34.72792206 86.28427125 81.11269837 99.59797975 29.48528137 100.59797975 106.66904756 46.04163056 80.69848481 36.31370850 91.18376618 64.38477631 71.97056275 49.21320344 118.98275606 116.84062043 100.14213562 65.31370850 98.38477631 57.72792206 61.45584412 115.28427125 58.72792206 86.38477631 68.62741700 101.87005769 120.52691193 73.14213562 125.35533906 91.76955262 82.52691193 110.01219331 82.04163056 79.55634919 102.42640687 85.55634919 128.32590181 93.11269837 140.74011537
29.89949494 58.21320344 43.38477631 28.14213562 32.45584412 18.00000000 48.21320344 57.79898987 25.14213562 11.65685425 40.89949494 34.31370850 26.48528137 15.41421356 63.21320344 0.00000000 33.55634919 37.65685425 48.79898987 23.07106781 56.69848481 49.45584412 23.07106781 18.48528137 40.14213562 51.52691193 41.14213562 47.21320344 69.84062043 25.14213562 58.35533906 28.55634919 41.45584412 35.62741700 68.66904756 59.52691193 53.04163056 38.38477631 44.87005769 44.97056275 62.84062043 72.08326112 54.69848481 57.84062043 46.48528137 59.11269837 53.97056275 66.18376618 74.74011537 72.76955262 67.04163056 68.87005769 68.21320344 83.63961031 81.15432893 71.45584412 77.94112550 80.18376618 94.71067812 89.32590181
44.87005769 38.21320344 26.31370850 25.31370850 54.45584412 30.62741700 70.21320344 31.21320344 47.14213562 32.72792206 14.89949494 60.79898987 9.65685425 45.79898987 31.89949494 33.55634919 0.00000000 67.45584412 16.65685425 53.45584412 24.31370850 16.48528137 56.04163056 51.45584412 69.94112550 18.55634919 70.94112550 77.01219331 37.45584412 58.11269837 25.38477631 61.52691193 52.62741700 60.21320344 39.45584412 89.32590181 87.18376618 71.35533906 53.55634919 77.94112550 46.79898987 51.69848481 87.66904756 46.97056275 74.62741700 56.87005769 86.94112550 99.15432893 61.38477631 105.74011537 80.01219331 70.76955262 98.25483400 70.28427125 67.79898987 90.66904756 73.79898987 116.56854249 81.35533906 122.29646456
40.52691193 90.94112550 76.11269837 59.11269837 28.55634919 44.28427125 23.24264069 90.52691193 24.55634919 36.97056275 74.79898987 12.07106781 60.38477631 23.65685425 97.11269837 37.65685425 67.45584412 0.00000000 82.69848481 15.41421356 90.59797975 83.35533906 50.97056275 43.31370850 17.89949494 85.42640687 22.07106781 26.14213562 103.74011537 53.04163056 92.25483400 38.21320344 69.35533906 63.52691193 96.56854249 40.45584412 38.31370850 40.62741700 70.76955262 49.45584412 90.74011537 99.98275606 47.14213562 85.74011537 66.18376618 80.91168825 58.45584412 57.79898987 102.63961031 64.38477631 74.84062043 87.25483400 71.04163056 111.53910524 104.71067812 75.94112550 98.91168825 76.62741700 122.61017306 80.94112550
57.76955262 30.72792206 29.89949494 35.04163056 69.69848481 45.28427125 85.45584412 21.72792206 62.38477631 47.97056275 15.07106781 76.04163056 23.72792206 61.04163056 15.24264069 48.79898987 16.65685425 82.69848481 0.00000000 68.69848481 17.65685425 19.48528137 71.04163056 66.69848481 85.18376618 14.24264069 86.18376618 92.25483400 30.79898987 65.45584412 21.07106781 76.76955262 49.14213562 56.72792206 33.97056275 104.56854249 102.42640687 84.89949494 50.07106781 83.14213562 42.48528137 46.21320344 100.04163056 43.48528137 71.14213562 53.38477631 86.62741700 105.28427125 57.89949494 110.11269837 76.52691193 67.28427125 94.76955262 66.79898987 64.31370850 87.18376618 70.31370850 113.08326112 77.87005769 125.49747468
34.97056275 77.52691193 62.69848481 45.69848481 23.82842712 30.87005769 31.38477631 77.11269837 15.24264069 23.55634919 60.79898987 15.72792206 46.38477631 9.07106781 83.11269837 23.07106781 53.45584412 15.41421356 68.69848481 0.00000000 76.59797975 69.35533906 36.38477631 28.72792206 17.07106781 71.42640687 18.07106781 24.14213562 89.74011537 38.45584412 78.25483400 31.72792206 54.76955262 48.94112550 81.98275606 36.45584412 34.31370850 34.14213562 58.18376618 42.97056275 76.15432893 85.39696962 43.14213562 71.15432893 59.69848481 72.42640687 51.97056275 53.79898987 88.05382387 60.38477631 68.35533906 80.76955262 64.55634919 96.95331881 94.46803743 69.45584412 92.42640687 72.62741700 108.02438662 76.94112550
68.01219331 45.79898987 41.89949494 48.45584412 77.59797975 53.76955262 93.35533906 36.79898987 70.28427125 55.87005769 28.48528137 83.94112550 32.79898987 68.94112550 32.89949494 56.69848481 24.31370850 90.59797975 17.65685425 76.59797975 0.00000000 23.82842712 67.52691193 74.59797975 93.08326112 12.24264069 94.08326112 100.15432893 15.48528137 61.94112550 15.07106781 78.28427125 45.62741700 53.21320344 21.82842712 110.76955262 98.62741700 81.38477631 46.55634919 79.62741700 34.48528137 34.07106781 96.52691193 39.97056275 67.62741700 49.87005769 83.11269837 101.76955262 52.97056275 106.59797975 73.01219331 63.76955262 91.25483400 61.87005769 59.38477631 83.66904756 67.62741700 109.56854249 72.35533906 121.98275606
60.76955262 47.62741700 39.72792206 41.21320344 70.35533906 46.52691193 86.11269837 38.62741700 63.04163056 48.62741700 25.48528137 76.69848481 25.55634919 61.69848481 34.72792206 49.45584412 16.48528137 83.35533906 19.48528137 69.35533906 23.82842712 0.00000000 71.45584412 67.35533906 85.84062043 16.07106781 86.84062043 92.91168825 36.14213562 65.87005769 22.31370850 77.42640687 49.55634919 57.14213562 36.38477631 105.22539674 103.08326112 87.25483400 50.48528137 83.55634919 43.72792206 48.62741700 100.45584412 43.89949494 71.55634919 53.79898987 87.04163056 105.69848481 58.31370850 110.52691193 76.94112550 67.69848481 95.18376618 67.21320344 64.72792206 87.59797975 70.72792206 113.49747468 78.28427125 125.91168825
49.89949494 80.69848481 65.87005769 50.62741700 51.28427125 40.48528137 61.76955262 80.28427125 43.97056275 32.48528137 63.38477631 48.45584412 48.97056275 29.55634919 86.28427125 23.07106781 56.04163056 50.97056275 71.04163056 36.38477631 67.52691193 71.45584412 0.00000000 23.41421356 52.76955262 57.62741700 46.11269837 55.69848481 64.18376618 11.24264069 52.45584412 27.38477631 23.65685425 19.24264069 50.87005769 59.87005769 51.87005769 37.21320344 28.24264069 42.04163056 45.04163056 54.28427125 53.52691193 41.21320344 37.31370850 42.48528137 51.04163056 65.01219331 58.11269837 71.59797975 60.55634919 53.65685425 65.28427125 67.01219331 64.52691193 62.62741700 61.31370850 77.25483400 78.08326112 88.15432893
43.07106781 76.11269837 61.28427125 45.45584412 43.62741700 35.31370850 54.11269837 75.69848481 33.38477631 25.65685425 58.79898987 40.79898987 44.38477631 21.89949494 81.11269837 18.48528137 51.45584412 43.31370850 66.69848481 28.72792206 74.59797975 67.35533906 23.41421356 0.00000000 36.04163056 69.42640687 29.38477631 38.97056275 79.49747468 21.48528137 67.76955262 11.82842712 38.97056275 33.14213562 66.18376618 43.14213562 35.14213562 21.07106781 38.62741700 29.07106781 60.35533906 69.59797975 35.62741700 55.35533906 35.55634919 48.76955262 38.07106781 47.11269837 72.25483400 53.69848481 51.97056275 57.94112550 52.31370850 81.15432893 72.56854249 55.55634919 66.42640687 64.28427125 92.22539674 70.25483400
47.69848481 93.42640687 78.59797975 61.59797975 35.72792206 46.76955262 37.38477631 93.01219331 28.79898987 39.45584412 77.28427125 22.89949494 62.87005769 26.14213562 99.59797975 40.14213562 69.94112550 17.89949494 85.18376618 17.07106781 93.08326112 85.84062043 52.76955262 36.04163056 0.00000000 87.91168825 6.65685425 8.24264069 100.32590181 46.69848481 88.59797975 25.38477631 59.79898987 52.21320344 87.01219331 21.14213562 20.41421356 26.62741700 57.94112550 35.45584412 80.01219331 90.42640687 30.07106781 74.42640687 52.76955262 68.08326112 44.45584412 40.72792206 89.56854249 47.31370850 60.84062043 73.25483400 55.62741700 96.71067812 91.88225099 62.52691193 84.91168825 59.55634919 108.36753237 63.87005769
62.84062043 42.38477631 41.79898987 43.28427125 72.42640687 48.59797975 88.18376618 33.38477631 65.11269837 50.69848481 25.07106781 78.76955262 27.62741700 63.76955262 29.48528137 51.52691193 18.55634919 85.42640687 14.24264069 71.42640687 12.24264069 16.07106781 57.62741700 69.42640687 87.91168825 0.00000000 87.11269837 94.98275606 20.65685425 52.04163056 6.82842712 68.38477631 35.72792206 43.31370850 20.89949494 100.87005769 88.72792206 71.48528137 36.65685425 69.72792206 29.07106781 33.14213562 86.62741700 30.07106781 57.72792206 39.97056275 73.21320344 91.87005769 44.48528137 96.69848481 63.11269837 53.87005769 81.35533906 53.38477631 50.89949494 73.76955262 56.89949494 99.66904756 64.45584412 112.08326112
51.04163056 94.42640687 79.59797975 62.59797975 39.07106781 47.76955262 41.55634919 94.01219331 32.14213562 40.45584412 78.28427125 28.48528137 63.87005769 27.14213562 100.59797975 41.14213562 70.94112550 22.07106781 86.18376618 18.07106781 94.08326112 86.84062043 46.11269837 29.38477631 6.65685425 87.11269837 0.00000000 10.41421356 93.66904756 40.04163056 81.94112550 18.72792206 53.14213562 45.55634919 80.35533906 20.38477631 17.65685425 19.97056275 51.28427125 28.79898987 73.35533906 83.76955262 25.65685425 67.76955262 46.11269837 61.42640687 37.79898987 36.31370850 82.91168825 42.89949494 54.18376618 66.59797975 50.38477631 90.05382387 85.22539674 55.28427125 78.25483400 55.14213562 101.71067812 59.45584412
57.11269837 100.49747468 85.66904756 68.66904756 45.14213562 53.84062043 47.62741700 100.08326112 38.21320344 46.52691193 84.35533906 33.14213562 69.94112550 33.21320344 106.66904756 47.21320344 77.01219331 26.14213562 92.25483400 24.14213562 100.15432893 92.91168825 55.69848481 38.97056275 8.24264069 94.98275606 10.41421356 0.00000000 103.25483400 49.62741700 91.52691193 28.31370850 62.72792206 55.14213562 89.94112550 14.07106781 16.41421356 27.79898987 60.87005769 36.04163056 82.94112550 93.35533906 27.14213562 77.35533906 53.35533906 71.01219331 43.28427125 37.79898987 92.49747468 44.38477631 62.01219331 74.42640687 52.69848481 99.63961031 98.66904756 59.59797975 86.08326112 56.62741700 111.29646456 60.94112550
81.15432893 58.94112550 55.04163056 61.59797975 90.74011537 66.91168825 106.49747468 49.94112550 83.42640687 69.01219331 41.62741700 97.08326112 45.94112550 82.08326112 46.04163056 69.84062043 37.45584412 103.74011537 30.79898987 89.74011537 15.48528137 36.14213562 64.18376618 79.49747468 100.32590181 20.65685425 93.66904756 103.25483400 0.00000000 58.59797975 17.82842712 74.94112550 42.28427125 49.87005769 13.89949494 107.42640687 95.28427125 78.04163056 43.21320344 76.28427125 28.55634919 23.07106781 93.18376618 34.87005769 64.28427125 45.94112550 79.76955262 98.42640687 45.28427125 105.59797975 72.01219331 61.01219331 90.25483400 54.18376618 51.69848481 82.66904756 59.35533906 108.56854249 64.66904756 120.98275606
51.97056275 82.76955262 67.94112550 52.69848481 53.35533906 42.55634919 63.84062043 82.35533906 46.04163056 34.55634919 65.45584412 50.52691193 51.04163056 31.62741700 80.69848481 25.14213562 58.11269837 53.04163056 65.45584412 38.45584412 61.94112550 65.87005769 11.24264069 21.48528137 46.69848481 52.04163056 40.04163056 49.62741700 58.59797975 0.00000000 46.87005769 21.31370850 18.07106781 12.24264069 45.28427125 53.79898987 45.79898987 31.14213562 21.48528137 30.55634919 39.45584412 48.69848481 47.45584412 34.45584412 28.89949494 35.72792206 39.21320344 58.94112550 51.35533906 59.42640687 52.38477631 45.48528137 53.45584412 60.25483400 57.76955262 54.21320344 54.55634919 65.42640687 71.32590181 74.56854249
69.66904756 49.21320344 48.62741700 50.11269837 79.25483400 55.42640687 95.01219331 40.21320344 71.94112550 57.52691193 31.89949494 85.59797975 34.45584412 70.59797975 36.31370850 58.35533906 25.38477631 92.25483400 21.07106781 78.25483400 15.07106781 22.31370850 52.45584412 67.76955262 88.59797975 6.82842712 81.94112550 91.52691193 17.82842712 46.87005769 0.00000000 63.21320344 30.55634919 38.14213562 14.65685425 95.69848481 83.55634919 66.31370850 31.48528137 64.55634919 23.89949494 26.89949494 81.45584412 24.89949494 52.55634919 34.79898987 68.04163056 86.69848481 39.31370850 91.52691193 57.94112550 48.69848481 76.18376618 48.21320344 45.72792206 68.59797975 51.72792206 94.49747468 59.28427125 106.91168825
53.72792206 86.18376618 71.35533906 56.11269837 52.72792206 45.97056275 57.69848481 85.76955262 45.79898987 36.31370850 68.87005769 43.79898987 54.45584412 32.55634919 91.18376618 28.55634919 61.52691193 38.21320344 76.76955262 31.72792206 78.28427125 77.42640687 27.38477631 11.82842712 25.38477631 68.38477631 18.72792206 28.31370850 74.94112550 21.31370850 63.21320344 0.00000000 34.41421356 26.82842712 61.62741700 32.48528137 24.48528137 9.82842712 32.55634919 17.82842712 54.62741700 65.04163056 26.14213562 49.04163056 28.89949494 42.69848481 26.82842712 37.62741700 64.18376618 44.21320344 43.21320344 51.87005769 41.07106781 71.32590181 66.49747468 44.31370850 60.35533906 53.04163056 82.98275606 60.76955262
68.28427125 77.28427125 75.87005769 69.01219331 69.66904756 58.87005769 80.15432893 68.28427125 62.35533906 50.87005769 59.97056275 66.84062043 61.69848481 47.94112550 64.38477631 41.45584412 52.62741700 69.35533906 49.14213562 54.76955262 45.62741700 49.55634919 23.65685425 38.97056275 59.79898987 35.72792206 53.14213562 62.72792206 42.28427125 18.07106781 30.55634919 34.41421356 0.00000000 12.65685425 28.97056275 66.89949494 58.89949494 41.89949494 12.48528137 42.38477631 23.14213562 32.38477631 58.79898987 20.48528137 31.21320344 25.89949494 49.28427125 67.94112550 37.38477631 71.25483400 45.62741700 38.72792206 60.01219331 46.28427125 43.79898987 56.28427125 46.38477631 76.08326112 57.35533906 86.39696962
62.45584412 84.87005769 78.42640687 63.18376618 63.84062043 53.04163056 74.32590181 75.87005769 56.52691193 45.04163056 67.55634919 61.01219331 61.52691193 42.11269837 71.97056275 35.62741700 60.21320344 63.52691193 56.72792206 48.94112550 53.21320344 57.14213562 19.24264069 33.14213562 52.21320344 43.31370850 45.55634919 55.14213562 49.87005769 12.24264069 38.14213562 26.82842712 12.65685425 0.00000000 36.55634919 59.31370850 51.31370850 31.72792206 8.65685425 31.14213562 30.14213562 39.97056275 47.55634919 23.97056275 21.72792206 22.89949494 39.79898987 58.45584412 40.87005769 61.76955262 40.14213562 33.24264069 50.52691193 49.76955262 47.28427125 47.04163056 41.72792206 66.59797975 60.84062043 76.91168825
83.15432893 62.11269837 58.21320344 63.59797975 92.74011537 68.91168825 107.36753237 53.11269837 85.42640687 71.01219331 44.79898987 94.05382387 47.94112550 75.15432893 49.21320344 68.66904756 39.45584412 96.56854249 33.97056275 81.98275606 21.82842712 36.38477631 50.87005769 66.18376618 87.01219331 20.89949494 80.35533906 89.94112550 13.89949494 45.28427125 14.65685425 61.62741700 28.97056275 36.55634919 0.00000000 94.11269837 81.97056275 64.72792206 29.89949494 62.97056275 14.07106781 13.65685425 79.87005769 21.55634919 50.97056275 32.62741700 66.45584412 85.11269837 32.55634919 91.11269837 57.52691193 46.52691193 75.76955262 41.45584412 38.97056275 68.18376618 47.21320344 94.08326112 51.94112550 106.49747468
69.42640687 112.81118318 97.98275606 80.98275606 57.45584412 66.15432893 59.94112550 112.39696962 50.52691193 58.84062043 96.66904756 46.87005769 82.25483400 45.52691193 118.98275606 59.52691193 89.32590181 40.45584412 104.56854249 36.45584412 110.76955262 105.22539674 59.87005769 43.14213562 21.14213562 100.87005769 20.38477631 14.07106781 107.42640687 53.79898987 95.69848481 32.48528137 66.89949494 59.31370850 94.11269837 0.00000000 9.41421356 31.14213562 65.04163056 34.31370850 87.11269837 97.52691193 23.07106781 81.52691193 51.04163056 69.87005769 39.21320344 33.72792206 91.69848481 40.31370850 57.94112550 70.35533906 48.62741700 101.42640687 94.59797975 55.52691193 82.01219331 52.55634919 113.08326112 56.87005769
67.28427125 110.66904756 95.84062043 78.84062043 55.31370850 64.01219331 57.79898987 110.25483400 48.38477631 56.69848481 94.52691193 44.72792206 80.11269837 43.38477631 116.84062043 53.04163056 87.18376618 38.31370850 102.42640687 34.31370850 98.62741700 103.08326112 51.87005769 35.14213562 20.41421356 88.72792206 17.65685425 16.41421356 95.28427125 45.79898987 83.55634919 24.48528137 58.89949494 51.31370850 81.97056275 9.41421356 0.00000000 20.07106781 52.07106781 24.89949494 74.14213562 84.55634919 13.65685425 68.55634919 41.62741700 60.45584412 29.79898987 24.31370850 82.28427125 30.89949494 48.52691193 60.94112550 39.21320344 92.01219331 85.18376618 46.11269837 72.59797975 43.14213562 103.66904756 47.45584412
63.55634919 96.01219331 81.18376618 65.94112550 55.14213562 55.79898987 60.11269837 95.59797975 48.21320344 46.14213562 78.69848481 46.21320344 64.28427125 43.21320344 100.14213562 38.38477631 71.35533906 40.62741700 84.89949494 34.14213562 81.38477631 87.25483400 37.21320344 21.07106781 26.62741700 71.48528137 19.97056275 27.79898987 78.04163056 31.14213562 66.31370850 9.82842712 41.89949494 31.72792206 64.72792206 31.14213562 20.07106781 0.00000000 34.82842712 8.82842712 56.89949494 67.31370850 17.48528137 51.31370850 26.14213562 44.97056275 17.82842712 28.97056275 66.79898987 33.79898987 34.21320344 46.62741700 31.24264069 73.35533906 70.87005769 35.31370850 58.28427125 43.21320344 85.01219331 52.11269837
71.69848481 78.21320344 76.79898987 72.42640687 73.08326112 62.28427125 83.56854249 69.21320344 65.76955262 54.28427125 60.89949494 70.25483400 62.62741700 51.35533906 65.31370850 44.87005769 53.55634919 70.76955262 50.07106781 58.18376618 46.55634919 50.48528137 28.24264069 38.62741700 57.94112550 36.65685425 51.28427125 60.87005769 43.21320344 21.48528137 31.48528137 32.55634919 12.48528137 8.65685425 29.89949494 65.04163056 52.07106781 34.82842712 0.00000000 33.07106781 22.07106781 32.48528137 52.55634919 16.48528137 21.07106781 15.65685425 39.14213562 57.79898987 33.38477631 61.11269837 33.72792206 26.82842712 51.97056275 42.28427125 39.79898987 44.38477631 34.48528137 65.94112550 53.35533906 76.25483400
70.14213562 102.59797975 87.76955262 72.52691193 63.97056275 62.38477631 68.94112550 102.28427125 57.04163056 52.72792206 85.28427125 55.04163056 70.87005769 52.04163056 98.38477631 44.97056275 77.94112550 49.45584412 83.14213562 42.97056275 79.62741700 83.55634919 42.04163056 29.07106781 35.45584412 69.72792206 28.79898987 36.04163056 76.28427125 30.55634919 64.55634919 17.82842712 42.38477631 31.14213562 62.97056275 34.31370850 24.89949494 8.82842712 33.07106781 0.00000000 55.14213562 65.55634919 18.41421356 47.21320344 17.31370850 36.14213562 10.41421356 26.72792206 57.97056275 30.62741700 25.97056275 38.38477631 24.65685425 64.52691193 60.87005769 27.89949494 50.04163056 36.62741700 76.18376618 45.76955262
89.66904756 70.62741700 70.04163056 71.52691193 91.05382387 80.25483400 101.53910524 61.62741700 83.74011537 72.25483400 53.31370850 88.22539674 55.87005769 69.32590181 57.72792206 62.84062043 46.79898987 90.74011537 42.48528137 76.15432893 34.48528137 43.72792206 45.04163056 60.35533906 80.01219331 29.07106781 73.35533906 82.94112550 28.55634919 39.45584412 23.89949494 54.62741700 23.14213562 30.14213562 14.07106781 87.11269837 74.14213562 56.89949494 22.07106781 55.14213562 0.00000000 10.41421356 69.55634919 9.24264069 38.89949494 20.31370850 56.14213562 79.52691193 19.07106781 77.04163056 43.45584412 32.45584412 61.69848481 27.97056275 26.31370850 54.11269837 33.14213562 80.01219331 38.45584412 92.42640687
95.39696962 74.35533906 70.45584412 75.84062043 100.29646456 81.15432893 110.78174593 65.35533906 92.98275606 81.49747468 57.04163056 97.46803743 60.18376618 78.56854249 61.45584412 72.08326112 51.69848481 99.98275606 46.21320344 85.39696962 34.07106781 48.62741700 54.28427125 69.59797975 90.42640687 33.14213562 83.76955262 93.35533906 23.07106781 48.69848481 26.89949494 65.04163056 32.38477631 39.97056275 13.65685425 97.52691193 84.55634919 67.31370850 32.48528137 65.55634919 10.41421356 0.00000000 81.62741700 18.82842712 50.97056275 29.89949494 68.21320344 89.11269837 26.31370850 86.62741700 53.04163056 42.04163056 71.28427125 35.21320344 32.72792206 63.69848481 40.38477631 89.59797975 45.69848481 102.01219331
76.11269837 112.32590181 97.49747468 82.25483400 64.14213562 72.84062043 66.62741700 111.91168825 57.21320344 62.45584412 95.01219331 53.55634919 80.59797975 52.21320344 115.28427125 54.69848481 87.66904756 47.14213562 100.04163056 43.14213562 96.52691193 100.45584412 53.52691193 35.62741700 30.07106781 86.62741700 25.65685425 27.14213562 93.18376618 47.45584412 81.45584412 26.14213562 58.79898987 47.55634919 79.87005769 23.07106781 13.65685425 17.48528137 52.55634919 18.41421356 69.55634919 81.62741700 0.00000000 61.97056275 32.07106781 50.89949494 18.48528137 11.48528137 76.87005769 18.07106781 36.62741700 49.04163056 25.55634919 80.11269837 73.28427125 32.45584412 60.69848481 29.48528137 91.76955262 34.62741700
84.66904756 71.62741700 70.21320344 71.69848481 86.05382387 75.25483400 96.53910524 62.62741700 78.74011537 67.25483400 54.31370850 83.22539674 56.04163056 64.32590181 58.72792206 57.84062043 46.97056275 85.74011537 43.48528137 71.15432893 39.97056275 43.89949494 41.21320344 55.35533906 74.42640687 30.07106781 67.76955262 77.35533906 34.87005769 34.45584412 24.89949494 49.04163056 20.48528137 23.97056275 21.55634919 81.52691193 68.55634919 51.31370850 16.48528137 47.21320344 9.24264069 18.82842712 61.97056275 0.00000000 32.14213562 11.07106781 47.72792206 70.28427125 17.48528137 67.79898987 34.21320344 24.97056275 52.45584412 26.38477631 23.89949494 44.87005769 29.89949494 70.76955262 37.45584412 83.18376618
73.31370850 99.28427125 89.28427125 74.04163056 74.69848481 63.89949494 85.66904756 90.28427125 67.38477631 55.89949494 81.97056275 71.76955262 72.38477631 52.97056275 86.38477631 46.48528137 74.62741700 66.18376618 71.14213562 59.69848481 67.62741700 71.55634919 37.31370850 35.55634919 52.76955262 57.72792206 46.11269837 53.35533906 64.28427125 28.89949494 52.55634919 28.89949494 31.21320344 21.72792206 50.97056275 51.04163056 41.62741700 26.14213562 21.07106781 17.31370850 38.89949494 50.97056275 32.07106781 32.14213562 0.00000000 21.07106781 18.65685425 37.31370850 42.89949494 40.62741700 23.97056275 27.07106781 29.38477631 49.45584412 45.79898987 25.89949494 35.55634919 45.45584412 61.11269837 55.76955262
85.94112550 81.52691193 80.11269837 81.59797975 87.32590181 76.52691193 97.81118318 72.52691193 80.01219331 68.52691193 64.21320344 84.49747468 65.94112550 65.59797975 68.62741700 59.11269837 56.87005769 80.91168825 53.38477631 72.42640687 49.87005769 53.79898987 42.48528137 48.76955262 68.08326112 39.97056275 61.42640687 71.01219331 45.94112550 35.72792206 34.79898987 42.69848481 25.89949494 22.89949494 32.62741700 69.87005769 60.45584412 44.97056275 15.65685425 36.14213562 20.31370850 29.89949494 50.89949494 11.07106781 21.07106781 0.00000000 36.65685425 59.21320344 22.65685425 56.72792206 23.14213562 16.24264069 41.38477631 29.21320344 24.38477631 33.79898987 21.65685425 59.69848481 40.87005769 72.11269837
79.14213562 111.59797975 96.76955262 81.52691193 72.97056275 71.38477631 77.94112550 105.76955262 66.04163056 61.72792206 94.28427125 64.04163056 79.87005769 61.04163056 101.87005769 53.97056275 86.94112550 58.45584412 86.62741700 51.97056275 83.11269837 87.04163056 51.04163056 38.07106781 44.45584412 73.21320344 37.79898987 43.28427125 79.76955262 39.21320344 68.04163056 26.82842712 49.28427125 39.79898987 66.45584412 39.21320344 29.79898987 17.82842712 39.14213562 10.41421356 56.14213562 68.21320344 18.48528137 47.72792206 18.65685425 36.65685425 0.00000000 21.24264069 61.31370850 23.72792206 21.07106781 33.48528137 14.24264069 64.55634919 57.72792206 17.48528137 45.14213562 27.38477631 76.21320344 38.28427125
86.76955262 123.81118318 108.98275606 93.74011537 74.79898987 83.49747468 77.28427125 123.39696962 67.87005769 73.94112550 106.49747468 64.21320344 92.08326112 62.87005769 120.52691193 66.18376618 99.15432893 57.79898987 105.28427125 53.79898987 101.76955262 105.69848481 65.01219331 47.11269837 40.72792206 91.87005769 36.31370850 37.79898987 98.42640687 58.94112550 86.69848481 37.62741700 67.94112550 58.45584412 85.11269837 33.72792206 24.31370850 28.97056275 57.79898987 26.72792206 79.52691193 89.11269837 11.48528137 70.28427125 37.31370850 59.21320344 21.24264069 0.00000000 77.97056275 7.41421356 37.72792206 50.14213562 21.97056275 81.21320344 74.38477631 31.79898987 61.79898987 18.82842712 92.87005769 23.14213562
101.56854249 86.04163056 84.62741700 86.11269837 102.95331881 92.15432893 113.43860018 77.04163056 95.63961031 84.15432893 68.72792206 100.12489168 70.45584412 81.22539674 73.14213562 74.74011537 61.38477631 102.63961031 57.89949494 88.05382387 52.97056275 58.31370850 58.11269837 72.25483400 89.56854249 44.48528137 82.91168825 92.49747468 45.28427125 51.35533906 39.31370850 64.18376618 37.38477631 40.87005769 32.55634919 91.69848481 82.28427125 66.79898987 33.38477631 57.97056275 19.07106781 26.31370850 76.87005769 17.48528137 42.89949494 22.65685425 61.31370850 77.97056275 0.00000000 75.48528137 44.14213562 31.72792206 62.38477631 13.24264069 13.24264069 54.79898987 25.72792206 80.69848481 22.55634919 93.11269837
93.35533906 130.39696962 115.56854249 100.32590181 81.38477631 90.08326112 83.87005769 129.25483400 74.45584412 80.52691193 113.08326112 70.79898987 98.66904756 69.45584412 125.35533906 72.76955262 105.74011537 64.38477631 110.11269837 60.38477631 106.59797975 110.52691193 71.59797975 53.69848481 47.31370850 96.69848481 42.89949494 44.38477631 105.59797975 59.42640687 91.52691193 44.21320344 71.25483400 61.76955262 91.11269837 40.31370850 30.89949494 33.79898987 61.11269837 30.62741700 77.04163056 86.62741700 18.07106781 67.79898987 40.62741700 56.72792206 23.72792206 7.41421356 75.48528137 0.00000000 35.24264069 47.65685425 18.65685425 78.72792206 71.89949494 29.31370850 59.31370850 11.41421356 90.38477631 17.72792206
92.21320344 104.66904756 103.25483400 94.59797975 89.35533906 84.45584412 94.32590181 95.66904756 82.42640687 74.79898987 87.35533906 80.42640687 89.08326112 77.42640687 91.76955262 67.04163056 80.01219331 74.84062043 76.52691193 68.35533906 73.01219331 76.94112550 60.55634919 51.97056275 60.84062043 63.11269837 54.18376618 62.01219331 72.01219331 52.38477631 57.94112550 43.21320344 45.62741700 40.14213562 57.52691193 57.94112550 48.52691193 34.21320344 33.72792206 25.97056275 43.45584412 53.04163056 36.62741700 34.21320344 23.97056275 23.14213562 21.07106781 37.72792206 44.14213562 35.24264069 0.00000000 12.41421356 18.24264069 43.48528137 36.65685425 10.65685425 24.07106781 36.55634919 55.14213562 48.97056275
95.69848481 95.42640687 94.01219331 95.49747468 97.08326112 86.28427125 106.74011537 86.42640687 89.76955262 78.28427125 78.11269837 92.84062043 79.84062043 75.35533906 82.52691193 68.87005769 70.76955262 87.25483400 67.28427125 80.76955262 63.76955262 67.69848481 53.65685425 57.94112550 73.25483400 53.87005769 66.59797975 74.42640687 61.01219331 45.48528137 48.69848481 51.87005769 38.72792206 33.24264069 46.52691193 70.35533906 60.94112550 46.62741700 26.82842712 38.38477631 32.45584412 42.04163056 49.04163056 24.97056275 27.07106781 16.24264069 33.48528137 50.14213562 31.72792206 47.65685425 12.41421356 0.00000000 30.65685425 31.07106781 24.24264069 23.07106781 11.65685425 48.97056275 42.72792206 61.38477631
93.38477631 122.91168825 111.01219331 95.76955262 85.55634919 85.62741700 90.52691193 113.91168825 78.62741700 75.97056275 105.59797975 76.62741700 94.11269837 73.62741700 110.01219331 68.21320344 98.25483400 71.04163056 94.76955262 64.55634919 91.25483400 95.18376618 65.28427125 52.31370850 55.62741700 81.35533906 50.38477631 52.69848481 90.25483400 53.45584412 76.18376618 41.07106781 60.01219331 50.52691193 75.76955262 48.62741700 39.21320344 31.24264069 51.97056275 24.65685425 61.69848481 71.28427125 25.55634919 52.45584412 29.38477631 41.38477631 14.24264069 21.97056275 62.38477631 18.65685425 18.24264069 30.65685425 0.00000000 61.72792206 54.89949494 9.82842712 42.31370850 17.82842712 73.38477631 31.07106781
110.46803743 94.94112550 93.52691193 95.01219331 111.85281374 101.05382387 122.33809512 85.94112550 104.53910524 93.05382387 77.62741700 109.02438662 79.35533906 90.12489168 82.04163056 83.63961031 70.28427125 111.53910524 66.79898987 96.95331881 61.87005769 67.21320344 67.01219331 81.15432893 96.71067812 53.38477631 90.05382387 99.63961031 54.18376618 60.25483400 48.21320344 71.32590181 46.28427125 49.76955262 41.45584412 101.42640687 92.01219331 73.35533906 42.28427125 64.52691193 27.97056275 35.21320344 80.11269837 26.38477631 49.45584412 29.21320344 64.55634919 81.21320344 13.24264069 78.72792206 43.48528137 31.07106781 61.72792206 0.00000000 10.24264069 54.14213562 23.31370850 80.04163056 13.07106781 92.45584412
107.98275606 92.45584412 91.04163056 92.52691193 109.36753237 98.56854249 119.85281374 83.45584412 102.05382387 90.56854249 75.14213562 106.53910524 76.87005769 87.63961031 79.55634919 81.15432893 67.79898987 104.71067812 64.31370850 94.46803743 59.38477631 64.72792206 64.52691193 72.56854249 91.88225099 50.89949494 85.22539674 98.66904756 51.69848481 57.76955262 45.72792206 66.49747468 43.79898987 47.28427125 38.97056275 94.59797975 85.18376618 70.87005769 39.79898987 60.87005769 26.31370850 32.72792206 73.28427125 23.89949494 45.79898987 24.38477631 57.72792206 74.38477631 13.24264069 71.89949494 36.65685425 24.24264069 54.89949494 10.24264069 0.00000000 47.31370850 14.82842712 73.21320344 21.89949494 85.62741700
96.62741700 115.32590181 113.91168825 99.01219331 90.45584412 88.87005769 95.42640687 106.32590181 83.52691193 79.21320344 98.01219331 81.52691193 99.74011537 78.52691193 102.42640687 71.45584412 90.66904756 75.94112550 87.18376618 69.45584412 83.66904756 87.59797975 62.62741700 55.55634919 62.52691193 73.76955262 55.28427125 59.59797975 82.66904756 54.21320344 68.59797975 44.31370850 56.28427125 47.04163056 68.18376618 55.52691193 46.11269837 35.31370850 44.38477631 27.89949494 54.11269837 63.69848481 32.45584412 44.87005769 25.89949494 33.79898987 17.48528137 31.79898987 54.79898987 29.31370850 10.65685425 23.07106781 9.82842712 54.14213562 47.31370850 0.00000000 34.72792206 26.48528137 65.79898987 38.89949494
104.76955262 98.45584412 97.04163056 98.52691193 106.15432893 95.35533906 118.39696962 89.45584412 98.84062043 87.35533906 81.14213562 104.49747468 82.87005769 84.42640687 85.55634919 77.94112550 73.79898987 98.91168825 70.31370850 92.42640687 67.62741700 70.72792206 61.31370850 66.42640687 84.91168825 56.89949494 78.25483400 86.08326112 59.35533906 54.55634919 51.72792206 60.35533906 46.38477631 41.72792206 47.21320344 82.01219331 72.59797975 58.28427125 34.48528137 50.04163056 33.14213562 40.38477631 60.69848481 29.89949494 35.55634919 21.65685425 45.14213562 61.79898987 25.72792206 59.31370850 24.07106781 11.65685425 42.31370850 23.31370850 14.82842712 34.72792206 0.00000000 60.62741700 34.97056275 73.04163056
105.59797975 141.22539674 122.98275606 107.74011537 93.62741700 97.59797975 96.11269837 132.22539674 86.69848481 87.94112550 123.91168825 83.04163056 106.08326112 81.69848481 128.32590181 80.18376618 116.56854249 76.62741700 113.08326112 72.62741700 109.56854249 113.49747468 77.25483400 64.28427125 59.55634919 99.66904756 55.14213562 56.62741700 108.56854249 65.42640687 94.49747468 53.04163056 76.08326112 66.59797975 94.08326112 52.55634919 43.14213562 43.21320344 65.94112550 36.62741700 80.01219331 89.59797975 29.48528137 70.76955262 45.45584412 59.69848481 27.38477631 18.82842712 80.69848481 11.41421356 36.55634919 48.97056275 17.82842712 80.04163056 73.21320344 26.48528137 60.62741700 0.00000000 91.69848481 13.24264069
121.53910524 106.01219331 104.59797975 106.08326112 122.92388155 112.12489168 133.40916293 97.01219331 115.61017306 104.12489168 88.69848481 120.09545443 90.42640687 101.19595949 93.11269837 94.71067812 81.35533906 122.61017306 77.87005769 108.02438662 72.35533906 78.28427125 78.08326112 92.22539674 108.36753237 64.45584412 101.71067812 111.29646456 64.66904756 71.32590181 59.28427125 82.98275606 57.35533906 60.84062043 51.94112550 113.08326112 103.66904756 85.01219331 53.35533906 76.18376618 38.45584412 45.69848481 91.76955262 37.45584412 61.11269837 40.87005769 76.21320344 92.87005769 22.55634919 90.38477631 55.14213562 42.72792206 73.38477631 13.07106781 21.89949494 65.79898987 34.97056275 91.69848481 0.00000000 104.11269837
109.91168825 153.63961031 132.12489168 116.88225099 97.94112550 106.63961031 100.42640687 144.63961031 91.01219331 97.08326112 129.63961031 87.35533906 115.22539674 86.01219331 140.74011537 89.32590181 122.29646456 80.94112550 125.49747468 76.94112550 121.98275606 125.91168825 88.15432893 70.25483400 63.87005769 112.08326112 59.45584412 60.94112550 120.98275606 74.56854249 106.91168825 60.76955262 86.39696962 76.91168825 106.49747468 56.87005769 47.45584412 52.11269837 76.25483400 45.76955262 92.42640687 102.01219331 34.62741700 83.18376618 55.76955262 72.11269837 38.28427125 23.14213562 93.11269837 17.72792206 48.97056275 61.38477631 31.07106781 92.45584412 85.62741700 38.89949494 73.04163056 13.24264069 104.11269837 0.00000000
