0.00000000 22.66681489 17.77766395 10.60664314 5.10944524 4.09302153 9.05870425 22.55885634 8.53409043 6.76183593 19.41048185 10.95177910 14.34976352 16.02233629 30.96584360 9.99262622 17.87010067 16.71473386 24.91743872 14.47769671 27.70058775 25.12983786 18.97359130 18.96678813 23.12412693 26.12296260 20.37164717 22.55697884 30.53885463 20.52052052 28.52009229 22.81805378 26.42939732 25.55358343 31.91342187 25.18086520 25.79733992 26.89738657 28.46270825 31.18556319 33.61858418 34.33428305 30.70231651 33.31189363 32.43896947 36.65143750 35.48756319 35.25832271 41.78055740 38.16641798 43.76263184 41.30189053 41.17639721 42.49140552 41.61477129 43.07552542 43.14389168 40.55867927 44.15541494 40.69547941
22.66681489 0.00000000 6.70404434 14.39447712 29.40986053 18.56592940 31.63327041 2.43523968 27.50234649 20.81269783 11.68886229 32.60669166 12.58513296 28.27370857 6.66482835 23.40788040 14.37926857 37.48033115 10.56622961 32.01450359 16.12733040 18.40659779 32.08778732 32.57138757 39.24960160 15.54425515 38.75779547 40.94312714 18.96559728 33.63471654 17.94138484 36.07755395 28.68277477 32.13959039 20.63514187 43.56701350 44.18348821 40.15688674 29.56348282 44.45253959 27.28472207 23.05600305 48.34759633 27.05238145 37.84977390 32.59247668 48.75453959 53.22544751 34.70001593 56.13354279 41.56551661 38.01158522 47.05012000 35.46327827 34.58664404 44.53011599 37.45750251 51.60168211 37.12728768 52.95359842
17.77766395 6.70404434 0.00000000 9.24107882 24.52070959 13.67677846 26.74411947 7.41025530 22.61319556 15.92354689 7.42689314 27.71754072 7.90685782 23.38455764 12.55134895 18.51872946 10.25520313 32.59118021 14.39059357 27.12535265 21.30166439 17.13109985 27.19863639 27.68223664 34.36045066 18.12422459 33.86864453 36.05397620 24.13993127 28.74556560 20.52135428 31.18840301 31.36820789 33.77862851 25.80947585 38.67786256 39.29433728 35.26773580 32.24891593 39.56338865 29.83024176 28.23033704 43.45844539 29.73781456 40.71553624 35.27790979 43.86538865 48.33629657 37.38544905 51.24439185 44.25094972 40.69701834 49.55422267 38.14871138 37.27207715 47.21554911 40.14293563 55.55537305 39.81272080 53.77345328
10.60664314 14.39447712 9.24107882 0.00000000 17.34968877 6.50575764 19.57309865 14.28651857 15.44217474 8.75252608 11.73931897 20.54651991 7.05722907 16.21353682 22.42136806 10.82337193 10.58338647 25.42015940 17.35327304 19.95433184 20.42918115 17.85843127 19.47601792 20.11467722 27.18942985 18.85155601 26.69762372 28.88295539 23.26744803 21.02294714 21.24868570 23.46578454 26.93182393 26.05601004 24.64201528 31.50684175 32.12331646 27.54511733 28.96513486 31.84077018 30.55757318 27.06287646 35.73582692 30.46514598 32.99291777 36.00524121 36.14277018 40.61367811 38.11278046 43.52177338 44.41783883 41.42434976 41.83160420 38.87604280 37.99940857 43.73073241 40.87026705 47.83275459 40.54005221 46.05083481
5.10944524 29.40986053 24.52070959 17.34968877 0.00000000 10.62883813 7.64757518 29.30190198 4.37359765 9.32435277 26.15352748 6.24814956 20.01445886 11.02067824 36.52782026 12.61671023 22.67397387 11.16006406 31.03415096 8.80839672 32.50446094 29.93371106 20.53230900 20.95029036 17.53139826 30.92683580 14.77891850 16.96425017 35.34272782 22.07923822 33.32396549 19.89759566 27.98811502 27.11230113 36.71729506 19.58813653 20.20461125 20.57263286 30.02142595 24.55860273 35.17730188 37.55684935 25.10958783 34.87061133 33.99768718 38.21015520 28.86060273 29.66559404 43.33927510 32.57368931 37.09838036 42.86060823 35.19261788 44.05012323 43.17348899 36.44856496 44.70260939 34.96595060 45.71413264 35.10275074
4.09302153 18.56592940 13.67677846 6.50575764 10.62883813 0.00000000 13.05947705 18.45797085 9.43019015 3.24067612 15.30959635 14.53453531 10.24887802 10.19136446 26.86495810 6.02750000 15.38971773 19.39798703 20.81655323 13.93215947 25.22020481 22.64945492 14.68014599 15.31880530 21.16725748 23.64257966 20.67545135 22.86078302 28.05847169 16.22707521 26.03970935 18.66991262 22.13595201 21.26013812 29.43303893 25.48466938 26.10114410 22.74924541 24.16926294 27.04489826 29.32513887 31.85390011 31.00612068 29.01844832 28.19704585 32.35799219 31.34689826 35.56212688 37.48711209 38.47022216 39.62196690 37.00844522 37.03573227 38.19796021 37.32132598 38.93486048 38.85044637 43.03688266 39.86196963 40.99928359
9.05870425 31.63327041 26.74411947 19.57309865 7.64757518 13.05947705 0.00000000 31.52531186 10.49069852 16.89668841 28.37693736 6.53667525 27.58679451 13.95248996 44.10015590 20.18904588 30.24630951 7.77040090 38.60648660 12.55010796 40.07679659 37.50604670 27.93971055 27.23665113 20.73620511 38.49917144 18.72430749 20.78899346 42.91506347 29.48663976 40.89630113 23.79831651 35.39551656 34.51970267 45.42740836 23.53352553 24.15000024 24.47335370 37.42882749 28.45932357 42.58470342 44.96425090 29.05497683 42.27801287 35.19797620 45.61755674 32.76132357 33.61098303 50.74667665 36.51907830 40.99910120 45.05365058 39.09333873 51.45752477 50.58089054 40.34928580 49.19716227 38.91133959 53.12153418 39.04813973
22.55885634 2.43523968 7.41025530 14.28651857 29.30190198 18.45797085 31.52531186 0.00000000 27.39438795 20.70473928 11.28391922 32.49873311 12.09362485 28.16575002 5.14109365 23.29992185 14.27695626 37.37237260 8.28751807 31.90654504 13.84861886 16.12788624 31.97982877 32.46342902 39.14164305 13.26554360 38.64983692 40.83516859 16.68688574 33.52675799 15.66267329 35.96959540 26.40406323 29.86087885 18.35643032 43.45905495 44.07552967 40.04892819 27.28477127 43.36463656 25.00601052 20.77729151 48.23963778 24.77366990 35.57106236 30.31376513 44.82411892 53.11748896 32.42130439 53.37173904 39.28680506 35.73287368 44.77140845 33.18456672 32.30793249 42.25140445 35.17879097 49.32297057 34.84857614 50.67488687
8.53409043 27.50234649 22.61319556 15.44217474 4.37359765 9.43019015 10.49069852 27.39438795 0.00000000 7.78115660 24.24601345 6.08210548 18.47126269 8.63223459 34.98462409 11.07351406 21.13077770 10.47335443 29.49095479 7.43089054 30.96126477 28.39051489 18.87016370 21.57577809 16.69598303 29.38363963 13.94350327 16.12883494 33.79953165 20.41709292 31.78076932 18.92973069 26.32596971 25.45015583 35.17409890 18.75272131 19.36919602 19.60476788 28.35928064 23.59073776 33.51515657 35.89470405 24.27417261 33.20846603 32.33554187 36.54800990 27.89273776 28.83017881 41.67712980 31.73827408 36.13051538 41.19846293 34.22475291 42.38797792 41.51134369 35.48069998 43.04046408 34.13053537 44.05198734 34.26733551
6.76183593 20.81269783 15.92354689 8.75252608 9.32435277 3.24067612 16.89668841 20.70473928 7.78115660 0.00000000 17.77362413 13.14635562 11.17008694 7.61829588 27.68344833 4.00813553 13.82960194 16.82491846 22.18977903 11.35909090 23.66008902 21.08933913 12.10226731 12.31992608 18.59418891 22.08246387 18.10238278 20.28771445 26.49835590 13.64919653 24.47959356 16.17119173 19.55807333 18.68225944 27.87292314 22.91160081 23.52807552 20.25052452 21.59138426 24.53870115 26.74726019 29.12680766 28.44123411 26.44056964 25.61916717 29.78011351 28.84070115 33.31908530 34.90923341 36.22718057 37.11576979 34.43056654 34.52953516 35.62008153 34.74344730 36.42866337 36.27256769 40.53068555 37.28409095 38.75624200
19.41048185 11.68886229 7.42689314 11.73931897 26.15352748 15.30959635 28.37693736 11.28391922 24.24601345 17.77362413 0.00000000 29.35035861 6.81800000 23.86786392 13.29941575 18.25145587 7.30378639 33.28361294 8.16342243 27.16409194 13.87477124 15.00616316 26.93136280 27.41496305 35.05288339 13.29169599 34.56107726 36.74640893 16.71303812 28.47829201 15.68882568 30.92112942 26.43021561 29.88703123 18.38258271 39.37029529 39.98677000 35.00046221 27.31092366 39.29611506 25.03216291 20.80344389 43.19117180 24.79982229 35.59721474 30.33991752 43.59811506 48.06902299 32.44745677 50.97711826 39.31295745 35.75902606 44.79756084 33.21071911 32.33408488 42.27755683 35.20494335 49.34912295 34.87472852 53.50617969
10.95177910 32.60669166 27.71754072 20.54651991 6.24814956 14.53453531 6.53667525 32.49873311 6.08210548 13.14635562 29.35035861 0.00000000 23.83646172 8.18291049 40.34982311 14.89429101 26.49597672 7.56093419 34.85615381 6.01343271 36.32646380 33.75571391 22.17013108 21.46707167 14.58349588 34.74883865 11.61063084 14.63628423 39.16473068 23.71706030 37.14596834 16.92400197 29.62593710 28.75012321 39.65782890 16.41984887 17.03632359 17.59903917 31.65924802 21.58500904 36.81512396 39.19467143 21.94130017 36.50843341 28.32366167 39.84797728 25.88700904 26.49730637 44.97709718 29.40540165 34.12478667 38.17933605 32.21902419 45.68794530 44.81131107 33.47497127 42.32284774 31.79766294 47.35195472 31.93446308
14.34976352 12.58513296 7.90685782 7.05722907 20.01445886 10.24887802 27.58679451 12.09362485 18.47126269 11.17008694 6.81800000 23.83646172 0.00000000 17.26432672 17.14182037 11.64791868 3.65189141 26.68007575 11.64815107 20.56055475 13.48237849 10.91162860 20.32782560 20.81142586 28.44934620 11.90475334 27.95754006 30.14287173 16.32064537 21.87475482 14.30188303 24.31759223 25.14873664 26.90781773 17.69521261 32.76675810 33.38323281 28.39692502 26.02944468 32.69257787 23.61077051 20.11607379 36.58763461 23.51834331 33.84472546 29.05843854 36.99457787 41.46548579 31.16597780 44.37358107 38.03147847 34.47754709 42.68341189 31.92924013 31.05260590 40.99607786 33.92346438 48.68456227 33.59324955 46.90264250
16.02233629 28.27370857 23.38455764 16.21353682 11.02067824 10.19136446 13.95248996 28.16575002 8.63223459 7.61829588 23.86786392 8.18291049 17.26432672 0.00000000 33.77768812 7.03120267 19.92384173 9.94810314 28.28401882 4.03013380 29.75432880 27.18357892 14.30704274 13.60398333 11.71737359 28.17670366 11.22556745 13.41089912 32.59259568 15.85397195 30.57383335 17.69603577 21.76284875 20.88703486 31.79474055 16.03478548 16.65126020 16.87637622 23.79615968 20.86234609 28.95203561 31.33158309 21.55623679 28.64534506 27.36468585 31.98488893 25.16434609 26.11224299 37.11400884 29.02033826 33.40212372 36.63534197 31.49636124 37.82485696 36.94822273 32.75230832 38.47734312 31.41259955 39.48886637 31.54939969
30.96584360 6.66482835 12.55134895 22.42136806 36.52782026 26.86495810 44.10015590 5.14109365 34.98462409 27.68344833 13.29941575 40.34982311 17.14182037 33.77768812 0.00000000 28.16128007 15.61183665 43.19343714 6.22447615 37.07391614 12.12947922 14.40874660 32.60849807 37.32478725 44.96270759 11.54640396 44.47090146 46.65623313 14.96774609 31.24182058 13.94353365 40.83095362 24.68492358 28.14173921 16.63729068 49.28011949 49.89659420 44.06996965 25.56563163 41.64549692 23.28687088 19.05815187 50.59505410 23.05453026 33.85192272 28.59462549 43.10497928 53.60077707 30.70216475 51.65259940 37.56766542 34.01373404 43.05226881 31.46542708 30.58879285 40.53226480 33.45965133 47.60383093 33.12943650 48.95574723
9.99262622 23.40788040 18.51872946 10.82337193 12.61671023 6.02750000 20.18904588 23.29992185 11.07351406 4.00813553 18.25145587 14.89429101 11.64791868 7.03120267 28.16128007 0.00000000 14.30743369 16.20804783 22.66761077 10.32743070 24.13792076 21.56717087 8.89706821 9.38066847 17.98560151 22.56029562 17.49379537 19.67912705 26.97618764 10.44399743 24.95742530 12.88683484 16.35287423 15.47706034 26.38476603 22.30301341 23.02041499 16.96616763 18.38618516 21.26182048 23.54206109 25.92160856 25.15687722 23.23537054 22.41396807 26.57491441 25.56382048 30.03472840 31.70403431 32.94282368 33.83888913 31.22536745 31.25265450 32.41488244 31.53824820 33.15178270 33.06736860 37.25380488 34.07889185 35.47188511
17.87010067 14.37926857 10.25520313 10.58338647 22.67397387 15.38971773 30.24630951 14.27695626 21.13077770 13.82960194 7.30378639 26.49597672 3.65189141 19.92384173 15.61183665 14.30743369 0.00000000 29.33959075 9.47827828 23.22006976 9.74369574 7.32832175 22.98734061 23.47094086 31.10886120 8.32144649 30.61705507 32.80238674 12.58196262 24.53426982 10.71857618 26.97710723 21.56542979 25.02224541 13.95652986 35.42627310 36.04274781 31.05644002 22.44613783 35.35209287 20.02746366 16.37739104 39.24714961 19.93503646 30.73242892 25.47513169 39.65409287 44.12500080 27.58267095 47.03309607 34.44817162 30.89424024 39.93277501 28.34593328 27.46929905 37.41277101 30.34015753 44.48433713 30.00994270 49.56215750
16.71473386 37.48033115 32.59118021 25.42015940 11.16006406 19.39798703 7.77040090 37.37237260 10.47335443 16.82491846 33.28361294 7.56093419 26.68007575 9.94810314 43.19343714 16.20804783 29.33959075 0.00000000 37.69976784 6.57365094 39.17007783 36.59932794 23.36346009 22.66040068 12.31277614 37.59245268 10.57364408 14.04420237 42.00834470 24.91038931 39.98958237 16.22602167 30.81926610 29.94345222 40.85115791 15.38286211 15.99933683 16.90854414 32.56814262 20.89451402 38.00845297 40.38800044 20.90431341 37.70176242 27.63316665 38.46848103 25.19651402 25.46031961 46.17042619 28.36841489 33.43429164 37.48884103 31.52852917 46.88127431 49.03052413 32.78447624 41.63235271 30.76067618 48.54528373 30.89747632
24.91743872 10.56622961 14.39059357 17.35327304 31.03415096 20.81655323 38.60648660 8.28751807 29.49095479 22.18977903 8.16342243 34.85615381 11.64815107 28.28401882 6.22447615 22.66761077 9.47827828 37.69976784 0.00000000 31.58024684 6.38106908 8.66033647 26.86008794 31.83111795 39.46903829 5.79799383 38.97723215 41.16256383 9.21933596 25.49341045 8.19512352 35.33728432 18.93651345 22.39332907 10.88888055 43.78645019 44.40292490 38.32155952 19.81722150 35.89708679 17.53846075 13.30974173 44.84664396 17.30612013 28.10351258 22.84621536 37.35656914 47.85236694 24.95375461 45.90418927 31.81925529 28.26532390 37.30385867 25.71701695 24.84038272 34.78385467 27.71124119 41.85542079 27.38102636 43.20733710
14.47769671 32.01450359 27.12535265 19.95433184 8.80839672 13.93215947 12.55010796 31.90654504 7.43089054 11.35909090 27.16409194 6.01343271 20.56055475 4.03013380 37.07391614 10.32743070 23.22006976 6.57365094 31.58024684 0.00000000 33.05055683 30.47980694 17.48284295 16.77978354 7.68120129 31.47293169 7.18939516 9.37472683 35.88882371 19.02977217 33.87006137 12.16516673 24.93864897 24.06283508 34.97054077 11.99861319 12.61508791 12.84020393 26.97195990 16.82617380 32.12783583 34.50738330 17.52006449 31.82114528 23.56482643 35.16068915 21.12817380 22.07607070 40.28980905 24.98416597 29.36595142 33.42050081 27.46018895 41.00065717 40.12402294 28.71613603 37.56401250 27.37642726 42.66466659 27.51322740
27.70058775 16.12733040 21.30166439 20.42918115 32.50446094 25.22020481 40.07679659 13.84861886 30.96126477 23.66008902 13.87477124 36.32646380 13.48237849 29.75432880 12.12947922 24.13792076 9.74369574 39.17007783 6.38106908 33.05055683 0.00000000 9.36458405 23.41473271 33.30142793 40.93934828 3.83002980 40.44754214 42.63287381 3.32483192 22.04805522 4.20097868 32.42101734 15.49115822 18.94797384 5.69374282 43.38955803 45.01224837 34.87620428 16.37186626 32.45173155 10.02064686 7.87468012 41.40128873 13.86076489 24.65815735 19.40086012 33.91121391 44.40701170 21.11204021 42.45883403 28.37390005 24.81996867 33.85850344 22.14300208 21.75434469 31.33849944 23.51619202 38.41006556 24.26767881 39.76198186
25.12983786 18.40659779 17.13109985 17.85843127 29.93371106 22.64945492 37.50604670 16.12788624 28.39051489 21.08933913 15.00616316 33.75571391 10.91162860 27.18357892 14.40874660 21.56717087 7.32832175 36.59932794 8.66033647 30.47980694 9.36458405 0.00000000 28.56621067 30.73067805 38.36859839 7.58357344 37.87679225 40.06212393 12.08254924 27.19953318 10.10772979 34.23684442 20.64263617 24.09945180 13.79113635 42.68601029 43.30248500 38.31617721 21.52334422 37.60320951 18.92074112 16.22989703 46.55276669 19.01224285 29.80963531 24.55233808 39.06269187 49.55848966 26.65987734 47.61031199 33.52537801 29.97144663 39.00998140 27.42313967 26.54650544 36.48997740 29.41736392 43.56154352 29.08714909 44.91345982
18.97359130 32.08778732 27.19863639 19.47601792 20.53230900 14.68014599 27.93971055 31.97982877 18.87016370 12.10226731 26.93136280 22.17013108 20.32782560 14.30704274 32.60849807 8.89706821 22.98734061 23.36346009 26.86008794 17.48284295 23.41473271 28.56621067 0.00000000 11.23285090 22.05578927 21.05136951 19.41247902 22.05021687 21.60993007 4.62670660 19.80416233 12.55640122 8.50043200 8.46503041 18.53232380 23.52494190 22.68998137 16.63573401 10.46867045 20.55708588 15.68961886 18.06916633 24.82644359 15.24049440 18.73208819 18.72906266 24.85908588 29.70429478 23.70915817 32.61239006 24.56682734 22.29132897 30.54791989 24.42000629 23.54337206 31.39029212 25.22151684 36.54907028 26.08401571 35.14145149
18.96678813 32.57138757 27.68223664 20.11467722 20.95029036 15.31880530 27.23665113 32.46342902 21.57577809 12.31992608 27.41496305 21.46707167 20.81142586 13.60398333 37.32478725 9.38066847 23.47094086 22.66040068 31.83111795 16.77978354 33.30142793 30.73067805 11.23285090 0.00000000 19.52847134 31.72380279 16.88516110 19.52289894 32.65641260 14.17725652 30.85064486 10.47987983 19.54691453 18.67110064 29.57880633 20.99762398 20.16266345 14.34400274 22.74591719 18.27522813 26.73610139 29.11564886 23.53465435 26.42941084 20.63166546 28.71729009 22.57722813 28.41250553 34.89807461 31.32060081 30.72593379 32.62558515 28.26606215 35.60892274 39.20829870 30.16519036 35.62433583 34.26721253 37.27293215 33.84966224
23.12412693 39.24960160 34.36045066 27.18942985 17.53139826 21.16725748 20.73620511 39.14164305 16.69598303 18.59418891 35.05288339 14.58349588 28.44934620 11.71737359 44.96270759 17.98560151 31.10886120 12.31277614 39.46903829 7.68120129 40.93934828 38.36859839 22.05578927 19.52847134 0.00000000 39.36172313 2.65717420 2.78233131 40.11560275 22.56272819 38.30983501 9.49938805 29.27313949 27.21443570 37.03799648 5.69762684 7.04864275 10.26597585 25.84150900 14.25194573 34.07943508 36.57942480 11.89048661 32.59513836 20.84718187 31.74184741 18.55394573 16.44649281 42.47714008 19.35458809 26.79172335 30.84627274 23.42936517 43.26936778 42.30389051 25.35650002 34.98978443 21.74684938 44.23553394 21.88364952
26.12296260 15.54425515 18.12422459 18.85155601 30.92683580 23.64257966 38.49917144 13.26554360 29.38363963 22.08246387 13.29169599 34.74883865 11.90475334 28.17670366 11.54640396 22.56029562 8.32144649 37.59245268 5.79799383 31.47293169 3.83002980 7.58357344 21.05136951 31.72380279 39.36172313 0.00000000 36.91373194 41.05524867 5.28385927 19.68469202 2.39712969 30.05765414 13.12779502 16.58461064 6.08053625 41.02619483 42.64888517 32.51284108 14.00850306 30.08836836 11.72974231 8.51929693 39.03792553 11.49740169 22.29479415 17.03749692 31.54785071 42.04364850 19.14503618 40.09547083 26.01053685 22.45660547 31.49514024 19.90829851 19.03166428 28.97513624 21.90252276 36.04670236 21.57230793 37.39861866
20.37164717 38.75779547 33.86864453 26.69762372 14.77891850 20.67545135 18.72430749 38.64983692 13.94350327 18.10238278 34.56107726 11.61063084 27.95754006 11.22556745 44.47090146 17.49379537 30.61705507 10.57364408 38.97723215 7.18939516 40.44754214 37.87679225 19.41247902 16.88516110 2.65717420 36.91373194 0.00000000 3.11637677 37.47229251 19.91941795 35.66652476 6.85607781 26.62982925 24.57112546 34.39468624 5.44519364 5.96886746 7.62266561 23.19819876 11.60863549 31.43612484 33.93611455 11.11866811 29.95182812 18.20387163 29.09853717 15.91063549 15.67467431 39.83382984 18.58276958 24.14841311 28.20296250 22.24265064 40.62605754 39.66058026 23.49859771 32.34647418 20.97503087 41.59222370 21.11183101
22.55697884 40.94312714 36.05397620 28.88295539 16.96425017 22.86078302 20.78899346 40.83516859 16.12883494 20.28771445 36.74640893 14.63628423 30.14287173 13.41089912 46.65623313 19.67912705 32.80238674 14.04420237 41.16256383 9.37472683 42.63287381 40.06212393 22.05021687 19.52289894 2.78233131 41.05524867 3.11637677 0.00000000 40.11003035 22.55715580 38.30426261 9.49381565 29.26756709 27.20886330 37.03242408 3.19446082 4.37721024 10.60478267 25.83593660 14.41216694 34.07386268 36.57385240 10.33197644 32.58956596 21.00740308 31.73627501 19.75252423 14.88798264 42.47156768 17.79607791 26.91503933 30.96958872 21.87085500 43.26379538 38.73541855 23.79798984 35.11310041 20.18833920 44.22996154 20.32513934
30.53885463 18.96559728 24.13993127 23.26744803 35.34272782 28.05847169 42.91506347 16.68688574 33.79953165 26.49835590 16.71303812 39.16473068 16.32064537 32.59259568 14.96774609 26.97618764 12.58196262 42.00834470 9.21933596 35.88882371 3.32483192 12.08254924 21.60993007 32.65641260 40.11560275 5.28385927 37.47229251 40.11003035 0.00000000 20.24325258 4.40389105 30.61621470 13.68635558 17.14317120 2.99573203 41.58475539 43.20744573 33.07140165 14.56706363 30.64692892 6.64152023 4.36180797 39.57666376 11.40616467 22.85335471 17.35728097 32.08658894 42.58238674 17.45445305 37.51490143 23.42996744 21.01232105 28.91457083 18.48541492 18.09675753 26.39456683 20.77909381 33.46613295 20.61009165 34.81804926
20.52052052 33.63471654 28.74556560 21.02294714 22.07923822 16.22707521 29.48663976 33.52675799 20.41709292 13.64919653 28.47829201 23.71706030 21.87475482 15.85397195 31.24182058 10.44399743 24.53426982 24.91038931 25.49341045 19.02977217 22.04805522 27.19953318 4.62670660 14.17725652 22.56272819 19.68469202 19.91941795 22.55715580 20.24325258 0.00000000 18.43748484 13.06334014 7.13375451 6.15818221 17.16564631 24.03188083 23.19692030 17.14267293 9.06730703 21.93492134 14.32294137 16.70248884 25.33338252 13.91649241 15.71411388 17.25603628 25.76824988 30.21123371 22.38515619 35.90268211 24.13682117 21.90648932 31.61295395 23.09600431 22.21937008 28.37231781 23.74849047 37.61410434 24.76001372 38.83638802
28.52009229 17.94138484 20.52135428 21.24868570 33.32396549 26.03970935 40.89630113 15.66267329 31.78076932 24.47959356 15.68882568 37.14596834 14.30188303 30.57383335 13.94353365 24.95742530 10.71857618 39.98958237 8.19512352 33.87006137 4.20097868 10.10772979 19.80416233 30.85064486 38.30983501 2.39712969 35.66652476 38.30426261 4.40389105 18.43748484 0.00000000 28.81044696 11.88058783 15.33740346 4.96224109 39.77898765 41.40167798 31.26563390 12.76129588 28.84116117 10.24293001 7.58332767 37.79071835 10.25019451 21.04758697 15.79028974 30.30064353 40.79644132 17.89782900 38.84826365 24.76332967 21.20939829 30.24793306 18.66109133 17.78445710 27.72792906 20.65531558 34.79949518 20.32510075 36.15141148
22.81805378 36.07755395 31.18840301 23.46578454 19.89759566 18.66991262 23.79831651 35.96959540 18.92973069 16.17119173 30.92112942 16.92400197 24.31759223 17.69603577 40.83095362 12.88683484 26.97710723 16.22602167 35.33728432 12.16516673 32.42101734 34.23684442 12.55640122 10.47987983 9.49938805 30.05765414 6.85607781 9.49381565 30.61621470 13.06334014 28.81044696 0.00000000 19.77375144 17.71504765 27.53860843 10.96854069 10.13358015 4.07933279 16.34212095 7.99440490 24.58004703 27.08003675 12.27004238 23.09575031 14.00503697 22.24245936 12.29640490 17.14789356 32.97775203 20.05598884 20.53418253 26.15075442 17.98523892 33.76997973 32.80450246 19.88436713 29.14950510 23.98638931 34.73614589 22.58505027
26.42939732 28.68277477 31.36820789 26.93182393 27.98811502 22.13595201 35.39551656 26.40406323 26.32596971 19.55807333 26.43021561 29.62593710 25.14873664 21.76284875 24.68492358 16.35287423 21.56542979 30.81926610 18.93651345 24.93864897 15.49115822 20.64263617 8.50043200 19.54691453 29.27313949 13.12779502 26.62982925 29.26756709 13.68635558 7.13375451 11.88058783 19.77375144 0.00000000 5.11440404 10.60874931 30.74229213 29.90733160 22.77810342 4.31530433 19.66174862 7.76604437 10.14559184 29.10641968 7.13986468 11.95867521 13.27896042 19.38953022 29.88532801 15.56803707 29.48358811 18.64644014 16.37094177 26.35910543 16.27888520 15.40225097 21.61103953 19.30112964 31.27294590 17.94289461 32.35567688
25.55358343 32.13959039 33.77862851 26.05601004 27.11230113 21.26013812 34.51970267 29.86087885 25.45015583 18.68225944 29.88703123 28.75012321 26.90781773 20.88703486 28.14173921 15.47706034 25.02224541 29.94345222 22.39332907 24.06283508 18.94797384 24.09945180 8.46503041 18.67110064 27.21443570 16.58461064 24.57112546 27.20886330 17.14317120 6.15818221 15.33740346 17.71504765 5.11440404 0.00000000 14.06556493 28.68358834 27.84862781 21.13736550 4.01529762 17.62645086 11.12094743 13.60240746 27.07112192 10.28169985 10.51580836 12.06774364 17.94666337 28.44246117 18.78964789 28.04072126 17.97863895 15.74830710 24.91623858 19.50049601 18.62386178 23.14782242 18.56019783 29.83007905 21.16450543 30.91281004
31.91342187 20.63514187 25.80947585 24.64201528 36.71729506 29.43303893 45.42740836 18.35643032 35.17409890 27.87292314 18.38258271 39.65782890 17.69521261 31.79474055 16.63729068 26.38476603 13.95652986 40.85115791 10.88888055 34.97054077 5.69374282 13.79113635 18.53232380 29.57880633 37.03799648 6.08053625 34.39468624 37.03242408 2.99573203 17.16564631 4.96224109 27.53860843 10.60874931 14.06556493 0.00000000 38.50714912 40.12983946 29.99379537 11.48945735 27.56932265 4.49128586 3.61606533 36.49905749 8.32855840 19.77574844 14.27967470 29.00898267 39.50478046 15.58267921 35.35001629 21.26508231 18.84743591 26.74968570 16.61364108 16.22498368 24.22968169 17.98683101 31.30124781 18.73831781 32.65316412
25.18086520 43.56701350 38.67786256 31.50684175 19.58813653 25.48466938 23.53352553 43.45905495 18.75272131 22.91160081 39.37029529 16.41984887 32.76675810 16.03478548 49.28011949 22.30301341 35.42627310 15.38286211 43.78645019 11.99861319 43.38955803 42.68601029 23.52494190 20.99762398 5.69762684 41.02619483 5.44519364 3.19446082 41.58475539 24.03188083 39.77898765 10.96854069 30.74229213 28.68358834 38.50714912 0.00000000 2.53733157 11.67978867 27.31066164 15.70715811 35.54858772 38.04857744 8.62760671 34.06429100 22.27388180 32.71295471 18.04815450 13.18361291 43.47576416 16.09170818 25.21066960 29.26521899 20.16648527 39.04860622 37.03104882 22.09362011 33.40873068 18.48396947 40.83479626 18.62076961
25.79733992 44.18348821 39.29433728 32.12331646 20.20461125 26.10114410 24.15000024 44.07552967 19.36919602 23.52807552 39.98677000 17.03632359 33.38323281 16.65126020 49.89659420 23.02041499 36.04274781 15.99933683 44.40292490 12.61508791 45.01224837 43.30248500 22.68998137 20.16266345 7.04864275 42.64888517 5.96886746 4.37721024 43.20744573 23.19692030 41.40167798 10.13358015 29.90733160 27.84862781 40.12983946 2.53733157 0.00000000 11.33594289 28.92199228 13.16975757 37.15991835 39.75228379 6.09020617 35.67562164 19.73648126 30.17555417 15.51075395 10.64621237 40.93836362 13.55430764 22.67326906 26.72781845 17.62908473 36.51120568 34.49364828 19.55621957 30.87133013 15.94656893 38.29739572 16.08336907
26.89738657 40.15688674 35.26773580 27.54511733 20.57263286 22.74924541 24.47335370 40.04892819 19.60476788 20.25052452 35.00046221 17.59903917 28.39692502 16.87637622 44.06996965 16.96616763 31.05644002 16.90854414 38.32155952 12.84020393 34.87620428 38.31617721 16.63573401 14.34400274 10.26597585 32.51284108 7.62266561 10.60478267 33.07140165 17.14267293 31.26563390 4.07933279 22.77810342 21.13736550 29.99379537 11.67978867 11.33594289 0.00000000 18.78594819 3.97313535 27.02387427 29.61623971 8.77166865 25.53957755 10.56837149 21.00744440 8.27513535 13.64951983 31.77025385 17.97753693 16.51291298 20.56746236 14.51597110 32.19569807 28.33329219 15.86309758 24.71097405 20.51712149 33.45429778 19.08667654
28.46270825 29.56348282 32.24891593 28.96513486 30.02142595 24.16926294 37.42882749 27.28477127 28.35928064 21.59138426 27.31092366 31.65924802 26.02944468 23.79615968 25.56563163 18.38618516 22.44613783 32.56814262 19.81722150 26.97195990 16.37186626 21.52334422 10.46867045 22.74591719 25.84150900 14.00850306 23.19819876 25.83593660 14.56706363 9.06730703 12.76129588 16.34212095 4.31530433 4.01529762 11.48945735 27.31066164 28.92199228 18.78594819 0.00000000 16.36147546 8.30358293 10.89594837 23.20722092 6.81928621 8.28629109 8.58202990 15.71714610 26.21294389 15.32723426 25.81120399 14.41979458 12.14429621 19.90439797 16.03808238 15.16144815 17.38439397 15.07448409 27.60056178 17.70209180 28.68329276
31.18556319 44.45253959 39.56338865 31.84077018 24.55860273 27.04489826 28.45932357 43.36463656 23.59073776 24.53870115 39.29611506 21.58500904 32.69257787 20.86234609 41.64549692 21.26182048 35.35209287 20.89451402 35.89708679 16.82617380 32.45173155 37.60320951 20.55708588 18.27522813 14.25194573 30.08836836 11.60863549 14.41216694 30.64692892 21.93492134 28.84116117 7.99440490 19.66174862 17.62645086 27.56932265 15.70715811 13.16975757 3.97313535 16.36147546 0.00000000 24.59940154 27.19176698 11.11318647 22.88784357 6.58367370 17.02274660 4.82367428 15.06141096 27.78555605 14.80223646 12.77068913 16.82523852 10.51250829 28.21100027 25.27563325 12.41163650 20.96875020 16.51365868 29.46959998 17.73594237
33.61858418 27.28472207 29.83024176 30.55757318 35.17730188 29.32513887 42.58470342 25.00601052 33.51515657 26.74726019 25.03216291 36.81512396 23.61077051 28.95203561 23.28687088 23.54206109 20.02746366 38.00845297 17.53846075 32.12783583 10.02064686 18.92074112 15.68961886 26.73610139 34.07943508 11.72974231 31.43612484 34.07386268 6.64152023 14.32294137 10.24293001 24.58004703 7.76604437 11.12094743 4.49128586 35.54858772 37.15991835 27.02387427 8.30358293 24.59940154 0.00000000 2.85023968 34.09223895 3.43255523 19.42831139 8.61954837 26.60216413 33.67282505 10.48983438 30.84021572 16.75528173 14.33763534 22.23988512 11.52079624 10.54546807 19.71988112 13.47703044 26.79144724 13.64547297 28.14336355
34.33428305 23.05600305 28.23033704 27.06287646 37.55684935 31.85390011 44.96425090 20.77729151 35.89470405 29.12680766 20.80344389 39.19467143 20.11607379 31.33158309 19.05815187 25.92160856 16.37739104 40.38800044 13.30974173 34.50738330 7.87468012 16.22989703 18.06916633 29.11564886 36.57942480 8.51929693 33.93611455 36.57385240 4.36180797 16.70248884 7.58332767 27.08003675 10.14559184 13.60240746 3.61606533 38.04857744 39.75228379 29.61623971 10.89594837 27.19176698 2.85023968 0.00000000 35.61825987 6.34128907 20.95433231 11.50283246 28.12818505 36.55610915 13.51879869 33.72349981 19.63856582 17.22091943 25.12316921 14.54976056 14.16110317 22.60316521 16.84343945 29.67473133 16.67443729 31.02664764
30.70231651 48.34759633 43.45844539 35.73582692 25.10958783 31.00612068 29.05497683 48.23963778 24.27417261 28.44123411 43.19117180 21.94130017 36.58763461 21.55623679 50.59505410 25.15687722 39.24714961 20.90431341 44.84664396 17.52006449 41.40128873 46.55276669 24.82644359 23.53465435 11.89048661 39.03792553 11.11866811 10.33197644 39.57666376 25.33338252 37.79071835 12.27004238 29.10641968 27.07112192 36.49905749 8.62760671 6.09020617 8.77166865 23.20722092 11.11318647 34.09223895 35.61825987 0.00000000 31.45508332 15.15091345 25.58998636 9.11300569 5.02940858 33.97950828 7.90556883 16.31531701 20.36986640 11.56656485 30.15325363 28.13569623 13.49369970 24.51337808 10.75789891 31.93944367 10.46656529
33.31189363 27.05238145 29.73781456 30.46514598 34.87061133 29.01844832 42.27801287 24.77366990 33.20846603 26.44056964 24.79982229 36.50843341 23.51834331 28.64534506 23.05453026 23.23537054 19.93503646 37.70176242 17.30612013 31.82114528 13.86076489 19.01224285 15.24049440 26.42941084 32.59513836 11.49740169 29.95182812 32.58956596 11.40616467 13.91649241 10.25019451 23.09575031 7.13986468 10.28169985 8.32855840 34.06429100 35.67562164 25.53957755 6.81928621 22.88784357 3.43255523 6.34128907 31.45508332 0.00000000 17.31552366 5.86509696 23.97059097 31.75568021 8.78871846 28.92307088 14.83813689 11.28420551 20.32274028 9.49956659 8.62293235 17.80273628 11.49379083 24.87430240 11.16357600 26.22621871
32.43896947 37.84977390 40.71553624 32.99291777 33.99768718 28.19704585 35.19797620 35.57106236 32.33554187 25.61916717 35.59721474 28.32366167 33.84472546 27.36468585 33.85192272 22.41396807 30.73242892 27.63316665 28.10351258 23.56482643 24.65815735 29.80963531 18.73208819 20.63166546 20.84718187 22.29479415 18.20387163 21.00740308 22.85335471 15.71411388 21.04758697 14.00503697 11.95867521 10.51580836 19.77574844 22.27388180 19.73648126 10.56837149 8.28629109 6.58367370 19.42831139 20.95433231 15.15091345 17.31552366 0.00000000 11.45042669 7.66083863 18.15663643 22.21323614 17.75489652 11.57812416 13.29982157 14.63192856 22.63868036 19.70331334 12.86351240 16.54906763 19.54425431 23.89728007 20.62698530
36.65143750 32.59247668 35.27790979 36.00524121 38.21015520 32.35799219 45.61755674 30.31376513 36.54800990 29.78011351 30.33991752 39.84797728 29.05843854 31.98488893 28.59462549 26.57491441 25.47513169 38.46848103 22.84621536 35.16068915 19.40086012 24.55233808 18.72906266 28.71729009 31.74184741 17.03749692 29.09853717 31.73627501 17.35728097 17.25603628 15.79028974 22.24245936 13.27896042 12.06774364 14.27967470 32.71295471 30.17555417 21.00744440 8.58202990 17.02274660 8.61954837 11.50283246 25.58998636 5.86509696 11.45042669 0.00000000 18.10549401 25.89058325 10.91904339 23.05797391 8.97303993 6.65044610 14.45764332 11.55971197 10.59423469 11.93763931 9.41044376 19.00920544 12.52587813 20.36112174
35.48756319 48.75453959 43.86538865 36.14277018 28.86060273 31.34689826 32.76132357 44.82411892 27.89273776 28.84070115 43.59811506 25.88700904 36.99457787 25.16434609 43.10497928 25.56382048 39.65409287 25.19651402 37.35656914 21.12817380 33.91121391 39.06269187 24.85908588 22.57722813 18.55394573 31.54785071 15.91063549 19.75252423 32.08658894 25.76824988 30.30064353 12.29640490 19.38953022 17.94666337 29.00898267 18.04815450 15.51075395 8.27513535 15.71714610 4.82367428 26.60216413 28.12818505 9.11300569 23.97059097 7.66083863 18.10549401 0.00000000 12.42280162 26.92333831 10.72301781 9.25914704 13.31369642 5.89578124 23.09708365 21.07952626 7.58796223 17.45720811 12.80849790 24.88327369 13.69153318
35.25832271 53.22544751 48.33629657 40.61367811 29.66559404 35.56212688 33.61098303 53.11748896 28.83017881 33.31908530 48.06902299 26.49730637 41.46548579 26.11224299 53.60077707 30.03472840 44.12500080 25.46031961 47.85236694 22.07607070 44.40701170 49.55848966 29.70429478 28.41250553 16.44649281 42.04364850 15.67467431 14.88798264 42.58238674 30.21123371 40.79644132 17.14789356 29.88532801 28.44246117 39.50478046 13.18361291 10.64621237 13.64951983 26.21294389 15.06141096 33.67282505 36.55610915 5.02940858 31.75568021 18.15663643 25.89058325 12.42280162 0.00000000 34.73441323 3.02208239 16.42750623 20.45418556 12.44451514 30.23757279 28.22001539 14.14141846 24.59769725 5.30035656 32.02376283 5.43715671
41.78055740 34.70001593 37.38544905 38.11278046 43.33927510 37.48711209 50.74667665 32.42130439 41.67712980 34.90923341 32.44745677 44.97709718 31.16597780 37.11400884 30.70216475 31.70403431 27.58267095 46.17042619 24.95375461 40.28980905 21.11204021 26.65987734 23.70915817 34.89807461 42.47714008 19.14503618 39.83382984 42.47156768 17.45445305 22.38515619 17.89782900 32.97775203 15.56803707 18.78964789 15.58267921 43.47576416 40.93836362 31.77025385 15.32723426 27.78555605 10.48983438 13.51879869 33.97950828 8.78871846 22.21323614 10.91904339 26.92333831 34.73441323 0.00000000 31.90180389 15.81582359 11.86225086 21.19610107 3.32443478 3.61994444 18.73583109 6.81093531 25.80739721 4.67045656 27.15931352
38.16641798 56.13354279 51.24439185 43.52177338 32.57368931 38.47022216 36.51907830 53.37173904 31.73827408 36.22718057 50.97711826 29.40540165 44.37358107 29.02033826 51.65259940 32.94282368 47.03309607 28.36841489 45.90418927 24.98416597 42.45883403 47.61031199 32.61239006 31.32060081 19.35458809 40.09547083 18.58276958 17.79607791 37.51490143 35.90268211 38.84826365 20.05598884 29.48358811 28.04072126 35.35001629 16.09170818 13.55430764 17.97753693 25.81120399 14.80223646 30.84021572 33.72349981 7.90556883 28.92307088 17.75489652 23.05797391 10.72301781 3.02208239 31.90180389 0.00000000 13.59489690 17.62157622 9.36352258 27.40496345 25.38740606 11.30880912 21.76508791 2.91661331 29.19115349 3.64466619
43.76263184 41.56551661 44.25094972 44.41783883 37.09838036 39.62196690 40.99910120 39.28680506 36.13051538 37.11576979 39.31295745 34.12478667 38.03147847 33.40212372 37.56766542 33.83888913 34.44817162 33.43429164 31.81925529 29.36595142 28.37390005 33.52537801 24.56682734 30.72593379 26.79172335 26.01053685 24.14841311 26.91503933 23.42996744 24.13682117 24.76332967 20.53418253 18.64644014 17.97863895 21.26508231 25.21066960 22.67326906 16.51291298 14.41979458 12.77068913 16.75528173 19.63856582 16.31531701 14.83813689 11.57812416 8.97303993 9.25914704 16.42750623 15.81582359 13.59489690 0.00000000 4.02667933 5.38027749 13.81006656 11.79250916 2.92000750 8.17019101 9.99157362 15.59625660 11.34348993
41.30189053 38.01158522 40.69701834 41.42434976 42.86060823 37.00844522 45.05365058 35.73287368 41.19846293 34.43056654 35.75902606 38.17933605 34.47754709 36.63534197 34.01373404 31.22536745 30.89424024 37.48884103 28.26532390 33.42050081 24.81996867 29.97144663 22.29132897 32.62558515 30.84627274 22.45660547 28.20296250 30.96958872 21.01232105 21.90648932 21.20939829 26.15075442 16.37094177 15.74830710 18.84743591 29.26521899 26.72781845 20.56746236 12.14429621 16.82523852 14.33763534 17.22091943 20.36986640 11.28420551 13.29982157 6.65044610 13.31369642 20.45418556 11.86225086 17.62157622 4.02667933 0.00000000 9.40695682 9.85649383 7.83893643 6.94668683 4.21661829 14.01825295 11.64268387 15.37016926
41.17639721 47.05012000 49.55422267 41.83160420 35.19261788 37.03573227 39.09333873 44.77140845 34.22475291 34.52953516 44.79756084 32.21902419 42.68341189 31.49636124 43.05226881 31.25265450 39.93277501 31.52852917 37.30385867 27.46018895 33.85850344 39.00998140 30.54791989 28.26606215 23.42936517 31.49514024 22.24265064 21.87085500 28.91457083 31.61295395 30.24793306 17.98523892 26.35910543 24.91623858 26.74968570 20.16648527 17.62908473 14.51597110 19.90439797 10.51250829 22.23988512 25.12316921 11.56656485 20.32274028 14.63192856 14.45764332 5.89578124 12.44451514 21.19610107 9.36352258 5.38027749 9.40695682 0.00000000 19.19034404 17.17278665 2.72061035 13.55046850 7.00854747 20.97653409 8.67916158
42.49140552 35.46327827 38.14871138 38.87604280 44.05012323 38.19796021 51.45752477 33.18456672 42.38797792 35.62008153 33.21071911 45.68794530 31.92924013 37.82485696 31.46542708 32.41488244 28.34593328 46.88127431 25.71701695 41.00065717 22.14300208 27.42313967 24.42000629 35.60892274 43.26936778 19.90829851 40.62605754 43.26379538 18.48541492 23.09600431 18.66109133 33.76997973 16.27888520 19.50049601 16.61364108 39.04860622 36.51120568 32.19569807 16.03808238 28.21100027 11.52079624 14.54976056 30.15325363 9.49956659 22.63868036 11.55971197 23.09708365 30.23757279 3.32443478 27.40496345 13.81006656 9.85649383 19.19034404 0.00000000 2.09140934 16.73007406 5.36897676 23.80164018 2.01916879 25.15355649
41.61477129 34.58664404 37.27207715 37.99940857 43.17348899 37.32132598 50.58089054 32.30793249 41.51134369 34.74344730 32.33408488 44.81131107 31.05260590 36.94822273 30.58879285 31.53824820 27.46929905 49.03052413 24.84038272 40.12402294 21.75434469 26.54650544 23.54337206 39.20829870 42.30389051 19.03166428 39.66058026 38.73541855 18.09675753 22.21937008 17.78445710 32.80450246 15.40225097 18.62386178 16.22498368 37.03104882 34.49364828 28.33329219 15.16144815 25.27563325 10.54546807 14.16110317 28.13569623 8.62293235 19.70331334 10.59423469 21.07952626 28.22001539 3.61994444 25.38740606 11.79250916 7.83893643 17.17278665 2.09140934 0.00000000 14.71251666 3.48639253 21.78408278 3.87759938 23.13599909
43.07552542 44.53011599 47.21554911 43.73073241 36.44856496 38.93486048 40.34928580 42.25140445 35.48069998 36.42866337 42.27755683 33.47497127 40.99607786 32.75230832 40.53226480 33.15178270 37.41277101 32.78447624 34.78385467 28.71613603 31.33849944 36.48997740 31.39029212 30.16519036 25.35650002 28.97513624 23.49859771 23.79798984 26.39456683 28.37231781 27.72792906 19.88436713 21.61103953 23.14782242 24.22968169 22.09362011 19.55621957 15.86309758 17.38439397 12.41163650 19.71988112 22.60316521 13.49369970 17.80273628 12.86351240 11.93763931 7.58796223 14.14141846 18.73583109 11.30880912 2.92000750 6.94668683 2.72061035 16.73007406 14.71251666 0.00000000 11.09019852 7.19200664 18.51626410 8.54392294
43.14389168 37.45750251 40.14293563 40.87026705 44.70260939 38.85044637 49.19716227 35.17879097 43.04046408 36.27256769 35.20494335 42.32284774 33.92346438 38.47734312 33.45965133 33.06736860 30.34015753 41.63235271 27.71124119 37.56401250 23.51619202 29.41736392 25.22151684 35.62433583 34.98978443 21.90252276 32.34647418 35.11310041 20.77909381 23.74849047 20.65531558 29.14950510 19.30112964 18.56019783 17.98683101 33.40873068 30.87133013 24.71097405 15.07448409 20.96875020 13.47703044 16.84343945 24.51337808 11.49379083 16.54906763 9.41044376 17.45720811 24.59769725 6.81093531 21.76508791 8.17019101 4.21661829 13.55046850 5.36897676 3.48639253 11.09019852 0.00000000 18.16176464 7.15516681 19.51368094
40.55867927 51.60168211 55.55537305 47.83275459 34.96595060 43.03688266 38.91133959 49.32297057 34.13053537 40.53068555 49.34912295 31.79766294 48.68456227 31.41259955 47.60383093 37.25380488 44.48433713 30.76067618 41.85542079 27.37642726 38.41006556 43.56154352 36.54907028 34.26721253 21.74684938 36.04670236 20.97503087 20.18833920 33.46613295 37.61410434 34.79949518 23.98638931 31.27294590 29.83007905 31.30124781 18.48396947 15.94656893 20.51712149 27.60056178 16.51365868 26.79144724 29.67473133 10.75789891 24.87430240 19.54425431 19.00920544 12.80849790 5.30035656 25.80739721 2.91661331 9.99157362 14.01825295 7.00854747 23.80164018 21.78408278 7.19200664 18.16176464 0.00000000 25.58783022 2.43216923
44.15541494 37.12728768 39.81272080 40.54005221 45.71413264 39.86196963 53.12153418 34.84857614 44.05198734 37.28409095 34.87472852 47.35195472 33.59324955 39.48886637 33.12943650 34.07889185 30.00994270 48.54528373 27.38102636 42.66466659 24.26767881 29.08714909 26.08401571 37.27293215 44.23553394 21.57230793 41.59222370 44.22996154 20.61009165 24.76001372 20.32510075 34.73614589 17.94289461 21.16450543 18.73831781 40.83479626 38.29739572 33.45429778 17.70209180 29.46959998 13.64547297 16.67443729 31.93944367 11.16357600 23.89728007 12.52587813 24.88327369 32.02376283 4.67045656 29.19115349 15.59625660 11.64268387 20.97653409 2.01916879 3.87759938 18.51626410 7.15516681 25.58783022 0.00000000 26.93974653
40.69547941 52.95359842 53.77345328 46.05083481 35.10275074 40.99928359 39.04813973 50.67488687 34.26733551 38.75624200 53.50617969 31.93446308 46.90264250 31.54939969 48.95574723 35.47188511 49.56215750 30.89747632 43.20733710 27.51322740 39.76198186 44.91345982 35.14145149 33.84966224 21.88364952 37.39861866 21.11183101 20.32513934 34.81804926 38.83638802 36.15141148 22.58505027 32.35567688 30.91281004 32.65316412 18.62076961 16.08336907 19.08667654 28.68329276 17.73594237 28.14336355 31.02664764 10.46656529 26.22621871 20.62698530 20.36112174 13.69153318 5.43715671 27.15931352 3.64466619 11.34348993 15.37016926 8.67916158 25.15355649 23.13599909 8.54392294 19.51368094 2.43216923 26.93974653 0.00000000
