0.00000000 34.74241294 26.57188247 16.52226900 8.80373354 6.89820577 18.09587195 34.48960381 11.51636637 10.46590282 28.06750233 17.15758302 21.00481842 17.92209342 42.89115462 16.66233935 26.24734036 23.77430534 34.66833941 20.59801443 39.99669523 36.10348826 28.93896099 26.28656047 29.71152585 37.18731674 29.77047005 33.18363861 46.39625145 30.45320341 41.04705132 32.32324632 39.76801922 37.00208555 47.81396048 39.22717054 38.62842930 38.26631444 42.05588512 42.92048849 51.57923144 53.83073455 44.50601458 49.29031277 44.60533610 51.64244988 48.61958038 50.88125279 59.99313569 54.89271781 57.79154104 57.60067885 56.84722382 63.78804909 62.40756984 59.09761970 62.09818123 60.72895338 68.92409310 62.33017395
34.74241294 0.00000000 9.00339602 20.69541476 42.72401806 27.85664937 52.76201839 5.25466689 39.94064018 31.34314159 14.13301050 47.56976292 19.51489541 40.69967146 13.41061686 34.12645292 21.94860341 53.69005411 17.03855223 45.78150339 25.63813008 27.54608660 47.23656249 45.71496023 55.54500648 24.06606062 55.73506970 59.14823826 32.03768630 48.75080491 27.92579520 51.39760125 44.10242065 48.64644123 34.05408326 65.19177019 64.59302895 57.34066937 44.99212168 61.96941135 40.82940612 40.07085733 67.66634144 41.15395528 57.27886384 47.67412584 67.66850324 74.50882235 50.54476895 78.52028737 61.11374980 55.78635699 70.82224352 54.35746183 52.97698258 66.63136196 56.75964094 80.19215564 59.49350584 85.52676491
26.57188247 9.00339602 0.00000000 11.80604928 34.55348758 19.68611890 44.59148792 10.20734364 31.77010971 23.17261111 9.00903514 39.39923244 11.86949526 32.52914099 18.88220406 25.95592244 15.31559130 45.51952364 18.78198383 37.61097292 26.97626279 24.04677427 39.06603202 37.54442976 47.37447601 25.13060274 47.56453923 50.97770779 33.37581901 40.58027444 28.99033733 43.22707078 44.99394031 47.12915658 35.39221597 57.02123972 56.42249848 49.17013890 45.88364135 53.79888087 41.88283567 41.40899003 59.49581097 42.04547495 54.79776622 48.56564550 59.49797276 66.33829188 51.43628862 70.34975690 62.00526946 56.67787666 67.72561621 55.24898150 53.86850224 67.52288162 57.65116060 75.10264332 60.38502551 77.78721305
16.52226900 20.69541476 11.80604928 0.00000000 24.50387412 9.63650543 34.54187445 20.44260563 21.72049624 13.12299765 14.72199164 29.34961898 9.59614073 22.47952752 29.00867056 16.35110630 15.05810825 35.46991017 22.15358944 27.56135946 28.80041870 24.90721173 29.42719807 27.74857975 37.32486254 25.99104020 37.51492576 40.92809432 35.19997492 30.94144048 29.85077479 33.58823683 40.25625630 37.49032263 36.61768395 46.97162625 46.37288501 39.53130495 42.54412220 44.16004692 42.74327313 42.63445801 49.85697701 42.90591241 45.15893227 49.42608296 49.85913881 56.69945793 52.29672608 60.71092295 59.03109947 57.53831412 58.08678226 56.10941896 54.72893970 60.33717813 58.51159806 65.46380937 61.24546297 68.14837910
8.80373354 42.72401806 34.55348758 24.50387412 0.00000000 15.50388050 11.39888558 42.47120893 6.40574663 13.39532862 36.04910745 9.48404690 28.12323270 14.03071831 50.60660226 18.74038303 32.09076698 16.39341491 42.18781991 13.47636148 45.84012185 41.94691488 30.18157461 27.45170267 22.33408129 43.03074336 22.39302549 25.80619405 52.23967807 31.69581703 46.89047794 30.40104241 41.01063285 38.24469918 53.65738710 31.84972598 31.25098474 31.61579970 43.29849875 37.05189768 52.82184506 57.43474314 37.12857002 50.53292640 45.84794972 52.88506351 42.75098957 43.50380823 61.23574932 47.51527325 53.19743017 58.84329247 50.51057127 65.03066272 63.65018346 53.22902889 63.34079486 53.35150883 70.16670673 54.95272940
6.89820577 27.85664937 19.68611890 9.63650543 15.50388050 0.00000000 24.91781122 27.60384025 12.95812956 5.34784961 21.18173876 20.58725230 14.11905485 13.75385315 36.00539105 10.12106591 19.49197119 26.74423580 27.78257585 18.83568509 33.24132607 29.34811909 23.19715767 21.51853935 28.59918817 30.43194757 28.78925139 32.20241995 39.64088228 24.71140009 34.29168215 27.35819644 34.02621591 31.26028224 41.05859131 38.24595188 37.64721064 33.30126455 36.31408181 37.93000653 45.83742812 47.07536538 43.52479592 43.54850946 38.92889188 45.90064657 43.62909842 49.90003413 54.25133238 53.91149915 52.80105908 51.85887553 51.85674186 58.04624578 56.66576652 54.10713774 56.35637792 59.23376898 63.18228979 61.34895530
18.09587195 52.76201839 44.59148792 34.54187445 11.39888558 24.91781122 0.00000000 52.50920926 14.73738142 23.34913075 46.08710778 9.36870769 38.07703483 19.66729079 60.56040439 28.69418517 42.04456911 12.82587360 52.14162204 18.36036036 55.79392398 51.90071701 37.90748931 34.63537897 24.78638922 52.98454549 25.36639345 28.71079122 62.19348020 39.42173172 56.84428007 34.25205725 48.73654754 45.97061387 64.23222876 34.82309393 34.22435270 35.46681454 51.02441344 40.90291252 60.54775976 65.16065783 40.10193797 58.25884109 50.85973872 60.61097820 46.60200441 46.47717618 68.96166401 50.48864120 57.04844501 63.81316983 54.36158612 72.75657741 71.37609816 57.08004373 70.37546074 56.32487678 77.89262142 57.92609735
34.48960381 5.25466689 10.20734364 20.44260563 42.47120893 27.60384025 52.50920926 0.00000000 39.68783106 31.09033246 12.61864953 47.31695379 18.78000289 40.44686233 8.67486042 33.87364379 19.10529074 53.43724498 12.58407065 45.52869427 21.18364850 23.09160502 46.98375336 45.46215110 55.29219735 19.61157903 55.48226058 58.89542913 27.58320472 48.49799578 23.47131361 51.14479213 39.64793906 44.19195965 29.59960168 64.93896106 64.34021983 57.08786024 40.53764010 61.29836200 36.37492453 35.61637574 67.41353231 36.69947370 52.82438225 43.21964425 63.49227990 74.25601323 46.09028736 76.49948866 56.65926821 51.33187541 66.36776193 49.90298025 48.52250099 62.17688037 52.30515935 75.73767405 55.03902426 81.07228333
11.51636637 39.94064018 31.77010971 21.72049624 6.40574663 12.95812956 14.73738142 39.68783106 0.00000000 9.96438157 33.26572957 8.41504412 24.69228565 8.67480721 47.17565521 15.30943598 28.65981993 14.52182239 38.75687286 9.59976442 42.40917480 38.51596783 26.59832236 23.71228148 19.26419737 39.59979631 19.32314157 22.73631013 48.80873102 28.11256478 43.45953089 27.30685750 37.42738060 34.66144693 50.22644005 28.77984206 28.18110082 28.52161479 39.71524650 33.95771277 49.23859281 53.85149089 34.05868609 46.94967415 42.26469748 49.30181126 39.65680466 40.43392431 57.65249707 44.44538933 50.10324527 55.26004022 47.41638637 61.44741047 60.06693121 50.13484398 59.75754261 50.28162490 66.58345448 51.88284547
10.46590282 31.34314159 23.17261111 13.12299765 13.39532862 5.34784961 23.34913075 31.09033246 9.96438157 0.00000000 24.47244142 17.75007192 15.59942041 9.72203297 38.08278997 6.57270591 19.56695470 22.71241562 29.66400762 14.80386490 33.31630957 29.42310260 18.76309023 16.20798066 24.56736799 30.50693107 24.75743121 28.17059977 39.71586579 20.27733265 34.36666566 22.24466651 29.59214847 26.82621480 41.13357482 34.21413170 33.61539046 28.18773462 31.88001437 32.84190868 41.40336068 46.01625876 38.51340669 39.11444202 34.49482444 41.46657913 38.54100057 45.35588761 49.81726494 49.36735263 47.71296123 47.42480809 46.76864401 53.61217834 52.23169908 49.01903989 51.92231048 54.14567113 58.74822235 56.80480878
28.06750233 14.13301050 9.00903514 14.72199164 36.04910745 21.18173876 46.08710778 12.61864953 33.26572957 24.47244142 0.00000000 40.89485231 9.24313012 32.63557778 16.99725023 25.12002751 9.44983991 45.62757583 9.95577042 37.27390781 17.96722765 17.42373372 38.23013709 36.70853483 47.48252820 16.39515818 47.67259142 51.08575998 24.36678387 39.74437950 20.25489277 42.39117585 36.43151822 40.97553880 26.38318083 57.12929191 56.53055067 48.33424397 37.32121925 52.96298594 33.15850369 32.39995490 58.65991603 33.48305285 49.60796141 40.00322341 58.66207783 65.50239695 42.87386652 69.51386197 53.44284737 48.11545456 63.15134108 46.68655940 45.30608015 58.96045953 49.08873851 72.52125321 51.82260341 76.95131812
17.15758302 47.56976292 39.39923244 29.34961898 9.48404690 20.58725230 9.36870769 47.31695379 8.41504412 17.75007192 40.89485231 0.00000000 32.47797600 11.48751412 54.96134556 20.60658292 36.44551029 8.44511223 46.54256321 8.99165267 50.19486516 46.30165819 29.72771264 26.45560231 16.08912907 47.38548666 16.66711349 20.01353108 56.59442138 31.24195506 51.24522125 25.43249109 40.55677087 37.79083720 56.05245209 26.12381398 25.52507274 26.64724838 42.84463678 32.08334636 52.36798309 56.98088117 31.40265802 50.07906443 42.04017256 52.43120153 37.78243824 37.77789623 60.78188734 41.78936125 48.22887885 54.99360366 45.54201995 64.57680074 63.19632149 48.26047757 61.55589458 47.62559683 69.71284475 49.22681740
21.00481842 19.51489541 11.86949526 9.59614073 28.12323270 14.11905485 38.07703483 18.78000289 24.69228565 15.59942041 9.24313012 32.47797600 0.00000000 23.76255677 23.32449645 16.24700651 5.60005352 36.75455482 14.90571410 28.40088680 19.34940840 15.45620142 29.35711608 27.83551382 38.60950719 16.54002990 38.79957041 42.21273897 25.74896461 30.87135850 20.39976448 33.51815484 36.40336747 37.42024064 27.16667364 48.25627090 47.65752967 39.46122296 37.29306850 44.08996494 33.29226283 33.18344771 49.78689503 33.45490210 45.08885028 39.97507266 49.78905683 56.62937594 42.84571577 60.64084096 53.41469662 48.08730381 58.01670027 46.65840865 45.27792940 58.93230878 49.06058776 65.39372739 51.79445267 68.07829711
17.92209342 40.69967146 32.52914099 22.47952752 14.03071831 13.75385315 19.66729079 40.44686233 8.67480721 9.72203297 32.63557778 11.48751412 23.76255677 0.00000000 46.24592633 9.51309926 27.73009105 14.08298932 37.82714398 5.56364504 41.47944593 37.58623896 18.63422897 15.36211864 15.93794169 38.67006743 16.12800491 19.54117347 47.87900214 20.14847139 42.52980202 21.49282566 29.46328721 26.69735354 44.95896842 25.58470540 24.98596416 25.23125188 31.75115311 30.66734986 41.27449943 45.88739750 30.86354944 38.98558076 34.13586859 41.33771787 36.36644175 37.23878765 49.68840368 41.25025267 46.81288236 47.29594683 44.12602346 53.48331708 52.10283783 46.84448107 51.79344922 47.08648825 58.61936109 48.68770882
42.89115462 13.41061686 18.88220406 29.00867056 50.60660226 36.00539105 60.56040439 8.67486042 47.17565521 38.08278997 16.99725023 54.96134556 23.32449645 46.24592633 0.00000000 38.73037607 20.20585615 59.23792438 9.13698002 50.88425636 19.00540872 20.91336524 50.06855825 50.31888338 61.09287675 17.43333925 61.28293997 64.69610853 25.40496494 47.13805971 21.29307384 56.00152440 37.46969929 42.01371987 27.42136190 70.73964046 70.14089923 60.99984116 38.35940032 59.12012222 34.19668476 33.43813597 70.18117745 34.52123392 50.64614248 41.04140448 61.31404013 73.63811127 43.91204759 74.32124888 54.48102844 49.15363563 64.18952215 47.72474047 46.34426122 59.99864060 50.12691958 73.55943428 52.86078448 78.89404355
16.66233935 34.12645292 25.95592244 16.35110630 18.74038303 10.12106591 28.69418517 33.87364379 15.30943598 6.57270591 25.12002751 20.60658292 16.24700651 9.51309926 38.73037607 0.00000000 20.21454079 22.69448046 30.31159372 14.15142929 33.96389566 30.07068869 13.47059556 11.94899330 24.54021608 31.15451717 24.73027930 28.14344786 40.36345188 14.98483797 35.01425175 17.63163432 24.29965379 21.53372012 39.79533501 34.18697979 32.22571747 23.57470244 26.58751969 28.20344441 36.11086601 40.72376408 33.90037450 33.82194734 29.20232976 36.17408445 33.90253630 40.74285542 44.52477026 44.75432044 43.07449697 42.13231341 42.13017975 48.31968366 46.93920441 44.38057562 46.62981580 49.50720686 53.45572767 52.19177659
26.24734036 21.94860341 15.31559130 15.05810825 32.09076698 19.49197119 42.04456911 19.10529074 28.65981993 19.56695470 9.44983991 36.44551029 5.60005352 27.73009105 20.20585615 20.21454079 0.00000000 40.72208911 11.17753625 32.36842109 14.17947494 10.16359840 33.32465036 31.80304810 42.57704148 11.24742688 42.76710470 46.18027326 20.57903116 34.83889278 15.10716146 37.48568913 31.11076445 35.65478503 21.99674019 52.22380519 51.62506395 43.42875724 32.00046549 48.05749922 27.99965981 28.01351426 53.75442931 28.16229909 44.28720764 34.68246964 53.75659111 60.59691023 37.55311275 64.60837525 48.12209360 42.79470080 57.83058732 41.36580564 39.98532638 53.63970576 43.76798474 67.20049944 46.50184965 72.04583139
23.77430534 53.69005411 45.51952364 35.46991017 16.39341491 26.74423580 12.82587360 53.43724498 14.52182239 22.71241562 45.62757583 8.44511223 36.75455482 14.08298932 59.23792438 22.69448046 40.72208911 0.00000000 50.81914203 9.33064567 54.47144398 50.57823701 31.43378526 28.16167493 13.20909436 51.66206548 13.95952954 17.24395626 60.87100020 32.94802768 55.52180007 23.08052928 42.26284349 39.49690982 57.75852471 23.41623003 22.81748879 24.28864899 43.75427242 29.72474697 54.07405571 58.68695379 28.69507407 51.78513705 39.68157317 50.56195201 35.42383886 35.07031228 62.48795997 39.08177730 45.87027947 52.63500428 43.18342057 66.28287336 64.94640786 45.90187818 59.19729519 44.91801288 71.41891738 46.51923345
34.66833941 17.03855223 18.78198383 22.15358944 42.18781991 27.78257585 52.14162204 12.58407065 38.75687286 29.66400762 9.95577042 46.54256321 14.90571410 37.82714398 9.13698002 30.31159372 11.17753625 50.81914203 0.00000000 42.46547401 10.05264970 11.96060622 41.11579923 41.90010103 52.67409440 8.48058023 52.86415762 56.27732618 16.45220592 38.18530069 12.34031482 47.58274205 28.51694027 33.06096085 18.46860288 62.32085811 61.72211688 52.04708214 29.40664130 50.16736320 25.24392573 24.48537695 61.22841842 25.56847490 41.69338346 32.08864545 52.36128111 64.68535225 34.95928857 65.36848986 45.52826942 40.20087661 55.23676313 38.77198145 37.39150220 51.04588158 41.17416055 64.60667526 43.90802546 69.94128453
20.59801443 45.78150339 37.61097292 27.56135946 13.47636148 18.83568509 18.36036036 45.52869427 9.59976442 14.80386490 37.27390781 8.99165267 28.40088680 5.56364504 50.88425636 14.15142929 32.36842109 9.33064567 42.46547401 0.00000000 46.11777596 42.22456899 22.89073408 19.61862375 10.47439647 43.30839746 10.66445970 14.07762825 52.51733218 24.40497650 47.16813205 18.55294937 33.71979232 30.95385865 49.21547353 20.12116018 19.52241895 19.76770666 36.00765822 25.20380464 45.53100454 50.14390261 25.40000422 43.24208587 35.16063084 45.59422298 30.90289653 31.77524243 53.94490879 35.78670745 41.34933714 48.11406195 38.66247824 57.73982219 56.35934294 41.38093585 54.67635287 41.62294303 62.87586620 43.22416360
39.99669523 25.63813008 26.97626279 28.80041870 45.84012185 33.24132607 55.79392398 21.18364850 42.40917480 33.31630957 17.96722765 50.19486516 19.34940840 41.47944593 19.00540872 33.96389566 14.17947494 54.47144398 10.05264970 46.11777596 0.00000000 13.85366257 38.06618793 45.55240298 56.32639635 6.61782379 56.51645957 59.92962813 7.64937890 35.13568939 7.92230847 46.50043154 25.46732897 30.01134955 11.27759530 64.61244718 60.61083393 48.99747084 26.35703000 47.11775191 18.41759280 17.07453928 58.17880713 22.51886360 38.64377216 29.03903416 49.31166981 61.63574095 30.98663488 62.31887856 42.47865812 37.15126531 52.18715184 34.91763787 33.77209106 47.99627028 37.99847102 61.55706396 40.07502656 66.89167323
36.10348826 27.54608660 24.04677427 24.90721173 41.94691488 29.34811909 51.90071701 23.09160502 38.51596783 29.42310260 17.42373372 46.30165819 15.45620142 37.58623896 20.91336524 30.07068869 10.16359840 50.57823701 11.96060622 42.22456899 13.85366257 0.00000000 42.21697103 41.65919600 52.43318938 9.99080077 52.62325260 56.03642116 19.88513581 39.28647249 13.73220880 47.34183703 29.61811207 34.16213265 20.83848123 62.07995309 61.48121185 53.28490514 30.50781310 51.26853501 26.58737391 26.86587387 62.32959023 26.66964670 42.79455526 33.18981726 53.46245291 65.78652405 36.06046037 66.46966166 46.62944122 41.30204841 56.33793494 39.87315325 38.49267400 52.14705338 42.27533236 65.70784706 45.00919726 71.04245633
28.93896099 47.23656249 39.06603202 29.42719807 30.18157461 23.19715767 37.90748931 46.98375336 26.59832236 18.76309023 38.23013709 29.72771264 29.35711608 18.63422897 50.06855825 13.47059556 33.32465036 31.43378526 41.11579923 22.89073408 38.06618793 42.21697103 0.00000000 14.77619476 31.40771994 33.04526724 27.49698869 32.41452406 35.64250709 6.68378997 30.42849851 16.81181907 13.58339537 11.69959518 29.07907658 34.92383470 31.40590222 22.75488718 16.29874855 26.54204677 25.39460758 30.00750566 33.08055925 23.52470136 23.80188839 25.95543342 32.24113866 39.92304017 34.22752428 43.93450519 35.79799451 31.96306645 40.46878211 38.02243768 36.64195843 39.73453775 36.41116477 47.84580922 43.15848169 51.37196133
26.28656047 45.71496023 37.54442976 27.74857975 27.45170267 21.51853935 34.63537897 45.46215110 23.71228148 16.20798066 36.70853483 26.45560231 27.83551382 15.36211864 50.31888338 11.94899330 31.80304810 28.16167493 41.90010103 19.61862375 45.55240298 41.65919600 14.77619476 0.00000000 23.80917001 42.74302448 19.89843876 24.81597413 46.98592072 15.46012046 41.77191215 9.95147119 24.92680900 22.16087533 40.42249022 27.32528477 23.80735230 15.49984447 26.27374577 20.62050296 36.73802122 41.35091930 25.60142923 34.44910256 24.03269023 33.15809472 26.31959484 32.44391014 45.15192548 36.45537516 35.65374122 38.55534100 34.54723829 48.94683887 47.46588121 36.79763417 43.31398434 41.92426541 54.08288289 43.89283131
29.71152585 55.54500648 47.37447601 37.32486254 22.33408129 28.59918817 24.78638922 55.29219735 19.26419737 24.56736799 47.48252820 16.08912907 38.60950719 15.93794169 61.09287675 24.54021608 42.57704148 13.20909436 52.67409440 10.47439647 56.32639635 52.43318938 31.40771994 23.80917001 0.00000000 53.51701785 3.92050646 4.57658553 58.67265157 29.43349031 53.45864299 14.59590087 37.82151900 33.80913512 52.10922107 10.95341498 11.32812601 15.39400315 35.26964400 20.83010113 47.91148353 53.02604474 17.49801944 44.92038183 30.86057742 42.07732359 26.52919302 23.87325766 55.75441614 27.88472268 36.97563363 43.74035844 32.99091332 58.81023208 56.46177944 36.61797657 50.30264935 33.72095825 63.96047768 35.32217882
37.18731674 24.06606062 25.13060274 25.99104020 43.03074336 30.43194757 52.98454549 19.61157903 39.59979631 30.50693107 16.39515818 47.38548666 16.54002990 38.67006743 17.43333925 31.15451717 11.24742688 51.66206548 8.48058023 43.30839746 6.61782379 9.99080077 33.04526724 42.74302448 53.51701785 0.00000000 52.16468048 57.12024963 10.50202187 30.11476871 3.85973458 41.47951086 20.44640828 24.99042887 10.96600701 59.59152649 55.58991324 43.97655016 21.33610932 42.09683122 17.17339375 16.99339965 53.15788644 17.49794292 33.62285148 24.01811347 44.29074912 56.61482026 26.88875659 57.29795788 37.45773743 32.13034463 47.16623115 30.70144947 29.32097021 42.97534959 33.10362857 56.53614327 35.83749348 61.87075255
29.77047005 55.73506970 47.56453923 37.51492576 22.39302549 28.78925139 25.36639345 55.48226058 19.32314157 24.75743121 47.67259142 16.66711349 38.79957041 16.12800491 61.28293997 24.73027930 42.76710470 13.95952954 52.86415762 10.66445970 56.51645957 52.62325260 27.49698869 19.89843876 3.92050646 52.16468048 0.00000000 5.53785211 54.76192032 25.52275906 49.54791174 10.68516962 33.91078775 29.89840387 48.19848982 10.61384958 9.76901419 11.48327190 31.35891275 16.91936988 44.00075228 49.11531349 15.51605945 41.00965058 26.94984618 38.16659234 22.61846177 21.89129766 51.84368489 25.90276268 33.06490238 39.82962719 30.37804348 54.89950083 52.55104819 33.09650109 46.39191810 31.73899826 60.04974643 33.34021883
33.18363861 59.14823826 50.97770779 40.92809432 25.80619405 32.20241995 28.71079122 58.89542913 22.73631013 28.17059977 51.08575998 20.01353108 42.21273897 19.54117347 64.69610853 28.14344786 46.18027326 17.24395626 56.27732618 14.07762825 59.92962813 56.03642116 32.41452406 24.81597413 4.57658553 57.12024963 5.53785211 0.00000000 59.67945569 30.44029443 54.46544711 15.60270499 38.82832312 34.81593924 53.11602519 6.98478925 8.60448745 15.87461005 36.27644812 21.01992498 48.91828765 54.03284886 15.61092321 45.92718595 31.05040128 43.08412771 26.46070074 21.98616143 56.76122026 25.99762645 36.99453870 43.75926351 31.10381709 59.81703621 57.05803101 34.73088034 50.32155443 31.83386202 64.96728180 33.43508259
46.39625145 32.03768630 33.37581901 35.19997492 52.23967807 39.64088228 62.19348020 27.58320472 48.80873102 39.71586579 24.36678387 56.59442138 25.74896461 47.87900214 25.40496494 40.36345188 20.57903116 60.87100020 16.45220592 52.51733218 7.64937890 19.88513581 35.64250709 46.98592072 58.67265157 10.50202187 54.76192032 59.67945569 0.00000000 32.71200855 9.01876300 44.07675070 23.04364813 27.58766871 6.81888504 62.18876633 58.18715309 46.57379000 23.93334916 44.69407106 14.15314634 11.09614589 55.72742334 19.12084662 36.22009132 26.27519402 46.86028602 59.18435716 26.03057215 59.02666983 39.18644938 33.85795784 48.89494310 29.96157515 28.81602834 44.70406154 33.16095223 58.26485522 35.11896384 63.59946450
30.45320341 48.75080491 40.58027444 30.94144048 31.69581703 24.71140009 39.42173172 48.49799578 28.11256478 20.27733265 39.74437950 31.24195506 30.87135850 20.14847139 47.13805971 14.98483797 34.83889278 32.94802768 38.18530069 24.40497650 35.13568939 39.28647249 6.68378997 15.46012046 29.43349031 30.11476871 25.52275906 30.44029443 32.71200855 0.00000000 27.49799997 14.83758944 10.65289683 7.84464333 26.14857804 32.94960507 29.43167260 20.78065756 12.89844290 22.84282630 22.46410905 27.07700712 31.10632963 20.13287055 19.07063360 22.48500766 28.13714771 37.94881054 30.83569347 40.80186636 32.21902337 28.44323662 36.40772894 34.63060687 33.25012761 35.00328295 32.94073901 43.78475605 39.76665088 47.94405565
41.04705132 27.92579520 28.99033733 29.85077479 46.89047794 34.29168215 56.84428007 23.47131361 43.45953089 34.36666566 20.25489277 51.24522125 20.39976448 42.52980202 21.29307384 35.01425175 15.10716146 55.52180007 12.34031482 47.16813205 7.92230847 13.73220880 30.42849851 41.77191215 53.45864299 3.85973458 49.54791174 54.46544711 9.01876300 27.49799997 0.00000000 38.86274212 17.82963955 22.37366013 8.18892152 56.97475775 52.97314451 41.35978142 18.71934058 39.48006249 14.46990115 14.27611479 50.54111771 14.88117418 31.00608274 21.40134474 41.67398039 53.99805153 24.27198785 54.68118914 34.84096870 29.51357589 44.54946242 28.08468073 26.70420148 40.35858086 30.48685984 53.91937454 33.22072474 59.25398381
32.32324632 51.39760125 43.22707078 33.58823683 30.40104241 27.35819644 34.25205725 51.14479213 27.30685750 22.24466651 42.39117585 25.43249109 33.51815484 21.49282566 56.00152440 17.63163432 37.48568913 23.08052928 47.58274205 18.55294937 46.50043154 47.34183703 16.81181907 9.95147119 14.59590087 41.47951086 10.68516962 15.60270499 44.07675070 14.83758944 38.86274212 0.00000000 23.22561813 19.21323425 37.51332020 18.11201563 14.59408315 5.94306812 20.67374313 11.02910246 33.31558266 38.43014387 16.26874018 30.32448095 18.08360735 27.48142272 16.72819435 23.11122110 41.15851527 27.12268612 27.17463496 32.87866899 24.95583780 44.21433121 41.86587857 27.20623367 37.63731234 32.33286491 49.36457681 34.56014227
39.76801922 44.10242065 44.99394031 40.25625630 41.01063285 34.02621591 48.73654754 39.64793906 37.42738060 29.59214847 36.43151822 40.55677087 36.40336747 29.46328721 37.46969929 24.29965379 31.11076445 42.26284349 28.51694027 33.71979232 25.46732897 29.61811207 13.58339537 24.92680900 37.82151900 20.44640828 33.91078775 38.82832312 23.04364813 10.65289683 17.82963955 23.22561813 0.00000000 7.41572396 16.48021762 41.33763376 37.81970128 27.72427579 6.90333406 26.14677037 12.79574862 17.40864670 37.09331180 11.33154956 17.91033095 16.61712032 28.69300108 41.01707222 22.04124672 41.98488328 26.84572339 23.01079533 36.15044488 25.83616012 24.45568086 32.36333555 27.45889365 44.69750881 30.97220413 49.07469481
37.00208555 48.64644123 47.12915658 37.49032263 38.24469918 31.26028224 45.97061387 44.19195965 34.66144693 26.82621480 40.97553880 37.79083720 37.42024064 26.69735354 42.01371987 21.53372012 35.65478503 39.49690982 33.06096085 30.95385865 30.01134955 34.16213265 11.69959518 22.16087533 33.80913512 24.99042887 29.89840387 34.81593924 27.58766871 7.84464333 22.37366013 19.21323425 7.41572396 0.00000000 21.02423820 37.32524988 33.80731740 22.81142107 5.29332988 20.91934936 17.09234528 21.95266728 31.86589079 14.28852712 13.67333742 14.79191157 24.45600755 36.78007869 25.02128381 37.74788975 24.37438004 20.59859329 31.91345135 28.81619721 27.43571796 29.65198422 25.24764292 40.46051528 33.95224122 44.83770128
47.81396048 34.05408326 35.39221597 36.61768395 53.65738710 41.05859131 64.23222876 29.59960168 50.22644005 41.13357482 26.38318083 56.05245209 27.16667364 44.95896842 27.42136190 39.79533501 21.99674019 57.75852471 18.46860288 49.21547353 11.27759530 20.83848123 29.07907658 40.42249022 52.10922107 10.96600701 48.19848982 53.11602519 6.81888504 26.14857804 8.18892152 37.51332020 16.48021762 21.02423820 0.00000000 55.62533583 51.62372258 40.01035949 17.36991866 38.13064056 7.72611199 7.13314336 49.16399283 12.55741612 29.65666081 19.71176352 40.29685551 52.62092665 20.29515407 52.60968092 32.76946048 27.44096893 42.47795419 24.22615707 23.08061026 38.28707264 27.30699022 51.84786632 29.38354575 57.18247559
39.22717054 65.19177019 57.02123972 46.97162625 31.84972598 38.24595188 34.82309393 64.93896106 28.77984206 34.21413170 57.12929191 26.12381398 48.25627090 25.58470540 70.73964046 34.18697979 52.22380519 23.41623003 62.32085811 20.12116018 64.61244718 62.07995309 34.92383470 27.32528477 10.95341498 59.59152649 10.61384958 6.98478925 62.18876633 32.94960507 56.97475775 18.11201563 41.33763376 37.32524988 55.62533583 0.00000000 4.99784993 17.80209228 38.78575876 21.23297744 51.42759829 56.54215950 13.40092252 48.43649659 31.02075260 43.64854395 24.25070005 19.77616073 57.42681298 23.78762575 34.78453800 41.54926281 28.89381639 58.39975065 54.84803031 32.52087964 48.11155373 29.62386132 63.78023330 31.22508190
38.62842930 64.59302895 56.42249848 46.37288501 31.25098474 37.64721064 34.22435270 64.34021983 28.18110082 33.61539046 56.53055067 25.52507274 47.65752967 24.98596416 70.14089923 32.22571747 51.62506395 22.81748879 61.72211688 19.52241895 60.61083393 61.48121185 31.40590222 23.80735230 11.32812601 55.58991324 9.76901419 8.60448745 58.18715309 29.43167260 52.97314451 14.59408315 37.81970128 33.80731740 51.62372258 4.99784993 0.00000000 13.32514484 34.49911944 16.26197141 47.14095897 52.30308354 8.42991648 44.14985726 26.04974657 38.67753792 19.27969401 14.80515469 52.45580695 18.81661971 29.81353197 36.57825678 23.92281036 53.42874462 49.87702428 27.54987361 43.14054769 24.65285529 58.80922727 26.25407586
38.26631444 57.34066937 49.17013890 39.53130495 31.61579970 33.30126455 35.46681454 57.08786024 28.52161479 28.18773462 48.33424397 26.64724838 39.46122296 25.23125188 60.99984116 23.57470244 43.42875724 24.28864899 52.04708214 19.76770666 48.99747084 53.28490514 22.75488718 15.49984447 15.39400315 43.97655016 11.48327190 15.87461005 46.57379000 20.78065756 41.35978142 5.94306812 27.72427579 22.81142107 40.01035949 17.80209228 13.32514484 0.00000000 22.88575635 5.46311848 35.52759588 40.68972046 11.05032605 32.53649417 15.49359477 28.12138612 11.16221036 17.89280696 41.89965515 21.94279171 21.60865097 28.37337578 19.27067488 44.53612490 41.67214328 21.64024969 34.93566670 26.64770200 49.77574258 29.34172813
42.05588512 44.99212168 45.88364135 42.54412220 43.29849875 36.31408181 51.02441344 40.53764010 39.71524650 31.88001437 37.32121925 42.84463678 37.29306850 31.75115311 38.35940032 26.58751969 32.00046549 43.75427242 29.40664130 36.00765822 26.35703000 30.50781310 16.29874855 26.27374577 35.26964400 21.33610932 31.35891275 36.27644812 23.93334916 12.89844290 18.71934058 20.67374313 6.90333406 5.29332988 17.36991866 38.78575876 34.49911944 22.88575635 0.00000000 21.00603742 12.73233789 17.89446246 31.93654960 9.74123618 12.28674216 10.34135173 23.06941228 35.39348343 20.47399287 36.36129449 20.18391283 16.34898476 29.89240655 24.26890627 22.88842702 25.70152499 20.79708309 39.07392001 29.40495028 43.45110602
42.92048849 61.96941135 53.79888087 44.16004692 37.05189768 37.93000653 40.90291252 61.29836200 33.95771277 32.84190868 52.96298594 32.08334636 44.08996494 30.66734986 59.12012222 28.20344441 48.05749922 29.72474697 50.16736320 25.20380464 47.11775191 51.26853501 26.54204677 20.62050296 20.83010113 42.09683122 16.91936988 21.01992498 44.69407106 22.84282630 39.48006249 11.02910246 26.14677037 20.91934936 38.13064056 21.23297744 16.26197141 5.46311848 21.00603742 0.00000000 33.64787694 38.81000152 12.77276911 29.87533024 10.04020631 22.66799766 6.48354316 17.79730676 36.44626669 19.10532402 16.50094918 23.26567399 14.71118660 39.08273644 36.28993406 16.96158248 29.82796491 22.08821372 44.32235412 26.24751331
51.57923144 40.82940612 41.88283567 42.74327313 52.82184506 45.83742812 60.54775976 36.37492453 49.23859281 41.40336068 33.15850369 52.36798309 33.29226283 41.27449943 34.19668476 36.11086601 27.99965981 54.07405571 25.24392573 45.53100454 18.41759280 26.58737391 25.39460758 36.73802122 47.91148353 17.17339375 44.00075228 48.91828765 14.15314634 22.46410905 14.46990115 33.31558266 12.79574862 17.09234528 7.72611199 51.42759829 47.14095897 35.52759588 12.73233789 33.64787694 0.00000000 5.42516980 43.95454683 5.22341364 24.76135847 12.16352463 35.08740952 47.16101936 12.60908280 44.89232280 25.05210236 19.72361081 34.76059608 16.54008579 15.43870791 30.56971452 19.58963210 44.13050820 21.69747448 49.46511748
53.83073455 40.07085733 41.40899003 42.63445801 57.43474314 47.07536538 65.16065783 35.61637574 53.85149089 46.01625876 32.39995490 56.98088117 33.18344771 45.88739750 33.43813597 40.72376408 28.01351426 58.68695379 24.48537695 50.14390261 17.07453928 26.86587387 30.00750566 41.35091930 53.02604474 16.99339965 49.11531349 54.03284886 11.09614589 27.07700712 14.27611479 38.43014387 17.40864670 21.95266728 7.13314336 56.54215950 52.30308354 40.68972046 17.89446246 38.81000152 5.42516980 0.00000000 49.28022481 10.34918568 30.08703645 17.27820174 40.41308750 52.27569646 16.83105276 50.00699991 30.16677947 24.83828792 39.87527319 20.76205576 19.61650895 35.68439163 23.96143284 49.24518531 25.91944444 54.57979458
44.50601458 67.66634144 59.49581097 49.85697701 37.12857002 43.52479592 40.10193797 67.41353231 34.05868609 38.51340669 58.65991603 31.40265802 49.78689503 30.86354944 70.18117745 33.90037450 53.75442931 28.69507407 61.22841842 25.40000422 58.17880713 62.32959023 33.08055925 25.60142923 17.49801944 53.15788644 15.51605945 15.61092321 55.72742334 31.10632963 50.54111771 16.26874018 37.09331180 31.86589079 49.16399283 13.40092252 8.42991648 11.05032605 31.93654960 12.77276911 43.95454683 49.28022481 0.00000000 39.88270344 20.04757951 32.67537086 11.67955980 6.96018121 46.35734730 10.95345741 21.99854146 28.76326627 15.51161157 45.61375410 42.06203377 19.13867482 35.32555718 16.72461676 50.99423675 18.40910238
49.29031277 41.15395528 42.04547495 42.90591241 50.53292640 43.54850946 58.25884109 36.69947370 46.94967415 39.11444202 33.48305285 50.07906443 33.45490210 38.98558076 34.52123392 33.82194734 28.16229909 51.78513705 25.56847490 43.24208587 22.51886360 26.66964670 23.52470136 34.44910256 44.92038183 17.49794292 41.00965058 45.92718595 19.12084662 20.13287055 14.88117418 30.32448095 11.33154956 14.28852712 12.55741612 48.43649659 44.14985726 32.53649417 9.74123618 29.87533024 5.22341364 10.34918568 39.88270344 0.00000000 21.25917017 7.20733258 30.71227115 42.75587354 11.12397163 40.48717699 20.64695654 15.31956374 30.35545026 14.91888503 13.53840578 26.16456870 17.32106413 39.72536238 20.05492904 45.05997166
44.60533610 57.27886384 54.79776622 45.15893227 45.84794972 38.92889188 50.85973872 52.82438225 42.26469748 34.49482444 49.60796141 42.04017256 45.08885028 34.13586859 50.64614248 29.20232976 44.28720764 39.68157317 41.69338346 35.16063084 38.64377216 42.79455526 23.80188839 24.03269023 30.86057742 33.62285148 26.94984618 31.05040128 36.22009132 19.07063360 31.00608274 18.08360735 17.91033095 13.67333742 29.65666081 31.02075260 26.04974657 15.49359477 12.28674216 10.04020631 24.76135847 30.08703645 20.04757951 21.25917017 0.00000000 14.05183759 11.18044219 23.50451333 27.83010662 24.47232439 15.11814186 17.24296181 18.62302677 30.46657637 27.67377399 16.36155964 22.12244711 27.18494992 35.70619405 31.56213592
51.64244988 47.67412584 48.56564550 49.42608296 52.88506351 45.90064657 60.61097820 43.21964425 49.30181126 41.46657913 40.00322341 52.43120153 39.97507266 41.33771787 41.04140448 36.17408445 34.68246964 50.56195201 32.08864545 45.59422298 29.03903416 33.18981726 25.95543342 33.15809472 42.07732359 24.01811347 38.16659234 43.08412771 26.27519402 22.48500766 21.40134474 27.48142272 16.61712032 14.79191157 19.71176352 43.64854395 38.67753792 28.12138612 10.34135173 22.66799766 12.16352463 17.27820174 32.67537086 7.20733258 14.05183759 0.00000000 23.50493857 35.54854096 14.24082318 33.27984440 13.43962396 9.59528003 23.14811768 16.98450065 14.63604800 18.95723612 13.15070031 32.51802980 22.13474624 37.85263908
48.61958038 67.66850324 59.49797276 49.85913881 42.75098957 43.62909842 46.60200441 63.49227990 39.65680466 38.54100057 58.66207783 37.78243824 49.78905683 36.36644175 61.31404013 33.90253630 53.75659111 35.42383886 52.36128111 30.90289653 49.31166981 53.46245291 32.24113866 26.31959484 26.52919302 44.29074912 22.61846177 26.46070074 46.86028602 28.13714771 41.67398039 16.72819435 28.69300108 24.45600755 40.29685551 24.25070005 19.27969401 11.16221036 23.06941228 6.48354316 35.08740952 40.41308750 11.67955980 30.71227115 11.18044219 23.50493857 0.00000000 14.28106765 36.89843581 14.33386126 12.53962996 19.30435477 8.40315615 36.15484261 32.60312227 10.47803932 25.86664569 16.76293476 41.53532526 21.27003848
50.88125279 74.50882235 66.33829188 56.69945793 43.50380823 49.90003413 46.47717618 74.25601323 40.43392431 45.35588761 65.50239695 37.77789623 56.62937594 37.23878765 73.63811127 40.74285542 60.59691023 35.07031228 64.68535225 31.77524243 61.63574095 65.78652405 39.92304017 32.44391014 23.87325766 56.61482026 21.89129766 21.98616143 59.18435716 37.94881054 53.99805153 23.11122110 41.01707222 36.78007869 52.62092665 19.77616073 14.80515469 17.89280696 35.39348343 17.79730676 47.16101936 52.27569646 6.96018121 42.75587354 23.50451333 35.54854096 14.28106765 0.00000000 47.06952722 4.41216437 22.49028511 29.29787284 14.62315698 46.14836068 42.59664034 19.12663431 35.86016376 9.84770060 51.52884333 11.44892117
59.99313569 50.54476895 51.43628862 52.29672608 61.23574932 54.25133238 68.96166401 46.09028736 57.65249707 49.81726494 42.87386652 60.78188734 42.84571577 49.68840368 43.91204759 44.52477026 37.55311275 62.48795997 34.95928857 53.94490879 30.98663488 36.06046037 34.22752428 45.15192548 55.75441614 26.88875659 51.84368489 56.76122026 26.03057215 30.83569347 24.27198785 41.15851527 22.04124672 25.02128381 20.29515407 57.42681298 52.45580695 41.89965515 20.47399287 36.44626669 12.60908280 16.83105276 46.35734730 11.12397163 27.83010662 14.24082318 36.89843581 47.06952722 0.00000000 44.80083066 24.93682098 18.20248658 34.67468733 6.90273361 7.02335297 30.47221849 13.36627930 44.03301217 11.09074187 49.36762145
54.89271781 78.52028737 70.34975690 60.71092295 47.51527325 53.91149915 50.48864120 76.49948866 44.44538933 49.36735263 69.51386197 41.78936125 60.64084096 41.25025267 74.32124888 44.75432044 64.60837525 39.08177730 65.36848986 35.78670745 62.31887856 66.46966166 43.93450519 36.45537516 27.88472268 57.29795788 25.90276268 25.99762645 59.02666983 40.80186636 54.68118914 27.12268612 41.98488328 37.74788975 52.60968092 23.78762575 18.81661971 21.94279171 36.36129449 19.10532402 44.89232280 50.00699991 10.95345741 40.48717699 24.47232439 33.27984440 14.33386126 4.41216437 44.80083066 0.00000000 20.22158856 27.02917629 11.83805392 43.87966413 40.32794379 16.85793776 33.59146721 5.83705972 49.26014678 8.56906485
57.79154104 61.11374980 62.00526946 59.03109947 53.19743017 52.80105908 57.04844501 56.65926821 50.10324527 47.71296123 53.44284737 48.22887885 53.41469662 46.81288236 54.48102844 43.07449697 48.12209360 45.87027947 45.52826942 41.34933714 42.47865812 46.62944122 35.79799451 35.65374122 36.97563363 37.45773743 33.06490238 36.99453870 39.18644938 32.21902337 34.84096870 27.17463496 26.84572339 24.37438004 32.76946048 34.78453800 29.81353197 21.60865097 20.18391283 16.50094918 25.05210236 30.16677947 21.99854146 20.64695654 15.11814186 13.43962396 12.53962996 22.49028511 24.93682098 20.22158856 0.00000000 6.80758774 9.73786634 23.65807557 20.10635524 5.53539751 13.36987865 19.09619119 29.03855822 24.43080046
57.60067885 55.78635699 56.67787666 57.53831412 58.84329247 51.85887553 63.81316983 51.33187541 55.26004022 47.42480809 48.11545456 54.99360366 48.08730381 47.29594683 49.15363563 42.13231341 42.79470080 52.63500428 40.20087661 48.11406195 37.15126531 41.30204841 31.96306645 38.55534100 43.74035844 32.13034463 39.82962719 43.75926351 33.85795784 28.44323662 29.51357589 32.87866899 23.01079533 20.59859329 27.44096893 41.54926281 36.57825678 28.37337578 16.34898476 23.26567399 19.72361081 24.83828792 28.76326627 15.31956374 17.24296181 9.59528003 19.30435477 29.29787284 18.20248658 27.02917629 6.80758774 0.00000000 16.54545408 16.92374117 13.37202083 12.34298524 6.63554424 25.90377892 22.30422381 31.23838820
56.84722382 70.82224352 67.72561621 58.08678226 50.51057127 51.85674186 54.36158612 66.36776193 47.41638637 46.76864401 63.15134108 45.54201995 58.01670027 44.12602346 64.18952215 42.13017975 57.83058732 43.18342057 55.23676313 38.66247824 52.18715184 56.33793494 40.46878211 34.54723829 32.99091332 47.16623115 30.37804348 31.10381709 48.89494310 36.40772894 44.54946242 24.95583780 36.15044488 31.91345135 42.47795419 28.89381639 23.92281036 19.27067488 29.89240655 14.71118660 34.76059608 39.87527319 15.51161157 30.35545026 18.62302677 23.14811768 8.40315615 14.62315698 34.67468733 11.83805392 9.73786634 16.54545408 0.00000000 33.39594191 29.84422158 5.20396920 23.10774499 10.36816897 38.77642456 16.32716426
63.78804909 54.35746183 55.24898150 56.10941896 65.03066272 58.04624578 72.75657741 49.90298025 61.44741047 53.61217834 46.68655940 64.57680074 46.65840865 53.48331708 47.72474047 48.31968366 41.36580564 66.28287336 38.77198145 57.73982219 34.91763787 39.87315325 38.02243768 48.94683887 58.81023208 30.70144947 54.89950083 59.81703621 29.96157515 34.63060687 28.08468073 44.21433121 25.83616012 28.81619721 24.22615707 58.39975065 53.42874462 44.53612490 24.26890627 39.08273644 16.54008579 20.76205576 45.61375410 14.91888503 30.46657637 16.98450065 36.15484261 46.14836068 6.90273361 43.87966413 23.65807557 16.92374117 33.39594191 0.00000000 5.04517288 29.19347308 11.65802971 42.75426676 6.10290316 48.08887604
62.40756984 52.97698258 53.86850224 54.72893970 63.65018346 56.66576652 71.37609816 48.52250099 60.06693121 52.23169908 45.30608015 63.19632149 45.27792940 52.10283783 46.34426122 46.93920441 39.98532638 64.94640786 37.39150220 56.35934294 33.77209106 38.49267400 36.64195843 47.46588121 56.46177944 29.32097021 52.55104819 57.05803101 28.81602834 33.25012761 26.70420148 41.86587857 24.45568086 27.43571796 23.08061026 54.84803031 49.87702428 41.67214328 22.88842702 36.28993406 15.43870791 19.61650895 42.06203377 13.53840578 27.67377399 14.63604800 32.60312227 42.59664034 7.02335297 40.32794379 20.10635524 13.37202083 29.84422158 5.04517288 0.00000000 25.64175274 7.46625966 39.20254642 10.42565553 44.53715570
59.09761970 66.63136196 67.52288162 60.33717813 53.22902889 54.10713774 57.08004373 62.17688037 50.13484398 49.01903989 58.96045953 48.26047757 58.93230878 46.84448107 59.99864060 44.38057562 53.63970576 45.90187818 51.04588158 41.38093585 47.99627028 52.14705338 39.73453775 36.79763417 36.61797657 42.97534959 33.09650109 34.73088034 44.70406154 35.00328295 40.35858086 27.20623367 32.36333555 29.65198422 38.28707264 32.52087964 27.54987361 21.64024969 25.70152499 16.96158248 30.56971452 35.68439163 19.13867482 26.16456870 16.36155964 18.95723612 10.47803932 19.12663431 30.47221849 16.85793776 5.53539751 12.34298524 5.20396920 29.19347308 25.64175274 0.00000000 18.90527616 13.87412084 34.57395573 19.20873012
62.09818123 56.75964094 57.65116060 58.51159806 63.34079486 56.35637792 70.37546074 52.30515935 59.75754261 51.92231048 49.08873851 61.55589458 49.06058776 51.79344922 50.12691958 46.62981580 43.76798474 59.19729519 41.17416055 54.67635287 37.99847102 42.27533236 36.41116477 43.31398434 50.30264935 33.10362857 46.39191810 50.32155443 33.16095223 32.94073901 30.48685984 37.63731234 27.45889365 25.24764292 27.30699022 48.11155373 43.14054769 34.93566670 20.79708309 29.82796491 19.58963210 23.96143284 35.32555718 17.32106413 22.12244711 13.15070031 25.86664569 35.86016376 13.36627930 33.59146721 13.36987865 6.63554424 23.10774499 11.65802971 7.46625966 18.90527616 0.00000000 32.46606984 17.03851236 37.80067911
60.72895338 80.19215564 75.10264332 65.46380937 53.35150883 59.23376898 56.32487678 75.73767405 50.28162490 54.14567113 72.52125321 47.62559683 65.39372739 47.08648825 73.55943428 49.50720686 67.20049944 44.91801288 64.60667526 41.62294303 61.55706396 65.70784706 47.84580922 41.92426541 33.72095825 56.53614327 31.73899826 31.83386202 58.26485522 43.78475605 53.91937454 32.33286491 44.69750881 40.46051528 51.84786632 29.62386132 24.65285529 26.64770200 39.07392001 22.08821372 44.13050820 49.24518531 16.72461676 39.72536238 27.18494992 32.51802980 16.76293476 9.84770060 44.03301217 5.83705972 19.09619119 25.90377892 10.36816897 42.75426676 39.20254642 13.87412084 32.46606984 0.00000000 48.13474941 6.23908848
68.92409310 59.49350584 60.38502551 61.24546297 70.16670673 63.18228979 77.89262142 55.03902426 66.58345448 58.74822235 51.82260341 69.71284475 51.79445267 58.61936109 52.86078448 53.45572767 46.50184965 71.41891738 43.90802546 62.87586620 40.07502656 45.00919726 43.15848169 54.08288289 63.96047768 35.83749348 60.04974643 64.96728180 35.11896384 39.76665088 33.22072474 49.36457681 30.97220413 33.95224122 29.38354575 63.78023330 58.80922727 49.77574258 29.40495028 44.32235412 21.69747448 25.91944444 50.99423675 20.05492904 35.70619405 22.13474624 41.53532526 51.52884333 11.09074187 49.26014678 29.03855822 22.30422381 38.77642456 6.10290316 10.42565553 34.57395573 17.03851236 48.13474941 0.00000000 53.46935868
62.33017395 85.52676491 77.78721305 68.14837910 54.95272940 61.34895530 57.92609735 81.07228333 51.88284547 56.80480878 76.95131812 49.22681740 68.07829711 48.68770882 78.89404355 52.19177659 72.04583139 46.51923345 69.94128453 43.22416360 66.89167323 71.04245633 51.37196133 43.89283131 35.32217882 61.87075255 33.34021883 33.43508259 63.59946450 47.94405565 59.25398381 34.56014227 49.07469481 44.83770128 57.18247559 31.22508190 26.25407586 29.34172813 43.45110602 26.24751331 49.46511748 54.57979458 18.40910238 45.05997166 31.56213592 37.85263908 21.27003848 11.44892117 49.36762145 8.56906485 24.43080046 31.23838820 16.32716426 48.08887604 44.53715570 19.20873012 37.80067911 6.23908848 53.46935868 0.00000000
