0.00000000 37.35533906 83.89949494 74.55634919 193.86500705 303.52186130 125.85281374 118.59797975 243.19090886 264.43354955 149.05382387 161.81118318 357.84776311 186.85281374 201.02438662 204.91168825 224.05382387 327.94826817 276.17871555 315.60512242 299.16652224 474.67113960 342.24978336 400.61731573 429.75945135
37.35533906 0.00000000 75.11269837 51.62741700 211.33809512 320.99494937 90.84062043 85.72792206 260.66399692 281.90663761 130.26702730 143.02438662 375.32085117 153.98275606 168.15432893 172.04163056 205.26702730 309.16147161 257.39191899 296.81832586 266.29646456 455.88434303 323.46298680 381.83051917 410.97265479
83.89949494 75.11269837 0.00000000 60.35533906 136.22539674 245.88225099 125.12489168 98.53910524 185.55129855 206.79393924 105.94112550 118.69848481 300.20815280 167.72287143 179.75230868 169.39696962 180.94112550 274.06601718 233.06601718 272.49242405 279.10764774 412.64675298 299.13708499 357.50461736 377.93607486
74.55634919 51.62741700 60.35533906 0.00000000 196.58073580 306.23759005 64.76955262 44.04163056 245.90663761 267.14927830 82.15432893 94.91168825 360.56349186 112.29646456 126.46803743 130.35533906 157.15432893 261.04877324 209.27922061 248.70562748 224.61017306 407.77164466 275.35028843 333.71782079 362.85995642
193.86500705 211.33809512 136.22539674 196.58073580 0.00000000 112.97056275 248.43860018 217.75230868 51.08326112 70.56854249 187.72287143 200.48023074 163.98275606 291.03657993 289.45079349 251.17871555 255.26702730 140.76955262 213.16652224 210.16652224 361.85995642 279.35028843 260.35028843 228.42640687 244.63961031
303.52186130 320.99494937 245.88225099 306.23759005 112.97056275 0.00000000 361.40916293 330.72287143 87.66904756 74.18376618 300.69343418 313.45079349 61.79898987 382.83556980 378.62236636 337.03657993 298.27922061 181.58073580 253.97770542 250.97770542 425.13203436 218.25483400 301.16147161 265.09545443 255.55129855
125.85281374 90.84062043 125.12489168 64.76955262 248.43860018 361.40916293 0.00000000 41.55634919 297.76450199 319.00714267 134.49747468 147.25483400 412.42135624 73.87005769 88.04163056 123.81118318 171.68124087 312.48023074 236.69343418 277.87720036 189.49747468 459.20310217 286.94826817 354.10259710 383.24473273
118.59797975 85.72792206 98.53910524 44.04163056 217.75230868 330.72287143 41.55634919 0.00000000 267.07821049 288.32085117 103.81118318 116.56854249 381.73506474 75.04163056 83.69848481 90.45584412 138.32590181 279.12489168 203.33809512 244.52186130 183.05382387 425.84776311 253.59292911 320.74725805 349.88939367
243.19090886 260.66399692 185.55129855 245.90663761 51.08326112 87.66904756 297.76450199 267.07821049 0.00000000 21.24264069 237.04877324 249.80613255 133.71067812 303.36753237 299.15432893 257.56854249 218.81118318 102.11269837 174.50966799 171.50966799 345.66399692 228.26702730 221.69343418 185.62741700 193.55634919
264.43354955 281.90663761 206.79393924 267.14927830 70.56854249 74.18376618 319.00714267 288.32085117 21.24264069 0.00000000 258.29141392 255.10764774 120.22539674 308.65180362 304.43860018 262.85281374 224.09545443 107.39696962 179.79393924 176.79393924 350.94826817 216.98275606 226.97770542 190.91168825 191.38477631
149.05382387 130.26702730 105.94112550 82.15432893 187.72287143 300.69343418 134.49747468 103.81118318 237.04877324 258.29141392 0.00000000 15.24264069 327.72287143 105.94112550 102.55634919 64.28427125 84.11269837 201.48023074 136.23759005 175.66399692 174.96551211 348.20310217 202.30865787 260.67619023 289.81832586
161.81118318 143.02438662 118.69848481 94.91168825 200.48023074 313.45079349 147.25483400 116.56854249 249.80613255 255.10764774 15.24264069 0.00000000 311.30865787 92.35533906 88.97056275 50.69848481 68.87005769 186.23759005 122.16652224 161.59292911 161.37972568 332.96046148 187.06601718 245.43354955 274.57568517
357.84776311 375.32085117 300.20815280 360.56349186 163.98275606 61.79898987 412.42135624 381.73506474 133.71067812 120.22539674 327.72287143 311.30865787 0.00000000 364.85281374 360.63961031 319.05382387 275.32590181 142.81118318 231.02438662 228.02438662 402.17871555 160.59797975 269.42135624 205.23759005 194.33809512
186.85281374 153.98275606 167.72287143 112.29646456 291.03657993 382.83556980 73.87005769 75.04163056 303.36753237 308.65180362 105.94112550 92.35533906 364.85281374 0.00000000 15.82842712 49.94112550 97.81118318 238.61017306 162.82337649 204.00714267 126.39696962 385.33304448 213.07821049 280.23253942 309.37467504
201.02438662 168.15432893 179.75230868 126.46803743 289.45079349 378.62236636 88.04163056 83.69848481 299.15432893 304.43860018 102.55634919 88.97056275 360.63961031 15.82842712 0.00000000 45.72792206 93.59797975 234.39696962 158.61017306 199.79393924 112.22539674 381.11984105 208.86500705 276.01933598 305.16147161
204.91168825 172.04163056 169.39696962 130.35533906 251.17871555 337.03657993 123.81118318 90.45584412 257.56854249 262.85281374 64.28427125 50.69848481 319.05382387 49.94112550 45.72792206 0.00000000 47.87005769 188.66904756 112.88225099 154.06601718 110.68124087 335.39191899 163.13708499 230.29141392 259.43354955
224.05382387 205.26702730 180.94112550 157.15432893 255.26702730 298.27922061 171.68124087 138.32590181 218.81118318 224.09545443 84.11269837 68.87005769 275.32590181 97.81118318 93.59797975 47.87005769 0.00000000 140.79898987 65.01219331 106.19595949 129.92388155 287.52186130 118.19595949 182.42135624 211.56349186
327.94826817 309.16147161 274.06601718 261.04877324 140.76955262 181.58073580 312.48023074 279.12489168 102.11269837 107.39696962 201.48023074 186.23759005 142.81118318 238.61017306 234.39696962 188.66904756 140.79898987 0.00000000 89.04163056 86.04163056 260.19595949 146.72287143 136.22539674 93.45584412 109.66904756
276.17871555 257.39191899 233.06601718 209.27922061 213.16652224 253.97770542 236.69343418 203.33809512 174.50966799 179.79393924 136.23759005 122.16652224 231.02438662 162.82337649 158.61017306 112.88225099 65.01219331 89.04163056 0.00000000 41.18376618 171.15432893 227.19595949 67.24264069 122.09545443 151.23759005
315.60512242 296.81832586 272.49242405 248.70562748 210.16652224 250.97770542 277.87720036 244.52186130 171.50966799 176.79393924 175.66399692 161.59292911 228.02438662 204.00714267 199.79393924 154.06601718 106.19595949 86.04163056 41.18376618 0.00000000 201.56854249 187.76955262 50.18376618 82.66904756 111.81118318
299.16652224 266.29646456 279.10764774 224.61017306 361.85995642 425.13203436 189.49747468 183.05382387 345.66399692 350.94826817 174.96551211 161.37972568 402.17871555 126.39696962 112.22539674 110.68124087 129.92388155 260.19595949 171.15432893 201.56854249 0.00000000 369.25483400 176.25483400 263.32590181 292.46803743
474.67113960 455.88434303 412.64675298 407.77164466 279.35028843 218.25483400 459.20310217 425.84776311 228.26702730 216.98275606 348.20310217 332.96046148 160.59797975 385.33304448 381.11984105 335.39191899 287.52186130 146.72287143 227.19595949 187.76955262 369.25483400 0.00000000 197.97056275 110.89949494 91.79898987
342.24978336 323.46298680 299.13708499 275.35028843 260.35028843 301.16147161 286.94826817 253.59292911 221.69343418 226.97770542 202.30865787 187.06601718 269.42135624 213.07821049 208.86500705 163.13708499 118.19595949 136.22539674 67.24264069 50.18376618 176.25483400 197.97056275 0.00000000 87.07106781 116.21320344
400.61731573 381.83051917 357.50461736 333.71782079 228.42640687 265.09545443 354.10259710 320.74725805 185.62741700 190.91168825 260.67619023 245.43354955 205.23759005 280.23253942 276.01933598 230.29141392 182.42135624 93.45584412 122.09545443 82.66904756 263.32590181 110.89949494 87.07106781 0.00000000 29.14213562
429.75945135 410.97265479 377.93607486 362.85995642 244.63961031 255.55129855 383.24473273 349.88939367 193.55634919 191.38477631 289.81832586 274.57568517 194.33809512 309.37467504 305.16147161 259.43354955 211.56349186 109.66904756 151.23759005 111.81118318 292.46803743 91.79898987 116.21320344 29.14213562 0.00000000
