0.00000000 6.91013784 17.82200475 13.69758870 67.11472262 99.05337125 34.15144319 20.88026665 80.00868948 86.00120756 30.16119942 37.42548811 135.31496935 49.94800250 55.42255900 37.41754910 59.13052316 97.21774898 82.09749098 101.83151422 82.13629332 133.28499294 111.10386663 125.64800998 132.40854445
6.91013784 0.00000000 12.15822393 9.54729471 64.60434931 97.95799829 36.21945509 16.24172956 76.29479925 82.25995756 25.78123667 33.04552536 131.06765199 45.30557883 50.78013533 32.77901201 54.75056042 92.83778623 77.71752824 97.45155147 77.49775624 128.90503020 106.72390389 121.26804723 128.02858171
17.82200475 12.15822393 0.00000000 10.32704161 52.44612538 85.79977436 31.33403944 23.61889036 64.13657531 70.10173363 25.25875366 32.52304235 118.90942806 51.88860235 39.14747507 56.91057789 54.22807741 88.15216409 77.19504523 96.92906846 84.87604553 116.20358122 106.20142088 120.74556422 123.50927621
13.69758870 9.54729471 10.32704161 0.00000000 62.77316699 96.12681597 22.08735859 7.83804444 74.46361692 80.42877523 23.22028083 30.48456952 129.23646967 36.85563978 42.33019628 24.37532689 52.19335332 90.28057913 75.16032114 94.89434437 69.09407111 126.34782310 104.16669679 118.71084013 125.47137461
67.11472262 64.60434931 52.44612538 62.77316699 0.00000000 48.47407100 89.66453587 73.58755414 13.47361553 19.58645799 67.06747342 74.37559645 66.53029581 106.10022089 105.48074676 97.42646985 94.86265245 39.69619460 73.80596518 81.23187544 148.06001937 67.74761174 105.09086709 63.71671964 75.05330672
99.05337125 97.95799829 85.79977436 96.12681597 48.47407100 0.00000000 138.07821729 122.00123555 28.28563353 20.92383604 115.48115484 122.78927787 30.16593694 148.61411345 147.45980710 139.65112689 105.12568345 46.67812035 81.63993747 89.06584773 180.66380718 78.66013940 112.92483937 70.52409077 96.07683229
34.15144319 36.21945509 31.33403944 22.08735859 89.66453587 138.07821729 0.00000000 11.82020347 102.41833343 108.34196814 35.96595662 43.23024532 156.11324326 26.42745249 31.90200900 37.56804291 64.37767848 121.72115463 86.30820495 105.87285500 52.40750086 157.78839859 118.00068078 130.11277416 136.87330863
20.88026665 16.24172956 23.61889036 7.83804444 73.58755414 122.00123555 11.82020347 0.00000000 86.34135170 92.26498641 19.88897489 27.15326359 140.03626152 32.67937282 16.22007183 17.36789629 44.17753186 101.52100801 66.10805833 85.67270838 61.94671065 137.58825197 97.84478916 109.91262754 116.67316201
80.00868948 76.29479925 64.13657531 74.46361692 13.47361553 28.28563353 102.41833343 86.34135170 0.00000000 6.02474855 79.82127099 87.12939402 48.51221223 133.67212370 132.51781736 124.70913714 90.18369371 31.89027107 66.69794772 74.12385798 165.72181744 56.90629514 97.98284963 55.74154924 65.79561970
86.00120756 82.25995756 70.10173363 80.42877523 19.58645799 20.92383604 108.34196814 92.26498641 6.02474855 0.00000000 85.74490570 115.61255907 42.38363264 128.44109259 127.28678625 119.47810603 84.95266260 26.53513173 61.46691661 68.89282687 160.49078633 80.80278680 92.75181852 50.38291176 77.27745086
30.16119942 25.78123667 25.25875366 23.22028083 67.06747342 115.48115484 35.96595662 19.88897489 79.82127099 85.74490570 0.00000000 5.33999726 144.33789813 40.90600586 39.98346553 31.92918861 39.04327546 75.03137295 75.44016081 95.17418405 83.42275850 111.09861692 91.63096912 106.17511247 112.93564694
37.42548811 33.04552536 32.52304235 30.48456952 74.37559645 122.78927787 43.23024532 27.15326359 87.12939402 115.61255907 5.33999726 0.00000000 159.45265292 33.36435278 32.44181245 24.38753554 36.25956054 94.29083711 70.34798612 90.08200935 75.59637672 130.35808107 88.96138713 103.50553047 110.26606495
135.31496935 131.06765199 118.90942806 129.23646967 66.53029581 30.16593694 156.11324326 140.03626152 48.51221223 42.38363264 144.33789813 159.45265292 0.00000000 172.28118643 171.12688009 163.31819988 132.47850885 68.49585569 106.59331751 113.56264087 205.61718723 61.95213221 128.72724085 77.88810006 66.84206101
49.94800250 45.30557883 51.88860235 36.85563978 106.10022089 148.61411345 26.42745249 32.67937282 133.67212370 128.44109259 40.90600586 33.36435278 172.28118643 0.00000000 4.53684475 11.14059042 37.95022599 95.29370214 59.88075245 79.44540251 51.18852796 131.36094610 91.57322829 103.68532167 110.44585614
55.42255900 50.78013533 39.14747507 42.33019628 105.48074676 147.45980710 31.90200900 16.22007183 132.51781736 127.28678625 39.98346553 32.44181245 171.12688009 4.53684475 0.00000000 9.98628408 36.79591965 94.13939579 58.72644611 78.29109617 47.98346910 130.20663976 90.41892194 102.53101532 109.29154980
37.41754910 32.77901201 56.91057789 24.37532689 97.42646985 139.65112689 37.56804291 17.36789629 124.70913714 119.47810603 31.92918861 24.38753554 163.31819988 11.14059042 9.98628408 0.00000000 26.84112614 84.19040037 48.77745069 68.34210075 50.46195667 120.25764434 81.48664905 92.58201990 99.34255438
59.13052316 54.75056042 54.22807741 52.19335332 94.86265245 105.12568345 64.37767848 44.17753186 90.18369371 84.95266260 39.04327546 36.25956054 132.47850885 37.95022599 36.79591965 26.84112614 0.00000000 66.30022170 29.57119731 49.13584737 93.59332937 102.36746567 57.51487826 73.37576652 80.13630100
97.21774898 92.83778623 88.15216409 90.28057913 39.69619460 46.67812035 121.72115463 101.52100801 31.89027107 26.53513173 75.03137295 94.29083711 68.49585569 95.29370214 94.13939579 84.19040037 66.30022170 0.00000000 38.09540065 44.53622157 137.11927037 36.06999901 68.39521322 27.13696235 38.99575218
82.09749098 77.71752824 77.19504523 75.16032114 73.80596518 81.63993747 86.30820495 66.10805833 66.69794772 61.46691661 75.44016081 70.34798612 106.59331751 59.88075245 58.72644611 48.77745069 29.57119731 38.09540065 0.00000000 19.56465006 99.02386972 74.95706456 45.90224154 44.75352399 51.51405846
101.83151422 97.45155147 96.92906846 94.89434437 81.23187544 89.06584773 105.87285500 85.67270838 74.12385798 68.89282687 95.17418405 90.08200935 113.56264087 79.44540251 78.29109617 68.34210075 49.13584737 44.53622157 19.56465006 0.00000000 120.18274285 52.86740732 27.26364594 22.66386675 29.42440123
82.13629332 77.49775624 84.87604553 69.09407111 148.06001937 180.66380718 52.40750086 61.94671065 165.72181744 160.49078633 83.42275850 75.59637672 205.61718723 51.18852796 47.98346910 50.46195667 93.59332937 137.11927037 99.02386972 120.18274285 0.00000000 144.78139453 78.88431879 110.63077191 116.39064956
133.28499294 128.90503020 116.20358122 126.34782310 67.74761174 78.66013940 157.78839859 137.58825197 56.90629514 80.80278680 111.09861692 130.35808107 61.95213221 131.36094610 130.20663976 120.25764434 102.36746567 36.06999901 74.95706456 52.86740732 144.78139453 0.00000000 68.59188935 35.50175500 19.89907338
111.10386663 106.72390389 106.20142088 104.16669679 105.09086709 112.92483937 118.00068078 97.84478916 97.98284963 92.75181852 91.63096912 88.96138713 128.72724085 91.57322829 90.41892194 81.48664905 57.51487826 68.39521322 45.90224154 27.26364594 78.88431879 68.59188935 0.00000000 33.09013434 39.49428129
125.64800998 121.26804723 120.74556422 118.71084013 63.71671964 70.52409077 130.11277416 109.91262754 55.74154924 50.38291176 106.17511247 103.50553047 77.88810006 103.68532167 102.53101532 92.58201990 73.37576652 27.13696235 44.75352399 22.66386675 110.63077191 35.50175500 33.09013434 0.00000000 6.77099731
132.40854445 128.02858171 123.50927621 125.47137461 75.05330672 96.07683229 136.87330863 116.67316201 65.79561970 77.27745086 112.93564694 110.26606495 66.84206101 110.44585614 109.29154980 99.34255438 80.13630100 38.99575218 51.51405846 29.42440123 116.39064956 19.89907338 39.49428129 6.77099731 0.00000000
