0.00000000 27.18525802 64.73761620 54.24408273 151.80225734 236.88085239 93.87442839 86.15062582 188.26448363 204.03320983 112.10426389 121.20995474 283.16535333 138.80735229 149.39417064 154.07950671 165.71609402 248.22663976 208.10451719 238.46632541 225.99084890 357.10268420 256.36544819 300.25617008 321.68389698
27.18525802 0.00000000 55.02776156 37.57128611 161.28857348 246.82467177 69.67609486 62.44580488 197.83346583 213.59808806 98.29562800 107.40131885 292.99794156 115.10194836 125.68876671 130.37468577 151.90745813 234.41800387 194.29588129 224.65768952 202.28602796 343.29404831 242.55681230 286.44753419 307.87526109
64.73761620 55.02776156 0.00000000 44.42204881 106.26081192 191.79691021 92.91178532 73.30362400 142.80570427 158.57032650 82.21429913 91.31998997 237.97018000 127.46209529 136.76087697 131.12180196 135.82612925 210.92548297 178.21455242 208.57636065 213.14326191 311.75713089 226.47548342 270.36620532 288.76169198
54.24408273 37.57128611 44.42204881 0.00000000 150.68286073 236.21895902 48.65179062 32.00484806 187.22775308 202.99237531 65.62243939 74.72813024 282.39222881 84.67479316 95.26161152 99.93372895 119.73230265 202.24284839 162.12072582 192.48253404 171.84507114 311.11889283 210.38165682 254.27237872 275.70010561
151.80225734 161.28857348 106.26081192 150.68286073 0.00000000 89.47052645 195.76794034 173.22070804 37.77932511 52.33594845 149.96085925 158.64027677 131.71941705 229.69883527 227.90303292 198.16060353 199.98399074 106.77406922 162.68420067 163.80022136 282.80631636 207.60571713 200.78009357 173.22928408 184.61027823
236.88085239 246.82467177 191.79691021 236.21895902 89.47052645 0.00000000 285.22940836 262.68217606 66.18424002 55.98367778 239.42232726 248.10174479 51.14719330 296.21449057 292.95377445 262.38527020 229.98108594 135.02469916 191.60234720 192.71836789 328.69326029 170.50529975 229.69824010 198.93878697 197.21904450
93.87442839 69.67609486 92.91178532 48.65179062 195.76794034 285.22940836 0.00000000 30.86247495 232.20914124 247.96753493 105.72656369 114.83225454 327.47511913 56.19045666 66.77727501 92.95866084 130.48914655 240.21415061 179.49419132 211.60472366 142.04049555 349.09019505 219.98716265 268.56216444 289.98989133
86.15062582 62.44580488 73.30362400 32.00484806 173.22070804 262.68217606 30.86247495 0.00000000 209.66190894 225.42030263 83.17933139 92.28502224 304.92788683 59.07800367 65.09272085 70.11083497 107.64132068 217.36632474 156.64636545 188.75689779 141.53053828 326.24236918 197.14597503 245.71433857 267.14206546
188.26448363 197.83346583 142.80570427 187.22775308 37.77932511 66.18424002 232.20914124 209.66190894 0.00000000 15.77356076 186.40206015 195.08147767 108.15563398 237.42909986 234.16838374 203.59987949 171.19569523 76.26242952 132.81695648 133.93297718 269.90786958 171.56813486 170.91284939 140.17731349 148.82362448
204.03320983 213.59808806 158.57032650 202.99237531 52.33594845 55.98367778 247.96753493 225.42030263 15.77356076 0.00000000 202.16045383 201.86681456 97.79665008 240.34343506 237.08271894 206.51421469 174.11003043 79.15814849 135.73129169 136.84731238 272.82220478 167.13060245 173.82718459 143.07250774 149.19719730
112.10426389 98.29562800 82.21429913 65.62243939 149.96085925 239.42232726 105.72656369 83.17933139 186.40206015 202.16045383 0.00000000 11.61597104 255.54465583 83.37274980 80.33066281 50.58823342 64.87519733 156.01130857 109.91340831 140.27521654 135.64148273 264.88735301 155.61670402 199.50742592 220.93515281
121.20995474 107.40131885 91.31998997 74.72813024 158.64027677 248.10174479 114.83225454 92.28502224 195.08147767 201.86681456 11.61597104 0.00000000 247.89719732 72.58632837 69.54424138 39.80181199 53.64797446 147.50340863 99.16001749 129.52182572 124.81235199 256.37945306 144.40660110 188.29732299 209.72504989
283.16535333 292.99794156 237.97018000 282.39222881 131.71941705 51.14719330 327.47511913 304.92788683 108.15563398 97.79665008 255.54465583 247.89719732 0.00000000 286.37381782 283.11310170 252.54459745 217.21388213 111.01061046 178.47522658 179.52275924 315.56613968 126.91210333 210.16686542 157.14245800 147.04080617
138.80735229 115.10194836 127.46209529 84.67479316 229.69883527 296.21449057 56.19045666 59.07800367 237.42909986 240.34343506 83.37274980 72.58632837 286.37381782 0.00000000 11.85511320 36.76820418 74.29868989 184.02369395 123.30373466 155.41426700 99.58095562 292.89973839 163.79670599 212.37170777 233.79943467
149.39417064 125.68876671 136.76087697 95.26161152 227.90303292 292.95377445 66.77727501 65.09272085 234.16838374 237.08271894 80.33066281 69.54424138 283.11310170 11.85511320 0.00000000 33.50748805 71.03797377 180.76297783 120.04301854 152.15355088 89.04265190 289.63902227 160.53598987 209.11099165 230.53871855
154.07950671 130.37468577 131.12180196 99.93372895 198.16060353 262.38527020 92.95866084 70.11083497 203.59987949 206.51421469 50.58823342 39.80181199 252.54459745 36.76820418 33.50748805 0.00000000 37.53520930 147.26108307 86.54112378 118.65165612 85.25309259 256.13712751 127.18660349 175.60909690 197.03682379
165.71609402 151.90745813 135.82612925 119.73230265 199.98399074 229.98108594 130.48914655 107.64132068 171.19569523 174.11003043 64.87519733 53.64797446 217.21388213 74.29868989 71.03797377 37.53520930 0.00000000 111.06851589 49.96672240 82.07725474 105.30749712 219.94456033 91.60453146 139.03469551 160.46242241
248.22663976 234.41800387 210.92548297 202.24284839 106.77406922 135.02469916 240.21415061 217.36632474 76.26242952 79.15814849 156.01130857 147.50340863 111.01061046 184.02369395 180.76297783 147.26108307 111.06851589 0.00000000 69.56951981 70.53702266 206.66043291 108.87645770 107.51689487 73.26204268 84.72136724
208.10451719 194.29588129 178.21455242 162.12072582 162.68420067 191.60234720 179.49419132 156.64636545 132.81695648 135.73129169 109.91340831 99.16001749 178.47522658 123.30373466 120.04301854 86.54112378 49.96672240 69.56951981 0.00000000 32.11053234 137.09091310 175.63167282 53.95518471 94.60137803 116.02910493
238.46632541 224.65768952 208.57636065 192.48253404 163.80022136 192.71836789 211.60472366 188.75689779 133.93297718 136.84731238 140.27521654 129.52182572 179.52275924 155.41426700 152.15355088 118.65165612 82.07725474 70.53702266 32.11053234 0.00000000 161.78438729 145.33019265 39.46579686 64.29989786 85.72762476
225.99084890 202.28602796 213.14326191 171.84507114 282.80631636 328.69326029 142.04049555 141.53053828 269.90786958 272.82220478 135.64148273 124.81235199 315.56613968 99.58095562 89.04265190 85.25309259 105.30749712 206.66043291 137.09091310 161.78438729 0.00000000 287.26955898 139.86570665 205.59325777 226.89837010
357.10268420 343.29404831 311.75713089 311.11889283 207.60571713 170.50529975 349.09019505 326.24236918 171.56813486 167.13060245 264.88735301 256.37945306 126.91210333 292.89973839 289.63902227 256.13712751 219.94456033 108.87645770 175.63167282 145.33019265 287.26955898 0.00000000 148.91657688 83.00330926 67.96342716
256.36544819 242.55681230 226.47548342 210.38165682 200.78009357 229.69824010 219.98716265 197.14597503 170.91284939 173.82718459 155.61670402 144.40660110 210.16686542 163.79670599 160.53598987 127.18660349 91.60453146 107.51689487 53.95518471 39.46579686 139.86570665 148.91657688 0.00000000 65.91326762 87.28753638
300.25617008 286.44753419 270.36620532 254.27237872 173.22928408 198.93878697 268.56216444 245.71433857 140.17731349 143.07250774 199.50742592 188.29732299 157.14245800 212.37170777 209.11099165 175.60909690 139.03469551 73.26204268 94.60137803 64.29989786 205.59325777 83.00330926 65.91326762 0.00000000 21.42929632
321.68389698 307.87526109 288.76169198 275.70010561 184.61027823 197.21904450 289.98989133 267.14206546 148.82362448 149.19719730 220.93515281 209.72504989 147.04080617 233.79943467 230.53871855 197.03682379 160.46242241 84.72136724 116.02910493 85.72762476 226.89837010 67.96342716 87.28753638 21.42929632 0.00000000
