0.146 0.149 0.152 0.156 0.160 0.164 0.169 0.175 0.181 0.189 0.198 0.208 0.221 0.237 0.256 0.279 0.307 0.338 0.369 0.394 0.405 0.400 0.381 0.357 0.333 0.313 0.298 0.289 0.284 0.285 0.291 0.301 0.317 0.339 0.365 0.391 0.412 0.419 0.410 0.387 0.358 0.330 0.304 0.284 0.267 0.254 0.244 0.237 0.231 0.227 0.224 0.222 0.221 0.221 0.222 0.224 0.227 0.230 0.234 0.238 0.242 0.245 0.247 0.248 0.247 0.244 0.241 0.236 0.232 0.227 0.223 0.219 0.216 0.214 0.212 0.211 0.211 0.211 0.212 0.213 0.214 0.215 0.215 0.215 0.213 0.211 0.207 0.203 0.198 0.192 0.187 0.181 0.176 0.171 0.166 0.162 0.158 0.154 0.151 0.148
0.148 0.151 0.155 0.159 0.163 0.168 0.173 0.179 0.186 0.195 0.205 0.217 0.232 0.251 0.276 0.308 0.350 0.402 0.459 0.510 0.533 0.516 0.472 0.422 0.377 0.344 0.321 0.307 0.301 0.302 0.309 0.325 0.349 0.384 0.430 0.482 0.528 0.547 0.526 0.478 0.423 0.374 0.335 0.306 0.284 0.267 0.255 0.246 0.239 0.234 0.231 0.229 0.229 0.229 0.231 0.234 0.238 0.243 0.249 0.255 0.261 0.266 0.270 0.271 0.270 0.266 0.260 0.254 0.247 0.241 0.235 0.230 0.226 0.223 0.222 0.221 0.221 0.222 0.224 0.226 0.228 0.230 0.231 0.231 0.230 0.227 0.223 0.217 0.210 0.203 0.196 0.189 0.183 0.177 0.172 0.167 0.162 0.158 0.154 0.150
0.150 0.154 0.157 0.161 0.166 0.171 0.177 0.183 0.191 0.200 0.211 0.225 0.243 0.266 0.298 0.341 0.404 0.491 0.607 0.727 0.785 0.734 0.621 0.512 0.433 0.379 0.346 0.326 0.318 0.318 0.328 0.349 0.384 0.439 0.521 0.631 0.746 0.800 0.744 0.627 0.514 0.429 0.370 0.329 0.301 0.281 0.266 0.256 0.248 0.243 0.239 0.237 0.237 0.238 0.240 0.245 0.250 0.258 0.266 0.276 0.286 0.295 0.301 0.303 0.301 0.295 0.286 0.275 0.265 0.256 0.248 0.242 0.237 0.234 0.232 0.231 0.232 0.234 0.237 0.241 0.245 0.249 0.252 0.254 0.253 0.249 0.243 0.235 0.226 0.217 0.208 0.199 0.191 0.184 0.177 0.171 0.166 0.161 0.157 0.153
0.152 0.156 0.160 0.164 0.169 0.174 0.180 0.187 0.196 0.205 0.218 0.233 0.253 0.280 0.318 0.375 0.464 0.610 0.851 1.188 1.391 1.195 0.865 0.632 0.494 0.415 0.369 0.343 0.332 0.333 0.345 0.372 0.419 0.500 0.639 0.875 1.207 1.406 1.205 0.872 0.634 0.491 0.406 0.352 0.317 0.294 0.277 0.265 0.257 0.251 0.247 0.245 0.245 0.247 0.250 0.256 0.264 0.275 0.288 0.303 0.319 0.335 0.346 0.350 0.346 0.335 0.320 0.303 0.288 0.274 0.263 0.255 0.249 0.245 0.243 0.242 0.244 0.247 0.252 0.258 0.266 0.274 0.280 0.284 0.284 0.279 0.270 0.259 0.246 0.233 0.221 0.210 0.200 0.191 0.183 0.177 0.171 0.165 0.160 0.156
0.155 0.158 0.162 0.167 0.172 0.177 0.184 0.191 0.200 0.210 0.223 0.240 0.262 0.292 0.335 0.403 0.517 0.733 1.191 2.194 3.198 2.201 1.205 0.755 0.548 0.444 0.387 0.357 0.344 0.345 0.359 0.390 0.447 0.554 0.763 1.215 2.213 3.213 2.212 1.212 0.758 0.546 0.436 0.372 0.332 0.306 0.287 0.275 0.265 0.259 0.255 0.253 0.254 0.256 0.261 0.268 0.279 0.294 0.313 0.337 0.365 0.393 0.415 0.424 0.416 0.394 0.366 0.339 0.315 0.295 0.280 0.269 0.261 0.256 0.254 0.254 0.257 0.262 0.270 0.280 0.293 0.307 0.320 0.328 0.330 0.323 0.309 0.291 0.272 0.253 0.236 0.222 0.209 0.199 0.190 0.182 0.175 0.169 0.164 0.159
0.157 0.161 0.165 0.170 0.175 0.181 0.187 0.195 0.204 0.215 0.228 0.246 0.268 0.300 0.345 0.418 0.544 0.794 1.398 3.202 10.000 3.209 1.413 0.817 0.575 0.459 0.399 0.367 0.353 0.353 0.368 0.400 0.462 0.580 0.824 1.422 3.220 10.000 3.220 1.421 0.821 0.575 0.454 0.385 0.344 0.316 0.297 0.284 0.274 0.268 0.263 0.262 0.262 0.265 0.271 0.281 0.295 0.315 0.343 0.381 0.430 0.484 0.532 0.552 0.533 0.486 0.432 0.384 0.346 0.318 0.298 0.284 0.274 0.268 0.266 0.266 0.270 0.278 0.290 0.306 0.327 0.352 0.378 0.397 0.403 0.392 0.367 0.336 0.305 0.278 0.254 0.235 0.220 0.207 0.196 0.187 0.180 0.173 0.167 0.162
0.159 0.163 0.168 0.172 0.178 0.184 0.191 0.199 0.208 0.219 0.233 0.250 0.273 0.303 0.348 0.417 0.532 0.748 1.207 2.211 3.214 2.218 1.222 0.771 0.564 0.458 0.401 0.371 0.357 0.358 0.371 0.402 0.460 0.567 0.776 1.229 2.228 3.228 2.229 1.230 0.777 0.566 0.456 0.392 0.352 0.326 0.307 0.293 0.283 0.276 0.272 0.270 0.271 0.274 0.281 0.293 0.311 0.338 0.377 0.436 0.520 0.633 0.750 0.805 0.751 0.635 0.524 0.440 0.382 0.343 0.317 0.299 0.287 0.280 0.278 0.279 0.284 0.295 0.312 0.337 0.372 0.417 0.468 0.513 0.530 0.507 0.457 0.400 0.348 0.307 0.275 0.250 0.231 0.215 0.203 0.193 0.184 0.177 0.171 0.165
0.162 0.166 0.170 0.175 0.181 0.187 0.194 0.202 0.212 0.223 0.237 0.253 0.275 0.304 0.344 0.403 0.493 0.641 0.884 1.221 1.425 1.229 0.899 0.664 0.525 0.444 0.397 0.371 0.359 0.358 0.370 0.396 0.444 0.526 0.666 0.903 1.237 1.438 1.239 0.908 0.672 0.531 0.447 0.394 0.359 0.335 0.317 0.303 0.293 0.285 0.280 0.278 0.279 0.283 0.291 0.305 0.326 0.359 0.411 0.496 0.639 0.877 1.211 1.411 1.212 0.881 0.644 0.503 0.419 0.367 0.335 0.313 0.300 0.292 0.289 0.291 0.298 0.312 0.335 0.371 0.426 0.507 0.616 0.730 0.782 0.724 0.605 0.489 0.402 0.340 0.296 0.265 0.242 0.224 0.210 0.198 0.189 0.181 0.174 0.168
0.164 0.168 0.173 0.179 0.184 0.191 0.198 0.206 0.216 0.227 0.240 0.256 0.277 0.303 0.337 0.384 0.450 0.540 0.658 0.780 0.839 0.787 0.673 0.563 0.481 0.425 0.389 0.368 0.357 0.357 0.366 0.386 0.422 0.478 0.561 0.674 0.792 0.848 0.797 0.684 0.574 0.493 0.436 0.396 0.367 0.345 0.328 0.314 0.303 0.295 0.289 0.287 0.287 0.291 0.300 0.315 0.338 0.376 0.439 0.550 0.762 1.217 2.217 3.219 2.220 1.222 0.770 0.560 0.451 0.389 0.351 0.327 0.312 0.304 0.301 0.303 0.312 0.329 0.358 0.406 0.487 0.626 0.860 1.190 1.387 1.184 0.848 0.608 0.462 0.374 0.317 0.279 0.252 0.232 0.216 0.204 0.194 0.185 0.178 0.171
0.167 0.171 0.176 0.182 0.188 0.194 0.202 0.210 0.219 0.230 0.243 0.259 0.278 0.301 0.331 0.368 0.414 0.470 0.532 0.585 0.609 0.592 0.546 0.492 0.445 0.407 0.381 0.364 0.355 0.353 0.360 0.375 0.399 0.436 0.484 0.540 0.590 0.614 0.599 0.557 0.508 0.464 0.429 0.401 0.378 0.359 0.342 0.327 0.315 0.306 0.299 0.295 0.295 0.299 0.307 0.322 0.347 0.387 0.454 0.576 0.823 1.424 3.225 10.000 3.229 1.432 0.834 0.590 0.470 0.404 0.365 0.340 0.324 0.315 0.312 0.314 0.324 0.343 0.376 0.435 0.541 0.749 1.200 2.197 3.194 2.191 1.188 0.731 0.516 0.402 0.334 0.291 0.261 0.239 0.222 0.209 0.198 0.189 0.181 0.174
0.170 0.174 0.180 0.185 0.192 0.198 0.206 0.214 0.224 0.234 0.247 0.262 0.280 0.301 0.327 0.357 0.392 0.430 0.467 0.496 0.509 0.503 0.481 0.451 0.421 0.395 0.375 0.361 0.352 0.350 0.354 0.364 0.381 0.404 0.433 0.464 0.491 0.506 0.505 0.492 0.473 0.453 0.435 0.416 0.398 0.379 0.361 0.344 0.329 0.318 0.309 0.304 0.303 0.305 0.313 0.327 0.351 0.389 0.452 0.563 0.776 1.232 2.234 3.236 2.240 1.243 0.792 0.583 0.475 0.414 0.376 0.351 0.336 0.326 0.322 0.324 0.334 0.353 0.388 0.451 0.568 0.811 1.407 3.204 10.000 3.198 1.395 0.792 0.542 0.417 0.345 0.299 0.268 0.245 0.228 0.214 0.202 0.193 0.184 0.177
0.173 0.178 0.183 0.189 0.196 0.203 0.210 0.219 0.228 0.239 0.252 0.266 0.283 0.303 0.327 0.353 0.383 0.413 0.441 0.462 0.472 0.469 0.455 0.434 0.411 0.390 0.373 0.360 0.351 0.348 0.349 0.356 0.367 0.382 0.401 0.421 0.439 0.453 0.461 0.465 0.465 0.463 0.458 0.448 0.432 0.411 0.388 0.366 0.347 0.332 0.320 0.313 0.310 0.311 0.317 0.330 0.350 0.384 0.436 0.522 0.666 0.907 1.243 1.447 1.252 0.923 0.690 0.552 0.470 0.419 0.386 0.364 0.348 0.338 0.333 0.334 0.342 0.359 0.392 0.450 0.556 0.764 1.214 2.211 3.209 2.206 1.203 0.746 0.531 0.416 0.348 0.304 0.273 0.250 0.233 0.218 0.206 0.196 0.188 0.180
0.176 0.182 0.187 0.194 0.200 0.208 0.215 0.224 0.234 0.244 0.257 0.271 0.288 0.308 0.331 0.358 0.387 0.418 0.445 0.466 0.476 0.473 0.459 0.438 0.415 0.393 0.375 0.361 0.352 0.347 0.346 0.350 0.357 0.368 0.382 0.397 0.414 0.430 0.446 0.463 0.481 0.499 0.510 0.508 0.491 0.462 0.428 0.396 0.369 0.348 0.332 0.322 0.317 0.316 0.320 0.330 0.348 0.374 0.415 0.475 0.562 0.678 0.799 0.860 0.812 0.702 0.596 0.518 0.464 0.426 0.399 0.378 0.362 0.351 0.344 0.343 0.348 0.362 0.389 0.436 0.516 0.655 0.890 1.220 1.418 1.216 0.880 0.639 0.493 0.404 0.346 0.306 0.277 0.255 0.237 0.223 0.210 0.200 0.191 0.183
0.180 0.186 0.192 0.199 0.206 0.213 0.221 0.230 0.240 0.251 0.263 0.278 0.295 0.316 0.341 0.371 0.405 0.443 0.480 0.509 0.521 0.515 0.492 0.462 0.431 0.404 0.382 0.365 0.354 0.347 0.345 0.346 0.351 0.359 0.371 0.385 0.402 0.423 0.449 0.483 0.525 0.572 0.612 0.625 0.599 0.546 0.487 0.436 0.395 0.366 0.345 0.331 0.323 0.320 0.323 0.330 0.344 0.364 0.394 0.434 0.486 0.546 0.599 0.627 0.617 0.580 0.536 0.497 0.466 0.440 0.418 0.399 0.381 0.367 0.357 0.352 0.354 0.363 0.383 0.417 0.471 0.552 0.661 0.776 0.829 0.773 0.654 0.539 0.451 0.388 0.342 0.308 0.281 0.260 0.242 0.227 0.215 0.204 0.194 0.186
0.184 0.191 0.197 0.205 0.212 0.220 0.228 0.237 0.247 0.258 0.271 0.286 0.304 0.326 0.355 0.391 0.437 0.493 0.554 0.606 0.630 0.612 0.566 0.511 0.462 0.423 0.393 0.372 0.358 0.349 0.345 0.344 0.348 0.355 0.365 0.380 0.399 0.426 0.464 0.519 0.600 0.707 0.819 0.868 0.809 0.688 0.573 0.486 0.425 0.385 0.357 0.340 0.329 0.324 0.324 0.329 0.339 0.355 0.376 0.403 0.436 0.471 0.502 0.522 0.527 0.521 0.509 0.497 0.485 0.470 0.451 0.430 0.408 0.388 0.373 0.363 0.360 0.364 0.376 0.398 0.431 0.477 0.530 0.576 0.595 0.575 0.527 0.470 0.418 0.375 0.340 0.310 0.286 0.265 0.248 0.232 0.219 0.208 0.198 0.189
0.189 0.196 0.204 0.211 0.220 0.228 0.237 0.246 0.256 0.267 0.280 0.295 0.314 0.339 0.372 0.418 0.482 0.572 0.690 0.811 0.869 0.817 0.702 0.590 0.506 0.448 0.408 0.381 0.363 0.352 0.346 0.344 0.346 0.352 0.363 0.378 0.400 0.433 0.484 0.567 0.706 0.941 1.270 1.466 1.263 0.927 0.687 0.542 0.456 0.403 0.369 0.348 0.334 0.328 0.326 0.329 0.336 0.347 0.363 0.382 0.405 0.429 0.453 0.472 0.488 0.501 0.514 0.525 0.532 0.528 0.509 0.479 0.446 0.416 0.392 0.375 0.366 0.365 0.370 0.383 0.403 0.429 0.456 0.479 0.489 0.482 0.461 0.432 0.401 0.371 0.343 0.317 0.293 0.273 0.254 0.238 0.224 0.212 0.201 0.192
0.194 0.202 0.211 0.220 0.229 0.238 0.248 0.257 0.267 0.278 0.290 0.305 0.325 0.352 0.390 0.447 0.537 0.683 0.925 1.262 1.465 1.268 0.937 0.701 0.559 0.475 0.423 0.390 0.369 0.356 0.348 0.345 0.346 0.352 0.362 0.378 0.402 0.440 0.502 0.611 0.821 1.272 2.270 3.267 2.264 1.262 0.806 0.593 0.481 0.417 0.378 0.354 0.339 0.330 0.327 0.328 0.333 0.342 0.354 0.369 0.387 0.407 0.428 0.452 0.478 0.510 0.549 0.594 0.631 0.642 0.615 0.562 0.503 0.453 0.416 0.390 0.374 0.367 0.367 0.373 0.385 0.400 0.417 0.432 0.441 0.442 0.435 0.421 0.402 0.379 0.355 0.329 0.305 0.283 0.263 0.245 0.230 0.217 0.205 0.195
0.201 0.210 0.220 0.230 0.241 0.252 0.262 0.272 0.281 0.291 0.303 0.317 0.336 0.364 0.406 0.472 0.586 0.801 1.259 2.262 3.265 2.268 1.271 0.819 0.608 0.499 0.437 0.399 0.375 0.359 0.351 0.347 0.347 0.352 0.362 0.378 0.403 0.443 0.510 0.630 0.875 1.473 3.271 10.000 3.267 1.465 0.864 0.616 0.493 0.425 0.384 0.358 0.342 0.333 0.328 0.328 0.332 0.338 0.348 0.361 0.376 0.395 0.418 0.447 0.486 0.540 0.619 0.725 0.835 0.883 0.823 0.702 0.587 0.501 0.443 0.406 0.383 0.370 0.365 0.367 0.374 0.385 0.399 0.412 0.425 0.434 0.438 0.435 0.425 0.405 0.380 0.351 0.323 0.296 0.273 0.253 0.236 0.221 0.209 0.198
0.208 0.219 0.231 0.244 0.257 0.269 0.281 0.291 0.300 0.309 0.318 0.331 0.348 0.375 0.417 0.486 0.609 0.859 1.462 3.265 10.000 3.271 1.475 0.877 0.632 0.512 0.445 0.405 0.380 0.363 0.354 0.349 0.349 0.353 0.362 0.377 0.401 0.440 0.502 0.612 0.823 1.276 2.275 3.274 2.272 1.270 0.814 0.601 0.489 0.425 0.385 0.360 0.344 0.334 0.330 0.329 0.331 0.336 0.345 0.356 0.371 0.390 0.415 0.450 0.502 0.584 0.723 0.956 1.284 1.479 1.275 0.939 0.699 0.556 0.472 0.421 0.391 0.374 0.366 0.365 0.370 0.379 0.393 0.410 0.430 0.451 0.471 0.482 0.479 0.459 0.426 0.387 0.349 0.315 0.286 0.262 0.243 0.226 0.213 0.202
0.216 0.230 0.245 0.261 0.278 0.294 0.308 0.319 0.327 0.333 0.339 0.347 0.360 0.383 0.421 0.484 0.596 0.810 1.267 2.270 3.274 2.278 1.282 0.830 0.621 0.512 0.449 0.410 0.384 0.368 0.357 0.352 0.350 0.354 0.362 0.375 0.397 0.431 0.484 0.569 0.711 0.949 1.281 1.480 1.279 0.944 0.704 0.560 0.473 0.419 0.383 0.360 0.345 0.336 0.331 0.329 0.331 0.336 0.344 0.355 0.369 0.389 0.416 0.455 0.518 0.627 0.835 1.286 2.282 3.278 2.275 1.273 0.817 0.604 0.494 0.433 0.397 0.377 0.367 0.365 0.369 0.380 0.397 0.421 0.454 0.496 0.543 0.582 0.592 0.563 0.506 0.442 0.385 0.338 0.301 0.273 0.250 0.232 0.217 0.204
0.226 0.242 0.262 0.283 0.306 0.329 0.348 0.361 0.367 0.368 0.366 0.367 0.374 0.390 0.420 0.471 0.556 0.700 0.941 1.278 1.483 1.288 0.960 0.726 0.586 0.501 0.448 0.413 0.389 0.372 0.361 0.355 0.353 0.355 0.361 0.373 0.392 0.420 0.461 0.521 0.606 0.719 0.836 0.890 0.834 0.716 0.601 0.513 0.452 0.409 0.380 0.359 0.346 0.337 0.332 0.331 0.332 0.337 0.344 0.355 0.369 0.389 0.417 0.458 0.525 0.645 0.890 1.486 3.283 10.000 3.276 1.474 0.873 0.625 0.504 0.438 0.400 0.378 0.368 0.365 0.371 0.383 0.405 0.440 0.493 0.571 0.677 0.786 0.833 0.770 0.645 0.524 0.432 0.365 0.318 0.283 0.257 0.236 0.220 0.207
0.236 0.257 0.283 0.313 0.348 0.383 0.412 0.429 0.431 0.420 0.406 0.394 0.390 0.397 0.416 0.452 0.510 0.596 0.713 0.835 0.896 0.848 0.738 0.631 0.549 0.491 0.449 0.418 0.395 0.378 0.366 0.359 0.356 0.357 0.362 0.372 0.388 0.410 0.441 0.482 0.532 0.589 0.638 0.657 0.636 0.586 0.527 0.475 0.433 0.400 0.376 0.358 0.346 0.338 0.334 0.333 0.334 0.339 0.346 0.356 0.370 0.390 0.417 0.457 0.520 0.629 0.838 1.290 2.286 3.283 2.279 1.277 0.821 0.608 0.497 0.435 0.399 0.378 0.368 0.366 0.373 0.388 0.416 0.463 0.542 0.679 0.910 1.236 1.429 1.221 0.880 0.635 0.485 0.393 0.333 0.292 0.263 0.240 0.223 0.209
0.247 0.274 0.308 0.352 0.407 0.468 0.523 0.551 0.541 0.504 0.463 0.430 0.410 0.405 0.413 0.435 0.471 0.522 0.582 0.637 0.666 0.657 0.619 0.572 0.528 0.489 0.456 0.428 0.405 0.387 0.373 0.364 0.360 0.359 0.363 0.371 0.384 0.403 0.427 0.456 0.489 0.521 0.545 0.554 0.544 0.518 0.484 0.450 0.419 0.394 0.373 0.358 0.347 0.340 0.336 0.335 0.337 0.342 0.349 0.359 0.373 0.392 0.417 0.452 0.505 0.589 0.729 0.963 1.292 1.488 1.284 0.948 0.707 0.563 0.478 0.426 0.394 0.376 0.367 0.367 0.375 0.393 0.425 0.483 0.587 0.793 1.241 2.234 3.227 2.220 1.213 0.751 0.533 0.415 0.345 0.299 0.267 0.243 0.225 0.211
0.258 0.291 0.337 0.401 0.492 0.611 0.735 0.797 0.752 0.646 0.545 0.475 0.433 0.414 0.411 0.421 0.443 0.475 0.510 0.544 0.567 0.575 0.569 0.553 0.531 0.504 0.475 0.446 0.420 0.399 0.382 0.371 0.364 0.363 0.365 0.372 0.384 0.400 0.420 0.444 0.469 0.492 0.509 0.514 0.507 0.490 0.465 0.438 0.413 0.391 0.373 0.359 0.349 0.342 0.339 0.338 0.341 0.346 0.354 0.364 0.378 0.396 0.418 0.448 0.489 0.546 0.627 0.735 0.847 0.896 0.837 0.716 0.600 0.513 0.453 0.413 0.388 0.373 0.366 0.366 0.375 0.394 0.429 0.491 0.607 0.847 1.440 3.234 10.000 3.220 1.413 0.806 0.553 0.424 0.350 0.302 0.269 0.245 0.227 0.212
0.268 0.307 0.365 0.456 0.604 0.848 1.189 1.396 1.205 0.882 0.656 0.527 0.457 0.422 0.409 0.412 0.425 0.446 0.473 0.502 0.529 0.553 0.570 0.578 0.571 0.548 0.515 0.478 0.443 0.415 0.394 0.379 0.370 0.367 0.368 0.374 0.385 0.401 0.421 0.445 0.470 0.493 0.510 0.515 0.509 0.491 0.466 0.440 0.415 0.393 0.375 0.361 0.351 0.345 0.342 0.342 0.345 0.351 0.360 0.372 0.386 0.404 0.425 0.449 0.479 0.515 0.559 0.608 0.648 0.660 0.634 0.580 0.521 0.469 0.429 0.400 0.380 0.369 0.364 0.365 0.375 0.393 0.427 0.484 0.589 0.795 1.243 2.236 3.229 2.222 1.215 0.753 0.534 0.417 0.347 0.301 0.269 0.245 0.227 0.212
0.275 0.319 0.388 0.503 0.721 1.181 2.188 3.196 2.204 1.214 0.770 0.571 0.475 0.428 0.408 0.404 0.413 0.431 0.456 0.488 0.527 0.573 0.622 0.661 0.672 0.644 0.589 0.529 0.477 0.437 0.408 0.388 0.377 0.372 0.372 0.378 0.390 0.407 0.430 0.459 0.492 0.524 0.549 0.558 0.548 0.522 0.489 0.455 0.425 0.400 0.380 0.365 0.355 0.349 0.346 0.347 0.351 0.358 0.368 0.382 0.399 0.418 0.438 0.460 0.482 0.504 0.525 0.544 0.555 0.552 0.534 0.504 0.469 0.437 0.409 0.388 0.374 0.365 0.362 0.364 0.373 0.390 0.419 0.467 0.546 0.682 0.914 1.240 1.432 1.225 0.884 0.639 0.489 0.397 0.337 0.295 0.266 0.243 0.226 0.212
0.277 0.323 0.396 0.523 0.775 1.381 3.187 10.000 3.203 1.412 0.823 0.587 0.479 0.427 0.403 0.398 0.405 0.422 0.450 0.491 0.550 0.633 0.742 0.854 0.904 0.845 0.724 0.608 0.522 0.462 0.423 0.398 0.383 0.377 0.377 0.383 0.396 0.417 0.447 0.487 0.537 0.594 0.643 0.663 0.642 0.592 0.535 0.483 0.441 0.410 0.387 0.370 0.359 0.353 0.351 0.352 0.358 0.367 0.380 0.397 0.417 0.441 0.465 0.488 0.505 0.516 0.521 0.521 0.515 0.503 0.484 0.462 0.437 0.414 0.394 0.379 0.368 0.362 0.360 0.363 0.372 0.386 0.410 0.445 0.499 0.577 0.683 0.792 0.838 0.775 0.650 0.530 0.437 0.370 0.323 0.288 0.261 0.241 0.224 0.211
0.275 0.319 0.387 0.503 0.720 1.181 2.187 3.194 2.202 1.210 0.766 0.565 0.467 0.418 0.396 0.391 0.398 0.417 0.450 0.503 0.587 0.729 0.965 1.296 1.493 1.291 0.956 0.717 0.574 0.489 0.438 0.407 0.389 0.381 0.381 0.388 0.404 0.429 0.469 0.528 0.613 0.726 0.843 0.898 0.843 0.725 0.611 0.524 0.464 0.423 0.395 0.376 0.364 0.358 0.356 0.358 0.365 0.377 0.394 0.416 0.444 0.478 0.512 0.542 0.560 0.561 0.549 0.529 0.507 0.484 0.461 0.439 0.419 0.400 0.384 0.372 0.364 0.360 0.360 0.364 0.372 0.385 0.403 0.428 0.462 0.504 0.551 0.590 0.600 0.570 0.513 0.449 0.392 0.345 0.308 0.279 0.256 0.238 0.222 0.210
0.268 0.307 0.365 0.455 0.603 0.847 1.186 1.393 1.200 0.876 0.647 0.515 0.442 0.403 0.385 0.382 0.391 0.412 0.450 0.513 0.623 0.834 1.288 2.287 3.286 2.286 1.285 0.831 0.620 0.511 0.450 0.414 0.394 0.385 0.385 0.393 0.411 0.442 0.493 0.577 0.719 0.957 1.290 1.490 1.289 0.956 0.717 0.574 0.489 0.436 0.403 0.381 0.369 0.362 0.361 0.365 0.374 0.388 0.410 0.441 0.482 0.534 0.594 0.647 0.673 0.659 0.618 0.568 0.523 0.485 0.455 0.430 0.409 0.392 0.378 0.369 0.363 0.360 0.361 0.366 0.375 0.387 0.402 0.420 0.440 0.462 0.481 0.492 0.489 0.469 0.435 0.396 0.358 0.323 0.294 0.270 0.250 0.234 0.220 0.208
0.259 0.291 0.336 0.400 0.490 0.608 0.731 0.792 0.745 0.636 0.533 0.458 0.411 0.384 0.372 0.372 0.382 0.405 0.445 0.512 0.634 0.881 1.482 3.282 10.000 3.283 1.484 0.885 0.640 0.520 0.455 0.418 0.397 0.387 0.387 0.396 0.416 0.451 0.512 0.621 0.831 1.285 2.285 3.284 2.284 1.284 0.830 0.619 0.509 0.446 0.409 0.386 0.372 0.366 0.366 0.371 0.382 0.400 0.428 0.470 0.531 0.618 0.735 0.855 0.914 0.864 0.751 0.641 0.558 0.500 0.458 0.428 0.405 0.388 0.375 0.367 0.363 0.362 0.365 0.372 0.383 0.395 0.410 0.424 0.437 0.446 0.450 0.448 0.437 0.417 0.391 0.362 0.334 0.307 0.283 0.263 0.245 0.230 0.218 0.207
0.248 0.274 0.308 0.351 0.405 0.465 0.518 0.544 0.532 0.492 0.446 0.407 0.380 0.364 0.357 0.360 0.372 0.395 0.434 0.498 0.609 0.822 1.278 2.280 3.281 2.283 1.284 0.832 0.622 0.514 0.453 0.417 0.397 0.388 0.388 0.397 0.417 0.454 0.518 0.638 0.883 1.482 3.281 10.000 3.281 1.482 0.882 0.637 0.516 0.450 0.411 0.388 0.375 0.370 0.370 0.377 0.390 0.412 0.446 0.500 0.587 0.732 0.973 1.309 1.512 1.315 0.984 0.748 0.606 0.520 0.466 0.430 0.404 0.387 0.375 0.367 0.365 0.366 0.372 0.382 0.397 0.414 0.432 0.447 0.456 0.457 0.450 0.436 0.416 0.393 0.368 0.342 0.318 0.295 0.274 0.256 0.241 0.227 0.215 0.205
0.237 0.257 0.282 0.312 0.345 0.379 0.407 0.421 0.420 0.405 0.385 0.366 0.352 0.344 0.343 0.348 0.361 0.382 0.417 0.471 0.558 0.703 0.944 1.280 1.482 1.285 0.954 0.719 0.578 0.495 0.445 0.414 0.396 0.387 0.387 0.395 0.414 0.449 0.509 0.617 0.827 1.280 2.279 3.279 2.279 1.280 0.827 0.616 0.508 0.446 0.410 0.389 0.377 0.372 0.374 0.381 0.396 0.421 0.461 0.526 0.638 0.853 1.310 2.312 3.314 2.316 1.318 0.864 0.651 0.540 0.474 0.433 0.405 0.387 0.375 0.369 0.368 0.372 0.382 0.397 0.419 0.446 0.474 0.497 0.507 0.500 0.479 0.449 0.418 0.387 0.358 0.332 0.308 0.287 0.268 0.251 0.237 0.224 0.213 0.203
0.227 0.243 0.261 0.282 0.304 0.325 0.342 0.352 0.355 0.350 0.343 0.335 0.329 0.327 0.329 0.336 0.348 0.368 0.398 0.440 0.502 0.591 0.707 0.828 0.887 0.836 0.723 0.613 0.530 0.473 0.435 0.410 0.394 0.386 0.385 0.392 0.408 0.437 0.486 0.569 0.709 0.946 1.279 1.479 1.279 0.947 0.710 0.569 0.487 0.436 0.406 0.387 0.377 0.374 0.376 0.385 0.401 0.428 0.470 0.539 0.664 0.913 1.516 3.318 10.000 3.322 1.522 0.922 0.673 0.549 0.479 0.435 0.407 0.388 0.377 0.371 0.372 0.379 0.394 0.418 0.452 0.498 0.551 0.597 0.616 0.596 0.547 0.490 0.437 0.393 0.357 0.328 0.303 0.281 0.263 0.247 0.233 0.221 0.211 0.202
0.218 0.230 0.245 0.260 0.275 0.289 0.301 0.309 0.314 0.314 0.313 0.311 0.310 0.312 0.316 0.324 0.336 0.354 0.378 0.411 0.454 0.508 0.569 0.622 0.647 0.633 0.590 0.538 0.492 0.455 0.426 0.406 0.392 0.384 0.382 0.387 0.400 0.422 0.458 0.514 0.597 0.708 0.824 0.879 0.825 0.710 0.599 0.516 0.460 0.423 0.399 0.385 0.377 0.375 0.379 0.388 0.404 0.431 0.472 0.538 0.652 0.867 1.325 2.329 3.331 2.332 1.332 0.875 0.660 0.546 0.478 0.436 0.407 0.389 0.378 0.374 0.377 0.387 0.408 0.442 0.496 0.577 0.686 0.801 0.853 0.796 0.677 0.561 0.473 0.409 0.362 0.327 0.300 0.278 0.259 0.244 0.231 0.219 0.209 0.200
0.210 0.220 0.231 0.243 0.254 0.265 0.274 0.281 0.286 0.289 0.291 0.293 0.295 0.299 0.304 0.313 0.325 0.341 0.361 0.387 0.418 0.454 0.490 0.520 0.537 0.536 0.520 0.496 0.469 0.444 0.422 0.405 0.392 0.383 0.380 0.382 0.390 0.406 0.431 0.466 0.513 0.566 0.614 0.633 0.615 0.569 0.516 0.470 0.435 0.409 0.392 0.382 0.376 0.376 0.381 0.390 0.406 0.431 0.468 0.525 0.615 0.763 1.007 1.345 1.548 1.349 1.014 0.773 0.625 0.533 0.474 0.435 0.408 0.390 0.380 0.376 0.381 0.394 0.421 0.467 0.547 0.685 0.919 1.249 1.446 1.242 0.906 0.664 0.518 0.427 0.369 0.328 0.298 0.275 0.256 0.241 0.228 0.217 0.207 0.199
0.203 0.212 0.221 0.230 0.239 0.248 0.255 0.262 0.267 0.271 0.275 0.279 0.283 0.288 0.295 0.304 0.315 0.329 0.347 0.368 0.393 0.420 0.447 0.470 0.487 0.494 0.491 0.480 0.464 0.445 0.426 0.409 0.395 0.384 0.379 0.378 0.382 0.392 0.408 0.429 0.455 0.483 0.504 0.514 0.506 0.486 0.460 0.435 0.414 0.398 0.386 0.379 0.377 0.378 0.383 0.392 0.407 0.430 0.462 0.508 0.575 0.668 0.789 0.914 0.974 0.921 0.801 0.682 0.588 0.519 0.469 0.433 0.408 0.390 0.380 0.378 0.383 0.399 0.430 0.487 0.591 0.798 1.248 2.243 3.240 2.236 1.232 0.774 0.558 0.442 0.373 0.328 0.296 0.272 0.254 0.239 0.226 0.215 0.206 0.197
0.197 0.205 0.212 0.220 0.228 0.235 0.242 0.248 0.253 0.258 0.263 0.268 0.273 0.279 0.286 0.296 0.307 0.320 0.336 0.355 0.377 0.401 0.426 0.450 0.472 0.487 0.494 0.492 0.480 0.462 0.440 0.419 0.402 0.388 0.379 0.375 0.375 0.380 0.389 0.402 0.417 0.431 0.443 0.448 0.445 0.436 0.424 0.410 0.398 0.389 0.382 0.379 0.378 0.380 0.386 0.395 0.409 0.429 0.457 0.495 0.544 0.607 0.676 0.737 0.767 0.750 0.698 0.631 0.567 0.512 0.467 0.433 0.408 0.391 0.381 0.378 0.383 0.400 0.432 0.493 0.608 0.849 1.444 3.240 10.000 3.231 1.427 0.823 0.572 0.445 0.372 0.326 0.293 0.269 0.251 0.236 0.224 0.213 0.204 0.196
0.193 0.199 0.206 0.212 0.219 0.225 0.232 0.238 0.243 0.248 0.254 0.259 0.265 0.272 0.280 0.289 0.300 0.313 0.329 0.347 0.369 0.393 0.421 0.452 0.484 0.513 0.533 0.539 0.526 0.501 0.469 0.439 0.414 0.395 0.381 0.373 0.370 0.371 0.375 0.382 0.391 0.399 0.406 0.410 0.410 0.406 0.401 0.395 0.389 0.384 0.382 0.381 0.381 0.385 0.390 0.399 0.412 0.430 0.455 0.488 0.529 0.579 0.633 0.681 0.710 0.708 0.677 0.625 0.568 0.515 0.471 0.436 0.410 0.391 0.381 0.377 0.382 0.397 0.427 0.483 0.587 0.793 1.242 2.237 3.232 2.228 1.223 0.765 0.548 0.433 0.364 0.320 0.288 0.265 0.247 0.233 0.221 0.211 0.202 0.195
0.189 0.194 0.200 0.206 0.212 0.218 0.224 0.230 0.235 0.241 0.247 0.252 0.259 0.266 0.274 0.284 0.295 0.308 0.324 0.343 0.366 0.394 0.429 0.471 0.523 0.579 0.626 0.645 0.624 0.575 0.519 0.470 0.431 0.404 0.385 0.373 0.367 0.365 0.366 0.369 0.374 0.379 0.384 0.387 0.389 0.389 0.388 0.386 0.385 0.384 0.384 0.386 0.388 0.392 0.397 0.405 0.417 0.434 0.457 0.488 0.529 0.581 0.642 0.705 0.754 0.767 0.735 0.670 0.598 0.533 0.481 0.441 0.412 0.392 0.380 0.375 0.378 0.390 0.415 0.460 0.538 0.674 0.907 1.235 1.430 1.225 0.887 0.645 0.498 0.408 0.350 0.310 0.282 0.260 0.244 0.230 0.219 0.209 0.201 0.193
0.185 0.191 0.196 0.202 0.207 0.213 0.218 0.224 0.230 0.235 0.241 0.247 0.254 0.262 0.270 0.280 0.291 0.304 0.321 0.341 0.366 0.399 0.444 0.507 0.594 0.708 0.826 0.880 0.825 0.708 0.596 0.512 0.454 0.415 0.390 0.374 0.365 0.360 0.359 0.360 0.363 0.367 0.370 0.374 0.377 0.379 0.382 0.384 0.386 0.389 0.392 0.395 0.399 0.403 0.408 0.415 0.425 0.440 0.463 0.495 0.541 0.605 0.695 0.810 0.926 0.976 0.913 0.785 0.661 0.566 0.497 0.449 0.415 0.393 0.378 0.372 0.372 0.380 0.399 0.431 0.482 0.561 0.667 0.779 0.828 0.769 0.647 0.530 0.441 0.377 0.332 0.299 0.274 0.255 0.240 0.227 0.216 0.207 0.199 0.192
0.183 0.187 0.193 0.198 0.203 0.209 0.214 0.220 0.225 0.231 0.237 0.244 0.251 0.258 0.267 0.277 0.288 0.302 0.319 0.340 0.368 0.407 0.464 0.552 0.697 0.936 1.271 1.472 1.272 0.939 0.702 0.561 0.477 0.426 0.395 0.375 0.363 0.357 0.354 0.354 0.356 0.359 0.363 0.367 0.372 0.377 0.382 0.387 0.393 0.400 0.406 0.411 0.416 0.419 0.423 0.428 0.437 0.450 0.472 0.505 0.559 0.645 0.788 1.025 1.356 1.552 1.345 1.005 0.758 0.608 0.516 0.457 0.418 0.393 0.376 0.367 0.365 0.370 0.382 0.402 0.433 0.475 0.524 0.566 0.580 0.556 0.503 0.444 0.390 0.347 0.313 0.287 0.266 0.249 0.235 0.224 0.214 0.205 0.197 0.191
0.180 0.185 0.190 0.195 0.200 0.205 0.211 0.216 0.222 0.228 0.234 0.241 0.248 0.256 0.265 0.275 0.286 0.300 0.317 0.339 0.369 0.413 0.480 0.593 0.807 1.263 2.264 3.265 2.266 1.267 0.814 0.604 0.495 0.434 0.398 0.376 0.362 0.355 0.351 0.351 0.352 0.355 0.360 0.365 0.371 0.379 0.387 0.396 0.407 0.418 0.428 0.436 0.442 0.445 0.446 0.448 0.452 0.462 0.482 0.516 0.576 0.684 0.893 1.345 2.341 3.336 2.331 1.325 0.864 0.646 0.530 0.462 0.419 0.391 0.374 0.363 0.358 0.359 0.366 0.378 0.395 0.417 0.439 0.455 0.458 0.444 0.417 0.384 0.351 0.321 0.296 0.275 0.258 0.243 0.231 0.220 0.211 0.203 0.196 0.189
0.178 0.183 0.188 0.193 0.198 0.203 0.208 0.214 0.220 0.226 0.233 0.239 0.247 0.255 0.264 0.274 0.285 0.299 0.316 0.338 0.369 0.413 0.484 0.608 0.857 1.458 3.260 10.000 3.262 1.464 0.865 0.621 0.501 0.436 0.398 0.375 0.361 0.353 0.350 0.349 0.351 0.355 0.360 0.367 0.375 0.385 0.397 0.412 0.428 0.446 0.463 0.476 0.484 0.485 0.481 0.476 0.473 0.477 0.492 0.524 0.584 0.700 0.941 1.536 3.331 10.000 3.321 1.516 0.911 0.659 0.533 0.462 0.417 0.389 0.370 0.358 0.352 0.350 0.352 0.358 0.366 0.377 0.386 0.391 0.390 0.380 0.364 0.343 0.321 0.300 0.281 0.265 0.250 0.238 0.227 0.217 0.209 0.201 0.194 0.188
0.177 0.181 0.186 0.191 0.196 0.201 0.207 0.212 0.219 0.225 0.232 0.239 0.247 0.255 0.264 0.274 0.285 0.299 0.315 0.337 0.366 0.408 0.474 0.586 0.800 1.256 2.257 3.258 2.259 1.261 0.808 0.599 0.491 0.430 0.394 0.372 0.359 0.352 0.349 0.349 0.352 0.356 0.363 0.372 0.382 0.396 0.412 0.433 0.459 0.488 0.517 0.542 0.553 0.550 0.535 0.516 0.501 0.495 0.502 0.526 0.579 0.680 0.884 1.332 2.326 3.321 2.316 1.311 0.852 0.636 0.521 0.454 0.412 0.384 0.366 0.354 0.346 0.342 0.341 0.343 0.346 0.350 0.352 0.353 0.349 0.341 0.330 0.315 0.299 0.284 0.269 0.256 0.244 0.233 0.223 0.214 0.206 0.199 0.193 0.187
0.176 0.180 0.185 0.190 0.195 0.200 0.206 0.212 0.218 0.225 0.232 0.239 0.247 0.256 0.265 0.275 0.286 0.299 0.315 0.334 0.360 0.397 0.452 0.538 0.682 0.921 1.255 1.456 1.258 0.926 0.690 0.550 0.467 0.417 0.387 0.368 0.357 0.351 0.349 0.350 0.354 0.360 0.368 0.379 0.393 0.410 0.432 0.462 0.501 0.550 0.606 0.655 0.678 0.662 0.621 0.575 0.538 0.517 0.512 0.525 0.562 0.635 0.768 0.998 1.324 1.518 1.313 0.974 0.732 0.586 0.497 0.441 0.404 0.379 0.361 0.350 0.341 0.336 0.333 0.332 0.332 0.331 0.331 0.328 0.324 0.316 0.307 0.296 0.284 0.271 0.260 0.248 0.238 0.228 0.220 0.212 0.205 0.198 0.192 0.186
0.175 0.179 0.184 0.189 0.194 0.199 0.205 0.212 0.218 0.225 0.233 0.241 0.250 0.259 0.268 0.278 0.289 0.301 0.315 0.332 0.354 0.384 0.425 0.485 0.570 0.683 0.801 0.856 0.803 0.687 0.577 0.495 0.439 0.402 0.378 0.363 0.354 0.350 0.350 0.353 0.358 0.366 0.376 0.389 0.406 0.427 0.456 0.497 0.556 0.641 0.754 0.872 0.928 0.877 0.766 0.661 0.586 0.542 0.521 0.521 0.541 0.585 0.658 0.761 0.870 0.918 0.857 0.736 0.619 0.530 0.468 0.425 0.394 0.373 0.357 0.346 0.338 0.332 0.328 0.325 0.323 0.320 0.317 0.313 0.307 0.300 0.292 0.283 0.272 0.262 0.252 0.243 0.233 0.225 0.217 0.210 0.203 0.197 0.191 0.186
0.174 0.178 0.183 0.188 0.193 0.199 0.205 0.212 0.219 0.227 0.235 0.244 0.253 0.263 0.273 0.284 0.294 0.306 0.318 0.332 0.349 0.372 0.401 0.439 0.487 0.542 0.590 0.610 0.591 0.545 0.492 0.446 0.411 0.385 0.368 0.357 0.352 0.350 0.352 0.357 0.364 0.374 0.387 0.403 0.422 0.448 0.483 0.536 0.621 0.762 0.999 1.332 1.533 1.336 1.007 0.775 0.641 0.568 0.530 0.517 0.522 0.542 0.577 0.621 0.660 0.672 0.646 0.594 0.534 0.482 0.440 0.409 0.385 0.367 0.354 0.344 0.337 0.331 0.326 0.322 0.318 0.313 0.309 0.303 0.297 0.290 0.282 0.274 0.265 0.256 0.247 0.238 0.230 0.222 0.215 0.208 0.202 0.196 0.190 0.185
0.173 0.178 0.183 0.188 0.193 0.199 0.206 0.213 0.221 0.229 0.238 0.248 0.259 0.270 0.281 0.292 0.303 0.314 0.324 0.335 0.348 0.363 0.382 0.405 0.432 0.459 0.481 0.489 0.481 0.460 0.434 0.408 0.387 0.370 0.359 0.352 0.350 0.351 0.355 0.362 0.372 0.385 0.401 0.420 0.443 0.472 0.512 0.574 0.682 0.891 1.343 2.341 3.340 2.342 1.345 0.895 0.691 0.589 0.538 0.513 0.506 0.511 0.524 0.541 0.553 0.553 0.538 0.510 0.477 0.445 0.418 0.395 0.377 0.363 0.353 0.344 0.338 0.332 0.327 0.322 0.317 0.311 0.305 0.299 0.292 0.284 0.276 0.268 0.260 0.251 0.243 0.235 0.227 0.220 0.213 0.207 0.201 0.195 0.190 0.185
0.173 0.178 0.182 0.188 0.194 0.200 0.207 0.215 0.223 0.233 0.243 0.255 0.267 0.280 0.293 0.306 0.317 0.327 0.336 0.344 0.351 0.360 0.370 0.383 0.396 0.410 0.420 0.423 0.419 0.408 0.394 0.380 0.367 0.358 0.351 0.348 0.349 0.352 0.359 0.370 0.383 0.400 0.420 0.443 0.469 0.500 0.542 0.606 0.722 0.963 1.556 3.352 10.000 3.349 1.551 0.956 0.715 0.600 0.541 0.510 0.496 0.491 0.491 0.494 0.495 0.490 0.478 0.461 0.440 0.420 0.401 0.385 0.372 0.362 0.354 0.347 0.342 0.337 0.331 0.326 0.320 0.313 0.306 0.298 0.290 0.282 0.274 0.265 0.257 0.249 0.241 0.233 0.226 0.219 0.212 0.206 0.200 0.195 0.189 0.184
0.173 0.177 0.182 0.188 0.194 0.201 0.208 0.217 0.226 0.237 0.249 0.263 0.278 0.294 0.311 0.326 0.340 0.350 0.357 0.360 0.362 0.363 0.366 0.370 0.375 0.380 0.384 0.384 0.382 0.376 0.368 0.360 0.353 0.348 0.345 0.345 0.349 0.355 0.365 0.379 0.398 0.421 0.447 0.476 0.507 0.540 0.577 0.633 0.732 0.931 1.375 2.366 3.361 2.360 1.361 0.910 0.703 0.598 0.542 0.509 0.491 0.480 0.473 0.468 0.462 0.455 0.444 0.431 0.417 0.403 0.390 0.379 0.370 0.363 0.358 0.353 0.350 0.346 0.341 0.335 0.328 0.319 0.311 0.301 0.292 0.283 0.274 0.265 0.256 0.248 0.240 0.232 0.225 0.218 0.212 0.206 0.200 0.195 0.189 0.184
0.172 0.177 0.182 0.188 0.195 0.202 0.210 0.219 0.230 0.242 0.257 0.273 0.293 0.314 0.337 0.359 0.377 0.388 0.391 0.388 0.382 0.375 0.369 0.365 0.363 0.363 0.362 0.361 0.358 0.354 0.350 0.346 0.342 0.341 0.341 0.344 0.350 0.359 0.373 0.392 0.416 0.448 0.485 0.527 0.567 0.601 0.630 0.665 0.726 0.845 1.064 1.384 1.576 1.372 1.039 0.805 0.667 0.588 0.541 0.512 0.492 0.477 0.466 0.456 0.446 0.436 0.425 0.414 0.403 0.392 0.384 0.376 0.371 0.368 0.366 0.365 0.363 0.361 0.356 0.350 0.341 0.331 0.320 0.308 0.297 0.286 0.276 0.266 0.257 0.248 0.240 0.232 0.225 0.218 0.212 0.206 0.200 0.195 0.190 0.185
0.172 0.177 0.182 0.188 0.195 0.203 0.212 0.222 0.234 0.248 0.265 0.286 0.312 0.342 0.376 0.410 0.438 0.453 0.451 0.436 0.416 0.396 0.379 0.367 0.359 0.353 0.349 0.346 0.343 0.341 0.338 0.336 0.335 0.335 0.338 0.343 0.351 0.364 0.381 0.406 0.439 0.484 0.542 0.609 0.672 0.714 0.726 0.723 0.732 0.774 0.854 0.950 0.992 0.933 0.816 0.708 0.631 0.580 0.546 0.522 0.503 0.486 0.469 0.454 0.440 0.427 0.416 0.405 0.395 0.388 0.382 0.378 0.376 0.377 0.379 0.382 0.385 0.385 0.382 0.374 0.363 0.349 0.334 0.319 0.305 0.292 0.280 0.269 0.259 0.250 0.241 0.233 0.226 0.219 0.213 0.207 0.201 0.195 0.190 0.185
0.172 0.177 0.183 0.189 0.196 0.204 0.213 0.225 0.238 0.255 0.275 0.302 0.336 0.379 0.433 0.493 0.546 0.572 0.558 0.518 0.470 0.428 0.396 0.374 0.359 0.349 0.342 0.338 0.334 0.332 0.330 0.329 0.330 0.332 0.336 0.343 0.353 0.368 0.390 0.421 0.466 0.531 0.624 0.747 0.878 0.951 0.922 0.839 0.770 0.740 0.744 0.760 0.763 0.738 0.692 0.646 0.609 0.584 0.565 0.548 0.529 0.507 0.485 0.463 0.444 0.427 0.413 0.402 0.393 0.387 0.384 0.383 0.385 0.391 0.399 0.409 0.419 0.424 0.423 0.413 0.397 0.377 0.355 0.335 0.316 0.300 0.285 0.273 0.262 0.252 0.243 0.235 0.228 0.221 0.214 0.208 0.202 0.196 0.191 0.186
0.172 0.177 0.183 0.189 0.196 0.205 0.215 0.227 0.242 0.261 0.285 0.318 0.363 0.427 0.517 0.634 0.756 0.816 0.768 0.657 0.550 0.472 0.419 0.385 0.362 0.348 0.339 0.332 0.329 0.326 0.325 0.325 0.327 0.330 0.335 0.343 0.355 0.373 0.398 0.436 0.493 0.584 0.733 0.981 1.326 1.542 1.362 1.053 0.846 0.739 0.691 0.671 0.659 0.645 0.629 0.616 0.610 0.610 0.609 0.601 0.580 0.549 0.515 0.482 0.455 0.433 0.416 0.403 0.394 0.389 0.388 0.391 0.398 0.411 0.428 0.450 0.472 0.488 0.491 0.477 0.450 0.417 0.385 0.355 0.330 0.310 0.293 0.278 0.266 0.255 0.246 0.238 0.230 0.223 0.216 0.210 0.204 0.198 0.192 0.187
0.172 0.177 0.183 0.189 0.197 0.206 0.216 0.229 0.245 0.266 0.294 0.333 0.391 0.481 0.628 0.871 1.209 1.415 1.220 0.892 0.660 0.523 0.444 0.396 0.367 0.349 0.337 0.330 0.325 0.323 0.322 0.323 0.325 0.329 0.335 0.344 0.357 0.376 0.404 0.447 0.514 0.630 0.848 1.310 2.320 3.333 2.349 1.368 0.936 0.749 0.664 0.625 0.607 0.600 0.602 0.614 0.638 0.672 0.703 0.710 0.680 0.625 0.565 0.513 0.473 0.443 0.422 0.407 0.398 0.394 0.395 0.402 0.415 0.436 0.468 0.510 0.558 0.600 0.614 0.589 0.537 0.477 0.424 0.381 0.348 0.322 0.301 0.285 0.271 0.260 0.250 0.241 0.233 0.225 0.218 0.212 0.206 0.200 0.194 0.189
0.172 0.177 0.183 0.189 0.197 0.206 0.217 0.230 0.247 0.270 0.300 0.344 0.413 0.528 0.745 1.204 2.209 3.214 2.219 1.224 0.775 0.569 0.463 0.405 0.370 0.349 0.337 0.329 0.324 0.322 0.321 0.322 0.325 0.329 0.336 0.345 0.359 0.378 0.407 0.451 0.522 0.648 0.900 1.507 3.316 10.000 3.339 1.554 0.971 0.743 0.642 0.596 0.578 0.578 0.595 0.633 0.700 0.797 0.901 0.945 0.883 0.760 0.644 0.556 0.496 0.456 0.430 0.413 0.403 0.400 0.404 0.414 0.434 0.467 0.519 0.597 0.703 0.814 0.863 0.803 0.682 0.564 0.475 0.412 0.367 0.335 0.310 0.292 0.277 0.265 0.254 0.245 0.237 0.229 0.222 0.215 0.208 0.202 0.196 0.191
0.171 0.177 0.183 0.189 0.197 0.206 0.217 0.231 0.248 0.271 0.302 0.348 0.421 0.548 0.799 1.404 3.208 10.000 3.218 1.424 0.829 0.587 0.471 0.408 0.372 0.350 0.336 0.328 0.324 0.322 0.322 0.323 0.326 0.331 0.338 0.347 0.360 0.379 0.406 0.448 0.514 0.629 0.845 1.305 2.312 3.320 2.331 1.343 0.903 0.707 0.614 0.571 0.557 0.566 0.598 0.666 0.794 1.020 1.343 1.535 1.329 0.992 0.751 0.607 0.522 0.470 0.438 0.419 0.409 0.407 0.413 0.427 0.453 0.499 0.578 0.713 0.945 1.272 1.466 1.261 0.923 0.680 0.533 0.443 0.386 0.347 0.320 0.299 0.283 0.270 0.260 0.250 0.241 0.233 0.226 0.218 0.212 0.205 0.199 0.193
0.171 0.176 0.182 0.189 0.197 0.206 0.217 0.230 0.247 0.270 0.300 0.344 0.413 0.528 0.745 1.204 2.209 3.213 2.218 1.224 0.774 0.568 0.462 0.404 0.369 0.349 0.336 0.329 0.325 0.324 0.324 0.326 0.329 0.334 0.340 0.349 0.361 0.378 0.402 0.438 0.494 0.582 0.728 0.971 1.310 1.516 1.325 1.002 0.776 0.647 0.578 0.546 0.539 0.555 0.601 0.697 0.897 1.342 2.334 3.327 2.323 1.320 0.864 0.652 0.542 0.481 0.445 0.425 0.416 0.415 0.422 0.439 0.471 0.527 0.631 0.836 1.284 2.277 3.271 2.265 1.260 0.801 0.584 0.469 0.401 0.358 0.328 0.307 0.290 0.277 0.266 0.256 0.247 0.239 0.231 0.223 0.216 0.209 0.202 0.195
0.171 0.176 0.182 0.188 0.196 0.205 0.216 0.229 0.245 0.266 0.294 0.334 0.391 0.482 0.629 0.872 1.210 1.414 1.220 0.891 0.659 0.521 0.441 0.394 0.365 0.347 0.336 0.331 0.328 0.327 0.329 0.331 0.334 0.339 0.344 0.352 0.362 0.377 0.397 0.426 0.468 0.529 0.616 0.733 0.854 0.914 0.867 0.758 0.656 0.583 0.540 0.519 0.519 0.541 0.594 0.703 0.940 1.532 3.326 10.000 3.318 1.516 0.916 0.670 0.550 0.486 0.450 0.430 0.422 0.422 0.430 0.449 0.484 0.545 0.659 0.899 1.491 3.284 10.000 3.271 1.465 0.860 0.609 0.483 0.411 0.366 0.336 0.314 0.298 0.285 0.274 0.264 0.255 0.246 0.237 0.229 0.221 0.213 0.206 0.199
0.170 0.175 0.181 0.188 0.195 0.204 0.214 0.227 0.242 0.261 0.286 0.319 0.364 0.428 0.518 0.635 0.757 0.816 0.767 0.655 0.548 0.469 0.415 0.381 0.358 0.345 0.337 0.333 0.332 0.333 0.335 0.338 0.342 0.346 0.351 0.357 0.365 0.377 0.392 0.414 0.444 0.483 0.534 0.591 0.642 0.666 0.652 0.612 0.566 0.528 0.503 0.493 0.498 0.521 0.572 0.673 0.876 1.324 2.319 3.316 2.314 1.313 0.860 0.650 0.543 0.484 0.451 0.434 0.428 0.430 0.439 0.459 0.492 0.548 0.651 0.855 1.301 2.293 3.285 2.278 1.272 0.812 0.595 0.480 0.413 0.371 0.342 0.322 0.306 0.294 0.284 0.274 0.265 0.255 0.246 0.236 0.227 0.218 0.210 0.202
0.170 0.175 0.181 0.187 0.194 0.203 0.213 0.224 0.238 0.255 0.276 0.303 0.337 0.381 0.435 0.495 0.547 0.572 0.557 0.515 0.466 0.423 0.390 0.367 0.352 0.343 0.339 0.338 0.339 0.342 0.345 0.349 0.353 0.357 0.361 0.365 0.371 0.379 0.390 0.405 0.425 0.450 0.479 0.509 0.533 0.545 0.541 0.524 0.503 0.484 0.471 0.467 0.475 0.496 0.539 0.616 0.752 0.985 1.314 1.512 1.311 0.978 0.742 0.603 0.522 0.476 0.450 0.438 0.435 0.439 0.450 0.469 0.498 0.544 0.621 0.754 0.981 1.304 1.495 1.287 0.946 0.702 0.555 0.466 0.409 0.373 0.348 0.330 0.317 0.306 0.297 0.287 0.278 0.267 0.257 0.246 0.235 0.225 0.216 0.207
0.169 0.174 0.180 0.186 0.193 0.202 0.211 0.222 0.234 0.249 0.267 0.289 0.314 0.345 0.378 0.412 0.439 0.453 0.450 0.433 0.411 0.388 0.370 0.356 0.348 0.343 0.342 0.345 0.349 0.355 0.361 0.366 0.371 0.374 0.376 0.377 0.380 0.384 0.390 0.399 0.412 0.427 0.444 0.460 0.473 0.479 0.478 0.470 0.460 0.450 0.444 0.444 0.452 0.470 0.502 0.554 0.633 0.742 0.856 0.909 0.855 0.740 0.630 0.550 0.497 0.465 0.448 0.442 0.444 0.453 0.466 0.485 0.509 0.542 0.590 0.662 0.761 0.865 0.907 0.843 0.717 0.598 0.508 0.446 0.403 0.374 0.354 0.340 0.330 0.322 0.315 0.306 0.296 0.284 0.272 0.259 0.246 0.233 0.222 0.212
0.169 0.174 0.179 0.185 0.192 0.200 0.209 0.219 0.231 0.244 0.259 0.277 0.297 0.318 0.341 0.362 0.380 0.389 0.391 0.385 0.375 0.364 0.355 0.348 0.345 0.345 0.349 0.355 0.363 0.373 0.383 0.391 0.397 0.399 0.398 0.396 0.394 0.393 0.395 0.399 0.405 0.414 0.423 0.432 0.438 0.441 0.441 0.436 0.431 0.426 0.423 0.424 0.430 0.444 0.466 0.499 0.544 0.596 0.642 0.661 0.642 0.597 0.546 0.504 0.473 0.455 0.448 0.449 0.458 0.474 0.493 0.513 0.534 0.554 0.577 0.607 0.642 0.672 0.675 0.643 0.585 0.523 0.469 0.427 0.397 0.376 0.363 0.354 0.349 0.345 0.341 0.333 0.322 0.308 0.292 0.275 0.259 0.243 0.230 0.217
0.168 0.173 0.179 0.185 0.191 0.199 0.207 0.217 0.228 0.240 0.253 0.268 0.284 0.301 0.317 0.333 0.345 0.353 0.357 0.356 0.353 0.349 0.345 0.344 0.345 0.350 0.358 0.369 0.384 0.401 0.417 0.431 0.438 0.438 0.433 0.424 0.415 0.408 0.404 0.403 0.405 0.409 0.414 0.418 0.420 0.421 0.419 0.416 0.412 0.408 0.406 0.407 0.412 0.421 0.436 0.456 0.481 0.508 0.529 0.538 0.531 0.512 0.489 0.469 0.454 0.448 0.450 0.460 0.480 0.506 0.537 0.566 0.586 0.594 0.593 0.590 0.588 0.584 0.571 0.546 0.512 0.475 0.441 0.414 0.394 0.381 0.375 0.374 0.376 0.379 0.380 0.375 0.362 0.343 0.320 0.297 0.275 0.255 0.238 0.224
0.168 0.173 0.178 0.184 0.191 0.198 0.206 0.215 0.225 0.236 0.249 0.262 0.276 0.290 0.303 0.316 0.326 0.334 0.338 0.340 0.340 0.340 0.341 0.343 0.348 0.357 0.370 0.388 0.412 0.441 0.471 0.495 0.507 0.503 0.486 0.465 0.445 0.429 0.419 0.413 0.412 0.412 0.413 0.414 0.414 0.413 0.409 0.405 0.400 0.396 0.394 0.394 0.396 0.402 0.411 0.424 0.438 0.453 0.464 0.469 0.468 0.461 0.452 0.444 0.440 0.443 0.455 0.477 0.511 0.558 0.615 0.667 0.694 0.685 0.651 0.611 0.577 0.549 0.523 0.498 0.471 0.445 0.423 0.405 0.394 0.389 0.391 0.401 0.415 0.432 0.443 0.443 0.426 0.396 0.361 0.326 0.296 0.270 0.248 0.231
0.167 0.172 0.177 0.183 0.190 0.197 0.205 0.214 0.224 0.235 0.246 0.259 0.271 0.284 0.297 0.308 0.317 0.325 0.330 0.333 0.335 0.337 0.340 0.345 0.353 0.366 0.386 0.413 0.451 0.500 0.556 0.606 0.630 0.615 0.573 0.526 0.486 0.457 0.439 0.429 0.424 0.423 0.422 0.421 0.419 0.414 0.408 0.402 0.395 0.390 0.386 0.384 0.384 0.387 0.392 0.400 0.408 0.417 0.424 0.428 0.429 0.428 0.427 0.427 0.431 0.442 0.463 0.498 0.553 0.637 0.750 0.870 0.930 0.883 0.774 0.671 0.594 0.542 0.504 0.474 0.449 0.429 0.413 0.402 0.397 0.400 0.413 0.437 0.473 0.517 0.554 0.564 0.537 0.482 0.420 0.365 0.321 0.286 0.259 0.238
0.167 0.171 0.177 0.183 0.189 0.197 0.205 0.214 0.223 0.234 0.246 0.258 0.271 0.284 0.296 0.308 0.318 0.325 0.331 0.334 0.337 0.340 0.343 0.350 0.361 0.377 0.403 0.442 0.501 0.586 0.700 0.820 0.878 0.829 0.719 0.614 0.539 0.492 0.464 0.450 0.444 0.442 0.442 0.440 0.435 0.427 0.417 0.406 0.396 0.388 0.381 0.377 0.375 0.376 0.378 0.383 0.388 0.394 0.399 0.402 0.405 0.407 0.410 0.415 0.425 0.442 0.471 0.520 0.603 0.745 0.983 1.318 1.522 1.327 0.999 0.767 0.630 0.549 0.498 0.464 0.439 0.421 0.408 0.402 0.403 0.414 0.440 0.485 0.557 0.659 0.766 0.811 0.748 0.624 0.505 0.414 0.349 0.303 0.269 0.245
0.166 0.171 0.176 0.182 0.189 0.196 0.204 0.214 0.224 0.235 0.247 0.260 0.274 0.289 0.303 0.315 0.326 0.334 0.340 0.343 0.345 0.347 0.350 0.357 0.369 0.389 0.421 0.473 0.557 0.701 0.940 1.276 1.480 1.286 0.960 0.731 0.600 0.529 0.492 0.476 0.472 0.474 0.476 0.475 0.467 0.453 0.436 0.418 0.403 0.390 0.380 0.373 0.369 0.368 0.368 0.371 0.374 0.378 0.382 0.386 0.390 0.395 0.400 0.408 0.421 0.443 0.478 0.539 0.647 0.858 1.312 2.314 3.316 2.320 1.324 0.874 0.667 0.560 0.498 0.460 0.435 0.418 0.408 0.405 0.411 0.429 0.468 0.540 0.670 0.897 1.220 1.411 1.203 0.862 0.617 0.468 0.377 0.318 0.279 0.250
0.165 0.170 0.176 0.182 0.189 0.196 0.205 0.214 0.225 0.237 0.251 0.266 0.282 0.299 0.316 0.332 0.345 0.355 0.359 0.361 0.360 0.359 0.360 0.366 0.378 0.399 0.436 0.498 0.608 0.820 1.276 2.279 3.283 2.289 1.298 0.854 0.656 0.563 0.521 0.508 0.512 0.524 0.536 0.537 0.524 0.499 0.469 0.440 0.415 0.396 0.382 0.372 0.365 0.362 0.361 0.362 0.365 0.368 0.372 0.377 0.382 0.387 0.395 0.404 0.419 0.443 0.481 0.546 0.665 0.911 1.510 3.311 10.000 3.316 1.520 0.924 0.682 0.564 0.499 0.460 0.435 0.419 0.410 0.409 0.418 0.441 0.491 0.588 0.788 1.231 2.221 3.211 2.203 1.195 0.734 0.516 0.399 0.330 0.285 0.254
0.165 0.170 0.175 0.182 0.188 0.196 0.205 0.215 0.227 0.240 0.256 0.274 0.294 0.316 0.339 0.362 0.380 0.391 0.394 0.391 0.384 0.378 0.375 0.377 0.387 0.407 0.445 0.510 0.631 0.878 1.479 3.282 10.000 3.294 1.503 0.915 0.685 0.586 0.548 0.546 0.569 0.606 0.642 0.654 0.629 0.578 0.522 0.472 0.434 0.405 0.386 0.372 0.363 0.359 0.357 0.357 0.359 0.363 0.368 0.373 0.379 0.385 0.393 0.404 0.418 0.441 0.477 0.538 0.646 0.856 1.310 2.311 3.313 2.316 1.320 0.870 0.663 0.557 0.497 0.461 0.438 0.423 0.415 0.414 0.424 0.449 0.502 0.610 0.844 1.432 3.221 10.000 3.203 1.396 0.789 0.535 0.407 0.334 0.287 0.255
0.164 0.169 0.175 0.181 0.188 0.196 0.206 0.217 0.229 0.244 0.263 0.284 0.311 0.341 0.376 0.411 0.439 0.455 0.454 0.440 0.421 0.404 0.393 0.389 0.395 0.413 0.446 0.507 0.616 0.828 1.284 2.286 3.291 2.298 1.308 0.868 0.676 0.594 0.570 0.590 0.649 0.745 0.850 0.896 0.836 0.716 0.601 0.515 0.457 0.417 0.391 0.374 0.363 0.357 0.354 0.355 0.357 0.362 0.367 0.373 0.380 0.388 0.396 0.406 0.420 0.439 0.470 0.519 0.601 0.742 0.979 1.312 1.514 1.318 0.989 0.757 0.621 0.542 0.495 0.465 0.446 0.432 0.424 0.422 0.429 0.450 0.498 0.593 0.791 1.234 2.222 3.212 2.204 1.196 0.734 0.516 0.399 0.329 0.284 0.253
0.164 0.169 0.174 0.181 0.188 0.196 0.206 0.218 0.232 0.249 0.270 0.298 0.332 0.377 0.431 0.492 0.547 0.573 0.562 0.523 0.478 0.440 0.415 0.403 0.403 0.415 0.442 0.491 0.574 0.716 0.956 1.292 1.496 1.303 0.981 0.758 0.638 0.587 0.587 0.637 0.756 0.978 1.300 1.492 1.286 0.949 0.709 0.566 0.480 0.428 0.396 0.375 0.363 0.356 0.353 0.354 0.358 0.364 0.371 0.379 0.388 0.397 0.406 0.414 0.425 0.440 0.462 0.497 0.551 0.633 0.744 0.861 0.918 0.868 0.758 0.653 0.578 0.529 0.498 0.477 0.461 0.448 0.438 0.432 0.434 0.448 0.482 0.550 0.678 0.902 1.224 1.413 1.204 0.863 0.617 0.468 0.376 0.317 0.277 0.249
0.163 0.168 0.174 0.180 0.188 0.196 0.207 0.219 0.234 0.254 0.279 0.312 0.358 0.423 0.513 0.632 0.756 0.817 0.771 0.663 0.560 0.487 0.442 0.418 0.410 0.415 0.435 0.470 0.527 0.611 0.724 0.843 0.902 0.855 0.748 0.652 0.591 0.571 0.593 0.675 0.866 1.306 2.295 3.287 2.282 1.278 0.822 0.609 0.499 0.436 0.398 0.376 0.362 0.355 0.354 0.356 0.361 0.369 0.380 0.392 0.404 0.415 0.424 0.431 0.437 0.445 0.458 0.478 0.510 0.554 0.607 0.654 0.677 0.663 0.625 0.582 0.547 0.525 0.511 0.501 0.491 0.478 0.463 0.449 0.442 0.445 0.462 0.502 0.569 0.667 0.771 0.815 0.750 0.625 0.504 0.413 0.347 0.301 0.267 0.242
0.162 0.167 0.173 0.180 0.187 0.196 0.207 0.220 0.236 0.257 0.286 0.325 0.384 0.475 0.623 0.868 1.208 1.415 1.223 0.899 0.671 0.540 0.469 0.431 0.416 0.415 0.427 0.451 0.487 0.535 0.590 0.639 0.663 0.649 0.611 0.572 0.548 0.548 0.585 0.684 0.913 1.500 3.290 10.000 3.278 1.475 0.873 0.625 0.504 0.437 0.398 0.375 0.361 0.355 0.355 0.359 0.367 0.379 0.395 0.413 0.432 0.447 0.457 0.461 0.460 0.459 0.460 0.467 0.482 0.503 0.528 0.550 0.562 0.562 0.552 0.541 0.536 0.537 0.544 0.550 0.547 0.531 0.506 0.478 0.457 0.445 0.445 0.460 0.489 0.527 0.561 0.569 0.539 0.482 0.419 0.364 0.319 0.283 0.256 0.235
0.161 0.166 0.172 0.179 0.186 0.195 0.206 0.220 0.237 0.259 0.290 0.335 0.404 0.520 0.738 1.199 2.205 3.213 2.221 1.231 0.787 0.587 0.490 0.442 0.420 0.416 0.422 0.438 0.460 0.488 0.516 0.539 0.550 0.545 0.531 0.516 0.510 0.522 0.562 0.654 0.851 1.295 2.286 3.279 2.275 1.271 0.815 0.603 0.492 0.430 0.393 0.371 0.359 0.355 0.356 0.363 0.376 0.394 0.418 0.448 0.478 0.504 0.518 0.516 0.503 0.486 0.473 0.465 0.465 0.472 0.482 0.493 0.502 0.509 0.514 0.524 0.543 0.574 0.613 0.648 0.658 0.632 0.581 0.526 0.481 0.450 0.434 0.430 0.435 0.445 0.452 0.448 0.428 0.397 0.360 0.324 0.293 0.267 0.245 0.227
0.160 0.165 0.171 0.177 0.185 0.194 0.205 0.218 0.236 0.259 0.290 0.337 0.410 0.538 0.790 1.397 3.203 10.000 3.220 1.429 0.841 0.606 0.499 0.447 0.424 0.417 0.421 0.432 0.447 0.464 0.479 0.489 0.493 0.491 0.484 0.478 0.479 0.493 0.528 0.598 0.728 0.956 1.282 1.476 1.271 0.935 0.695 0.552 0.467 0.416 0.384 0.366 0.356 0.353 0.357 0.368 0.386 0.413 0.451 0.501 0.557 0.608 0.632 0.619 0.579 0.534 0.497 0.472 0.459 0.454 0.456 0.461 0.469 0.480 0.497 0.524 0.570 0.641 0.742 0.849 0.895 0.835 0.714 0.600 0.517 0.462 0.428 0.409 0.399 0.394 0.389 0.380 0.364 0.343 0.319 0.294 0.272 0.252 0.234 0.219
0.159 0.164 0.170 0.176 0.183 0.192 0.203 0.216 0.233 0.256 0.286 0.331 0.400 0.516 0.734 1.195 2.202 3.210 2.219 1.229 0.786 0.587 0.492 0.445 0.425 0.421 0.426 0.437 0.449 0.460 0.467 0.470 0.468 0.463 0.457 0.453 0.454 0.465 0.491 0.536 0.610 0.714 0.824 0.873 0.814 0.695 0.580 0.495 0.437 0.398 0.373 0.358 0.352 0.351 0.358 0.373 0.398 0.436 0.494 0.580 0.694 0.813 0.872 0.823 0.713 0.609 0.534 0.486 0.458 0.444 0.440 0.442 0.450 0.465 0.490 0.533 0.608 0.741 0.969 1.294 1.487 1.281 0.944 0.703 0.560 0.476 0.425 0.394 0.375 0.361 0.350 0.338 0.324 0.308 0.290 0.272 0.254 0.239 0.224 0.212
0.158 0.163 0.168 0.174 0.182 0.190 0.200 0.213 0.229 0.250 0.278 0.318 0.376 0.467 0.615 0.860 1.200 1.408 1.218 0.895 0.670 0.541 0.473 0.439 0.427 0.429 0.440 0.455 0.469 0.478 0.480 0.475 0.466 0.454 0.444 0.437 0.435 0.441 0.456 0.483 0.522 0.568 0.609 0.624 0.600 0.550 0.493 0.444 0.406 0.379 0.361 0.350 0.346 0.348 0.358 0.377 0.408 0.459 0.544 0.687 0.926 1.262 1.466 1.270 0.943 0.712 0.579 0.503 0.461 0.439 0.430 0.430 0.438 0.456 0.487 0.543 0.645 0.849 1.295 2.287 3.281 2.275 1.270 0.812 0.598 0.486 0.422 0.383 0.357 0.338 0.324 0.310 0.297 0.283 0.269 0.254 0.240 0.227 0.216 0.205
0.157 0.161 0.167 0.172 0.179 0.188 0.197 0.209 0.224 0.243 0.267 0.300 0.346 0.410 0.501 0.620 0.744 0.807 0.763 0.657 0.558 0.489 0.449 0.432 0.431 0.444 0.466 0.493 0.516 0.528 0.524 0.507 0.484 0.461 0.442 0.428 0.421 0.421 0.428 0.441 0.460 0.480 0.496 0.500 0.488 0.463 0.433 0.404 0.379 0.361 0.348 0.341 0.340 0.344 0.356 0.378 0.414 0.476 0.586 0.799 1.254 2.256 3.260 2.264 1.270 0.822 0.618 0.516 0.463 0.435 0.423 0.422 0.430 0.449 0.483 0.544 0.659 0.898 1.491 3.283 10.000 3.270 1.465 0.860 0.610 0.485 0.415 0.371 0.342 0.321 0.305 0.291 0.278 0.265 0.253 0.240 0.229 0.218 0.208 0.199
0.155 0.160 0.165 0.170 0.177 0.185 0.194 0.204 0.218 0.234 0.255 0.281 0.315 0.360 0.414 0.476 0.531 0.559 0.550 0.514 0.474 0.443 0.426 0.425 0.439 0.468 0.512 0.565 0.613 0.635 0.619 0.576 0.525 0.482 0.449 0.426 0.412 0.406 0.405 0.410 0.418 0.426 0.431 0.431 0.422 0.408 0.391 0.373 0.357 0.345 0.336 0.332 0.332 0.338 0.351 0.375 0.413 0.480 0.601 0.848 1.449 3.251 10.000 3.258 1.464 0.870 0.631 0.518 0.459 0.430 0.416 0.415 0.423 0.442 0.475 0.533 0.638 0.843 1.290 2.282 3.275 2.268 1.262 0.801 0.584 0.469 0.401 0.358 0.328 0.307 0.290 0.275 0.263 0.251 0.240 0.229 0.219 0.210 0.201 0.193
0.154 0.158 0.163 0.168 0.174 0.181 0.190 0.199 0.211 0.225 0.242 0.263 0.289 0.319 0.353 0.389 0.418 0.436 0.438 0.428 0.415 0.407 0.407 0.420 0.451 0.503 0.584 0.695 0.813 0.869 0.818 0.705 0.596 0.517 0.463 0.428 0.407 0.395 0.389 0.388 0.389 0.391 0.391 0.389 0.382 0.373 0.362 0.350 0.339 0.331 0.325 0.323 0.325 0.331 0.344 0.367 0.404 0.467 0.577 0.789 1.245 2.246 3.249 2.253 1.258 0.810 0.605 0.503 0.449 0.422 0.410 0.409 0.417 0.435 0.465 0.513 0.593 0.730 0.960 1.285 1.477 1.268 0.927 0.682 0.533 0.441 0.383 0.343 0.315 0.294 0.277 0.263 0.251 0.240 0.230 0.220 0.212 0.203 0.195 0.188
0.152 0.156 0.161 0.166 0.171 0.178 0.185 0.194 0.204 0.216 0.230 0.247 0.266 0.288 0.311 0.333 0.352 0.366 0.372 0.374 0.375 0.379 0.391 0.417 0.464 0.545 0.685 0.922 1.257 1.459 1.261 0.932 0.698 0.560 0.480 0.433 0.404 0.387 0.378 0.372 0.370 0.368 0.366 0.362 0.357 0.349 0.341 0.333 0.325 0.319 0.315 0.314 0.316 0.323 0.335 0.356 0.388 0.440 0.525 0.668 0.907 1.242 1.445 1.249 0.920 0.689 0.553 0.477 0.434 0.411 0.403 0.404 0.413 0.430 0.456 0.494 0.549 0.627 0.731 0.838 0.882 0.817 0.690 0.568 0.475 0.409 0.362 0.328 0.302 0.282 0.266 0.253 0.241 0.231 0.221 0.213 0.205 0.197 0.190 0.184
0.151 0.154 0.159 0.163 0.169 0.175 0.181 0.189 0.198 0.208 0.220 0.233 0.248 0.264 0.280 0.296 0.310 0.322 0.330 0.337 0.345 0.357 0.377 0.412 0.472 0.580 0.791 1.246 2.247 3.249 2.252 1.256 0.806 0.599 0.494 0.435 0.402 0.382 0.370 0.362 0.358 0.354 0.351 0.346 0.341 0.334 0.327 0.321 0.314 0.310 0.307 0.306 0.308 0.314 0.325 0.342 0.368 0.407 0.466 0.551 0.665 0.783 0.841 0.790 0.678 0.572 0.495 0.445 0.415 0.400 0.396 0.401 0.412 0.430 0.454 0.484 0.519 0.561 0.605 0.639 0.645 0.611 0.551 0.484 0.425 0.378 0.341 0.312 0.289 0.271 0.256 0.244 0.233 0.223 0.214 0.206 0.199 0.192 0.185 0.180
0.149 0.152 0.156 0.161 0.166 0.171 0.177 0.184 0.192 0.201 0.210 0.221 0.233 0.245 0.258 0.270 0.282 0.292 0.302 0.311 0.323 0.338 0.363 0.402 0.468 0.589 0.836 1.437 3.239 10.000 3.245 1.449 0.854 0.612 0.496 0.434 0.398 0.377 0.365 0.357 0.352 0.347 0.343 0.337 0.332 0.325 0.318 0.312 0.306 0.302 0.299 0.298 0.300 0.305 0.313 0.327 0.347 0.375 0.413 0.462 0.518 0.567 0.590 0.574 0.532 0.483 0.443 0.414 0.397 0.390 0.391 0.401 0.417 0.439 0.464 0.491 0.515 0.535 0.548 0.550 0.538 0.511 0.471 0.428 0.387 0.351 0.322 0.297 0.277 0.261 0.247 0.235 0.225 0.216 0.208 0.200 0.193 0.187 0.181 0.176
0.147 0.151 0.154 0.158 0.163 0.168 0.173 0.179 0.186 0.194 0.202 0.211 0.220 0.230 0.240 0.251 0.261 0.270 0.280 0.291 0.304 0.321 0.347 0.386 0.449 0.560 0.773 1.229 2.232 3.235 2.238 1.243 0.794 0.588 0.483 0.426 0.393 0.374 0.363 0.356 0.351 0.346 0.341 0.335 0.329 0.321 0.314 0.307 0.301 0.296 0.293 0.291 0.292 0.295 0.302 0.312 0.326 0.346 0.370 0.399 0.428 0.452 0.464 0.459 0.443 0.421 0.401 0.387 0.380 0.380 0.389 0.405 0.430 0.461 0.496 0.527 0.547 0.551 0.541 0.521 0.494 0.461 0.426 0.392 0.359 0.330 0.305 0.284 0.266 0.252 0.239 0.228 0.218 0.210 0.202 0.195 0.189 0.183 0.177 0.172
0.145 0.149 0.152 0.156 0.160 0.165 0.169 0.175 0.181 0.187 0.194 0.202 0.210 0.218 0.227 0.236 0.244 0.253 0.263 0.274 0.287 0.305 0.329 0.364 0.418 0.505 0.649 0.889 1.225 1.429 1.233 0.905 0.673 0.537 0.459 0.414 0.388 0.373 0.365 0.361 0.357 0.353 0.347 0.340 0.331 0.322 0.313 0.305 0.297 0.292 0.287 0.285 0.285 0.287 0.291 0.298 0.308 0.321 0.337 0.354 0.371 0.385 0.392 0.392 0.386 0.377 0.369 0.365 0.365 0.373 0.389 0.415 0.453 0.503 0.561 0.614 0.640 0.628 0.586 0.534 0.485 0.441 0.402 0.369 0.339 0.313 0.291 0.273 0.257 0.243 0.231 0.221 0.212 0.204 0.197 0.190 0.184 0.179 0.174 0.169
0.144 0.147 0.150 0.153 0.157 0.161 0.166 0.171 0.176 0.182 0.188 0.194 0.201 0.208 0.216 0.224 0.231 0.240 0.249 0.259 0.272 0.288 0.310 0.339 0.382 0.442 0.530 0.645 0.765 0.824 0.774 0.663 0.557 0.480 0.431 0.400 0.383 0.376 0.373 0.373 0.372 0.369 0.363 0.353 0.342 0.329 0.317 0.306 0.296 0.289 0.283 0.280 0.278 0.278 0.281 0.285 0.292 0.301 0.311 0.322 0.332 0.341 0.346 0.348 0.347 0.345 0.344 0.346 0.353 0.367 0.391 0.429 0.487 0.573 0.687 0.807 0.865 0.814 0.699 0.587 0.501 0.438 0.391 0.354 0.324 0.300 0.280 0.262 0.248 0.235 0.224 0.214 0.206 0.199 0.192 0.186 0.180 0.175 0.170 0.166
0.142 0.145 0.148 0.151 0.155 0.158 0.162 0.167 0.172 0.177 0.182 0.188 0.194 0.200 0.207 0.213 0.221 0.228 0.237 0.247 0.258 0.273 0.291 0.315 0.346 0.387 0.439 0.497 0.548 0.572 0.558 0.517 0.471 0.431 0.404 0.388 0.382 0.383 0.389 0.397 0.402 0.401 0.393 0.379 0.361 0.342 0.325 0.309 0.297 0.287 0.280 0.275 0.272 0.271 0.272 0.274 0.279 0.284 0.291 0.298 0.305 0.310 0.315 0.318 0.320 0.321 0.325 0.331 0.343 0.362 0.394 0.445 0.529 0.672 0.910 1.245 1.446 1.248 0.915 0.677 0.532 0.443 0.385 0.344 0.313 0.289 0.269 0.253 0.239 0.228 0.217 0.209 0.201 0.194 0.187 0.182 0.176 0.171 0.167 0.163
0.141 0.143 0.146 0.149 0.152 0.156 0.159 0.163 0.167 0.172 0.177 0.182 0.187 0.193 0.199 0.205 0.211 0.218 0.226 0.235 0.245 0.258 0.273 0.292 0.315 0.342 0.374 0.406 0.433 0.446 0.444 0.430 0.410 0.394 0.383 0.380 0.385 0.399 0.418 0.439 0.456 0.461 0.449 0.424 0.394 0.364 0.338 0.316 0.299 0.287 0.277 0.271 0.266 0.264 0.263 0.264 0.267 0.270 0.274 0.279 0.284 0.288 0.292 0.295 0.299 0.303 0.309 0.318 0.332 0.355 0.393 0.455 0.565 0.776 1.230 2.231 3.231 2.231 1.231 0.776 0.562 0.448 0.380 0.335 0.303 0.279 0.260 0.245 0.232 0.221 0.211 0.203 0.196 0.189 0.183 0.178 0.173 0.168 0.164 0.160
0.139 0.141 0.144 0.147 0.150 0.153 0.156 0.160 0.164 0.168 0.172 0.177 0.181 0.186 0.192 0.197 0.203 0.210 0.217 0.225 0.234 0.244 0.257 0.271 0.288 0.308 0.328 0.348 0.364 0.374 0.377 0.374 0.369 0.366 0.367 0.376 0.394 0.424 0.466 0.515 0.558 0.574 0.552 0.502 0.445 0.395 0.355 0.325 0.303 0.287 0.275 0.267 0.261 0.258 0.256 0.256 0.256 0.258 0.261 0.264 0.268 0.271 0.275 0.278 0.282 0.287 0.295 0.305 0.321 0.346 0.386 0.453 0.574 0.820 1.419 3.219 10.000 3.218 1.417 0.816 0.567 0.443 0.371 0.325 0.293 0.270 0.252 0.237 0.225 0.214 0.205 0.198 0.191 0.185 0.179 0.174 0.169 0.165 0.161 0.157
0.137 0.140 0.142 0.145 0.147 0.150 0.153 0.157 0.160 0.164 0.168 0.172 0.176 0.181 0.185 0.191 0.196 0.202 0.208 0.215 0.223 0.232 0.242 0.254 0.267 0.281 0.295 0.309 0.320 0.329 0.334 0.337 0.340 0.345 0.356 0.376 0.408 0.461 0.540 0.648 0.761 0.813 0.756 0.637 0.523 0.437 0.377 0.336 0.307 0.287 0.273 0.263 0.256 0.252 0.249 0.248 0.247 0.248 0.250 0.252 0.255 0.257 0.261 0.264 0.268 0.274 0.282 0.293 0.309 0.334 0.372 0.435 0.544 0.755 1.209 2.208 3.208 2.207 1.206 0.750 0.536 0.423 0.356 0.313 0.282 0.260 0.243 0.229 0.218 0.208 0.200 0.193 0.186 0.180 0.175 0.170 0.166 0.162 0.158 0.155
0.136 0.138 0.140 0.143 0.145 0.148 0.151 0.154 0.157 0.160 0.164 0.168 0.171 0.176 0.180 0.184 0.189 0.195 0.200 0.207 0.213 0.221 0.230 0.239 0.249 0.260 0.270 0.281 0.290 0.298 0.305 0.311 0.319 0.330 0.347 0.376 0.424 0.505 0.643 0.878 1.208 1.405 1.203 0.869 0.629 0.486 0.400 0.346 0.311 0.287 0.271 0.259 0.251 0.246 0.242 0.240 0.239 0.240 0.240 0.242 0.244 0.246 0.249 0.252 0.256 0.262 0.270 0.280 0.296 0.318 0.352 0.404 0.488 0.630 0.867 1.199 1.399 1.198 0.863 0.624 0.479 0.391 0.335 0.297 0.270 0.250 0.234 0.222 0.211 0.202 0.194 0.188 0.182 0.176 0.171 0.167 0.163 0.159 0.156 0.152
0.134 0.136 0.138 0.141 0.143 0.146 0.148 0.151 0.154 0.157 0.160 0.164 0.167 0.171 0.175 0.179 0.183 0.188 0.193 0.199 0.205 0.211 0.219 0.226 0.234 0.243 0.251 0.260 0.268 0.275 0.283 0.291 0.302 0.316 0.339 0.375 0.435 0.542 0.751 1.203 2.200 3.199 2.197 1.196 0.740 0.527 0.416 0.352 0.311 0.285 0.267 0.255 0.246 0.240 0.236 0.234 0.232 0.232 0.232 0.233 0.234 0.236 0.239 0.242 0.246 0.251 0.258 0.268 0.281 0.301 0.328 0.367 0.426 0.509 0.621 0.737 0.791 0.735 0.617 0.503 0.416 0.355 0.312 0.281 0.258 0.240 0.226 0.214 0.205 0.196 0.189 0.183 0.177 0.172 0.168 0.164 0.160 0.156 0.153 0.150
0.133 0.135 0.137 0.139 0.141 0.143 0.146 0.148 0.151 0.154 0.157 0.160 0.163 0.167 0.170 0.174 0.178 0.182 0.187 0.192 0.197 0.203 0.209 0.215 0.222 0.229 0.236 0.243 0.251 0.258 0.266 0.275 0.287 0.304 0.329 0.368 0.434 0.553 0.798 1.396 3.194 10.000 3.191 1.390 0.789 0.541 0.419 0.350 0.308 0.281 0.263 0.250 0.241 0.234 0.230 0.227 0.225 0.224 0.224 0.225 0.226 0.227 0.229 0.232 0.236 0.241 0.247 0.256 0.267 0.283 0.304 0.332 0.370 0.417 0.471 0.518 0.536 0.516 0.467 0.410 0.360 0.319 0.288 0.263 0.244 0.229 0.217 0.207 0.198 0.191 0.184 0.179 0.173 0.169 0.165 0.161 0.157 0.154 0.151 0.148
0.131 0.133 0.135 0.137 0.139 0.141 0.144 0.146 0.148 0.151 0.154 0.157 0.160 0.163 0.166 0.169 0.173 0.177 0.181 0.185 0.190 0.195 0.200 0.206 0.212 0.218 0.224 0.230 0.237 0.244 0.252 0.262 0.274 0.291 0.316 0.354 0.416 0.526 0.736 1.189 2.187 3.186 2.185 1.184 0.729 0.517 0.405 0.341 0.301 0.275 0.257 0.244 0.235 0.229 0.224 0.221 0.219 0.218 0.217 0.217 0.218 0.219 0.221 0.224 0.227 0.231 0.237 0.244 0.253 0.265 0.281 0.300 0.324 0.352 0.379 0.401 0.408 0.398 0.375 0.345 0.315 0.288 0.266 0.247 0.232 0.219 0.209 0.200 0.192 0.185 0.179 0.174 0.169 0.165 0.161 0.158 0.154 0.151 0.148 0.146
0.130 0.132 0.134 0.135 0.137 0.139 0.141 0.144 0.146 0.148 0.151 0.153 0.156 0.159 0.162 0.165 0.169 0.172 0.176 0.180 0.184 0.188 0.193 0.198 0.203 0.208 0.213 0.219 0.225 0.232 0.240 0.249 0.261 0.278 0.301 0.334 0.387 0.471 0.612 0.849 1.181 1.381 1.180 0.846 0.607 0.464 0.378 0.325 0.290 0.266 0.249 0.238 0.229 0.223 0.218 0.215 0.213 0.211 0.211 0.211 0.211 0.212 0.214 0.216 0.219 0.222 0.227 0.233 0.240 0.249 0.260 0.274 0.289 0.305 0.320 0.331 0.334 0.328 0.316 0.299 0.280 0.262 0.246 0.232 0.220 0.209 0.200 0.193 0.186 0.180 0.175 0.170 0.166 0.162 0.158 0.155 0.152 0.149 0.146 0.144
0.129 0.130 0.132 0.134 0.136 0.137 0.139 0.141 0.144 0.146 0.148 0.151 0.153 0.156 0.158 0.161 0.164 0.168 0.171 0.174 0.178 0.182 0.186 0.190 0.195 0.199 0.204 0.210 0.215 0.222 0.229 0.238 0.249 0.264 0.283 0.311 0.351 0.410 0.494 0.606 0.722 0.775 0.720 0.603 0.490 0.405 0.345 0.304 0.276 0.256 0.241 0.230 0.222 0.217 0.212 0.209 0.207 0.205 0.205 0.204 0.205 0.205 0.207 0.208 0.211 0.214 0.217 0.222 0.228 0.235 0.243 0.252 0.262 0.272 0.280 0.285 0.287 0.283 0.276 0.265 0.253 0.241 0.229 0.218 0.209 0.200 0.193 0.186 0.180 0.175 0.170 0.166 0.162 0.158 0.155 0.152 0.149 0.146 0.144 0.142
0.127 0.129 0.131 0.132 0.134 0.136 0.137 0.139 0.141 0.143 0.146 0.148 0.150 0.153 0.155 0.158 0.160 0.163 0.166 0.170 0.173 0.176 0.180 0.184 0.188 0.192 0.196 0.201 0.206 0.212 0.219 0.227 0.237 0.250 0.266 0.288 0.317 0.355 0.403 0.457 0.505 0.524 0.504 0.456 0.401 0.352 0.313 0.283 0.261 0.245 0.232 0.223 0.216 0.210 0.206 0.203 0.201 0.200 0.199 0.199 0.199 0.199 0.200 0.202 0.203 0.206 0.209 0.213 0.217 0.222 0.228 0.234 0.240 0.246 0.251 0.254 0.255 0.252 0.247 0.240 0.232 0.223 0.214 0.206 0.199 0.192 0.186 0.180 0.175 0.170 0.166 0.162 0.159 0.155 0.152 0.149 0.147 0.144 0.142 0.140
0.126 0.128 0.129 0.131 0.132 0.134 0.136 0.137 0.139 0.141 0.143 0.145 0.147 0.150 0.152 0.154 0.157 0.160 0.162 0.165 0.168 0.171 0.175 0.178 0.182 0.185 0.189 0.194 0.199 0.204 0.210 0.217 0.226 0.236 0.249 0.266 0.286 0.311 0.339 0.367 0.389 0.397 0.388 0.366 0.337 0.309 0.283 0.263 0.246 0.233 0.223 0.215 0.209 0.204 0.201 0.198 0.196 0.194 0.194 0.193 0.193 0.193 0.194 0.195 0.197 0.199 0.201 0.204 0.207 0.211 0.215 0.219 0.223 0.227 0.230 0.231 0.231 0.229 0.226 0.221 0.215 0.209 0.202 0.196 0.190 0.184 0.179 0.174 0.170 0.166 0.162 0.158 0.155 0.152 0.149 0.147 0.144 0.142 0.140 0.138
0.125 0.126 0.128 0.129 0.131 0.132 0.134 0.135 0.137 0.139 0.141 0.143 0.145 0.147 0.149 0.151 0.154 0.156 0.158 0.161 0.164 0.167 0.170 0.173 0.176 0.179 0.183 0.187 0.191 0.196 0.201 0.208 0.215 0.223 0.234 0.246 0.260 0.276 0.293 0.309 0.320 0.324 0.320 0.308 0.292 0.275 0.259 0.244 0.232 0.222 0.214 0.208 0.202 0.198 0.195 0.193 0.191 0.189 0.188 0.188 0.188 0.188 0.188 0.189 0.190 0.192 0.194 0.196 0.198 0.201 0.204 0.207 0.209 0.212 0.213 0.214 0.214 0.212 0.210 0.206 0.202 0.197 0.192 0.187 0.182 0.177 0.173 0.169 0.165 0.161 0.158 0.155 0.152 0.149 0.147 0.144 0.142 0.140 0.138 0.136
