0.00000000 14.65685425 34.48528137 39.48528137 23.89949494 28.55634919 8.82842712 24.55634919 15.65685425 12.48528137 49.97056275 26.55634919 23.89949494 23.14213562 48.87005769 37.97056275 57.45584412 33.45584412 44.62741700 52.11269837 33.07106781 60.11269837 43.69848481 41.72792206 63.18376618 51.72792206 59.45584412 43.31370850 70.94112550 54.97056275 65.97056275 76.69848481
14.65685425 0.00000000 21.82842712 26.82842712 10.41421356 15.07106781 12.07106781 11.07106781 11.24264069 18.89949494 37.31370850 19.07106781 23.14213562 24.38477631 35.38477631 24.48528137 43.97056275 31.97056275 31.14213562 38.62741700 37.62741700 46.62741700 40.79898987 59.11269837 49.69848481 52.87005769 45.97056275 60.45584412 57.45584412 51.87005769 48.14213562 63.21320344
34.48528137 21.82842712 0.00000000 5.00000000 12.24264069 16.07106781 34.97056275 18.89949494 28.14213562 39.55634919 15.48528137 27.72792206 35.55634919 39.28427125 27.31370850 32.31370850 26.72792206 40.62741700 38.14213562 34.31370850 54.76955262 34.31370850 48.62741700 66.94112550 39.97056275 60.69848481 53.79898987 68.28427125 50.79898987 59.69848481 55.97056275 47.72792206
39.48528137 26.82842712 5.00000000 0.00000000 17.24264069 21.07106781 39.97056275 23.89949494 33.14213562 44.55634919 12.24264069 32.72792206 40.55634919 44.28427125 24.07106781 37.31370850 23.48528137 45.62741700 33.97056275 31.07106781 59.76955262 31.07106781 45.87005769 63.01219331 36.72792206 56.76955262 49.87005769 64.35533906 47.55634919 55.76955262 52.04163056 44.48528137
23.89949494 10.41421356 12.24264069 17.24264069 0.00000000 5.24264069 23.31370850 7.24264069 16.48528137 27.89949494 27.72792206 16.07106781 23.89949494 27.62741700 22.14213562 20.65685425 39.31370850 28.97056275 26.48528137 33.97056275 43.11269837 41.97056275 36.97056275 55.28427125 45.04163056 49.04163056 42.14213562 56.62741700 53.62741700 48.04163056 44.31370850 59.38477631
28.55634919 15.07106781 16.07106781 21.07106781 5.24264069 0.00000000 24.07106781 6.82842712 17.24264069 28.65685425 31.55634919 13.89949494 21.72792206 30.97056275 17.48528137 18.48528137 37.14213562 26.79898987 24.31370850 31.79898987 45.62741700 39.79898987 33.97056275 52.28427125 42.87005769 46.04163056 39.14213562 53.62741700 50.62741700 45.04163056 41.31370850 56.38477631
8.82842712 12.07106781 34.97056275 39.97056275 23.31370850 24.07106781 0.00000000 17.24264069 6.82842712 6.82842712 36.31370850 17.72792206 15.07106781 14.65685425 35.45584412 23.14213562 44.04163056 23.07106781 30.62741700 38.69848481 27.89949494 46.69848481 40.28427125 36.55634919 49.76955262 46.55634919 45.45584412 38.14213562 56.94112550 49.79898987 47.62741700 62.69848481
24.55634919 11.07106781 18.89949494 23.89949494 7.24264069 6.82842712 17.24264069 0.00000000 10.41421356 21.82842712 19.07106781 8.82842712 16.65685425 21.55634919 24.31370850 13.41421356 32.89949494 21.72792206 20.07106781 27.55634919 37.04163056 35.55634919 29.72792206 48.04163056 38.62741700 41.79898987 34.89949494 49.38477631 46.38477631 40.79898987 37.07106781 52.14213562
15.65685425 11.24264069 28.14213562 33.14213562 16.48528137 17.24264069 6.82842712 10.41421356 0.00000000 11.41421356 29.48528137 10.89949494 9.41421356 16.31370850 28.62741700 16.31370850 37.21320344 17.41421356 23.79898987 31.87005769 29.55634919 39.87005769 33.45584412 29.24264069 42.94112550 45.52691193 38.62741700 39.79898987 50.11269837 44.52691193 40.79898987 55.87005769
12.48528137 18.89949494 39.55634919 44.55634919 27.89949494 28.65685425 6.82842712 21.82842712 11.41421356 0.00000000 40.89949494 27.97056275 19.31370850 11.48528137 42.38477631 27.72792206 50.97056275 21.79898987 35.79898987 45.62741700 22.24264069 53.62741700 32.04163056 30.89949494 56.69848481 40.89949494 45.94112550 32.48528137 56.84062043 44.14213562 55.14213562 62.59797975
49.97056275 37.31370850 15.48528137 12.24264069 27.72792206 31.55634919 36.31370850 19.07106781 29.48528137 40.89949494 0.00000000 29.55634919 35.72792206 43.31370850 11.82842712 26.48528137 14.07106781 40.79898987 21.72792206 18.82842712 48.79898987 22.48528137 33.62741700 50.76955262 27.31370850 44.52691193 37.62741700 52.11269837 40.38477631 43.52691193 39.79898987 37.31370850
26.55634919 19.07106781 27.72792206 32.72792206 16.07106781 13.89949494 17.72792206 8.82842712 10.89949494 27.97056275 29.55634919 0.00000000 7.82842712 17.07106781 17.72792206 5.41421356 26.31370850 12.89949494 12.89949494 20.97056275 31.72792206 28.97056275 22.55634919 40.87005769 32.04163056 34.62741700 27.72792206 42.21320344 39.21320344 33.62741700 29.89949494 44.97056275
23.89949494 23.14213562 35.55634919 40.55634919 23.89949494 21.72792206 15.07106781 16.65685425 9.41421356 19.31370850 35.72792206 7.82842712 0.00000000 8.41421356 23.89949494 9.24264069 32.48528137 8.00000000 17.31370850 27.14213562 23.89949494 35.14213562 18.24264069 19.82842712 38.21320344 23.24264069 31.55634919 34.14213562 43.04163056 30.72792206 32.89949494 48.79898987
23.14213562 24.38477631 39.28427125 44.28427125 27.62741700 30.97056275 14.65685425 21.55634919 16.31370850 11.48528137 43.31370850 17.07106781 8.41421356 0.00000000 31.48528137 16.82842712 40.07106781 10.89949494 24.89949494 34.72792206 15.48528137 42.72792206 21.14213562 16.82842712 45.79898987 34.14213562 35.04163056 25.72792206 45.94112550 37.38477631 34.62741700 51.69848481
48.87005769 35.38477631 27.31370850 24.07106781 22.14213562 17.48528137 35.45584412 24.31370850 28.62741700 42.38477631 11.82842712 17.72792206 23.89949494 31.48528137 0.00000000 14.65685425 10.24264069 28.97056275 9.89949494 9.82842712 36.97056275 14.31370850 21.79898987 39.52691193 19.14213562 33.28427125 26.38477631 40.87005769 37.87005769 32.28427125 28.55634919 29.14213562
37.97056275 24.48528137 32.31370850 37.31370850 20.65685425 18.48528137 23.14213562 13.41421356 16.31370850 27.72792206 26.48528137 5.41421356 9.24264069 16.82842712 14.65685425 0.00000000 23.24264069 10.65685425 8.07106781 17.89949494 31.48528137 25.89949494 16.31370850 34.62741700 28.97056275 28.38477631 22.31370850 35.97056275 33.79898987 27.38477631 23.65685425 39.55634919
57.45584412 43.97056275 26.72792206 23.48528137 39.31370850 37.14213562 44.04163056 32.89949494 37.21320344 50.97056275 14.07106781 26.31370850 32.48528137 40.07106781 10.24264069 23.24264069 0.00000000 37.55634919 18.48528137 10.65685425 45.55634919 8.41421356 30.38477631 47.52691193 13.24264069 41.28427125 34.38477631 48.87005769 25.72792206 40.28427125 36.55634919 22.65685425
33.45584412 31.97056275 40.62741700 45.62741700 28.97056275 26.79898987 23.07106781 21.72792206 17.41421356 21.79898987 40.79898987 12.89949494 8.00000000 10.89949494 28.97056275 10.65685425 37.55634919 0.00000000 19.07106781 29.72792206 12.24264069 37.97056275 10.24264069 11.82842712 47.28427125 15.24264069 24.14213562 20.48528137 35.04163056 22.72792206 23.72792206 40.79898987
44.62741700 31.14213562 38.14213562 33.97056275 26.48528137 24.31370850 30.62741700 20.07106781 23.79898987 35.79898987 21.72792206 12.89949494 17.31370850 24.89949494 9.89949494 8.07106781 18.48528137 19.07106781 0.00000000 10.65685425 27.07106781 18.89949494 11.89949494 29.62741700 21.14213562 23.38477631 16.48528137 30.97056275 27.97056275 22.38477631 18.65685425 33.72792206
52.11269837 38.62741700 34.31370850 31.07106781 33.97056275 31.79898987 38.69848481 27.55634919 31.87005769 45.62741700 18.82842712 20.97056275 27.14213562 34.72792206 9.82842712 17.89949494 10.65685425 29.72792206 10.65685425 0.00000000 51.28427125 7.41421356 22.55634919 37.45584412 10.48528137 31.21320344 24.31370850 38.79898987 14.82842712 30.21320344 26.48528137 20.48528137
33.07106781 37.62741700 54.76955262 59.76955262 43.11269837 45.62741700 27.89949494 37.04163056 29.55634919 22.24264069 48.79898987 31.72792206 23.89949494 15.48528137 36.97056275 31.48528137 45.55634919 12.24264069 27.07106781 51.28427125 0.00000000 45.97056275 33.55634919 8.07106781 62.21320344 21.48528137 39.89949494 13.07106781 49.97056275 24.72792206 35.72792206 55.72792206
60.11269837 46.62741700 34.31370850 31.07106781 41.97056275 39.79898987 46.69848481 35.55634919 39.87005769 53.62741700 22.48528137 28.97056275 35.14213562 42.72792206 14.31370850 25.89949494 8.41421356 37.97056275 18.89949494 7.41421356 45.97056275 0.00000000 30.79898987 47.94112550 5.41421356 41.69848481 29.14213562 49.28427125 17.89949494 42.31370850 31.31370850 14.82842712
43.69848481 40.79898987 48.62741700 45.87005769 36.97056275 33.97056275 40.28427125 29.72792206 33.45584412 32.04163056 33.62741700 22.55634919 18.24264069 21.14213562 21.79898987 16.31370850 30.38477631 10.24264069 11.89949494 22.55634919 33.55634919 30.79898987 0.00000000 19.72792206 37.62741700 13.48528137 14.48528137 21.07106781 25.38477631 12.48528137 12.89949494 31.14213562
41.72792206 59.11269837 66.94112550 63.01219331 55.28427125 52.28427125 36.55634919 48.04163056 29.24264069 30.89949494 50.76955262 40.87005769 19.82842712 16.82842712 39.52691193 34.62741700 47.52691193 11.82842712 29.62741700 37.45584412 8.07106781 47.94112550 19.72792206 0.00000000 48.38477631 6.82842712 26.07106781 10.65685425 36.14213562 11.48528137 21.89949494 41.89949494
63.18376618 49.69848481 39.97056275 36.72792206 45.04163056 42.87005769 49.76955262 38.62741700 42.94112550 56.69848481 27.31370850 32.04163056 38.21320344 45.79898987 19.14213562 28.97056275 13.24264069 47.28427125 21.14213562 10.48528137 62.21320344 5.41421356 37.62741700 48.38477631 0.00000000 42.14213562 24.31370850 49.72792206 13.07106781 37.48528137 26.48528137 10.00000000
51.72792206 52.87005769 60.69848481 56.76955262 49.04163056 46.04163056 46.55634919 41.79898987 45.52691193 40.89949494 44.52691193 34.62741700 23.24264069 34.14213562 33.28427125 28.38477631 41.28427125 15.24264069 23.38477631 31.21320344 21.48528137 41.69848481 13.48528137 6.82842712 42.14213562 0.00000000 19.82842712 9.82842712 29.89949494 5.82842712 15.65685425 35.65685425
59.45584412 45.97056275 53.79898987 49.87005769 42.14213562 39.14213562 45.45584412 34.89949494 38.62741700 45.94112550 37.62741700 27.72792206 31.55634919 35.04163056 26.38477631 22.31370850 34.38477631 24.14213562 16.48528137 24.31370850 39.89949494 29.14213562 14.48528137 26.07106781 24.31370850 19.82842712 0.00000000 27.41421356 12.07106781 17.65685425 6.65685425 17.82842712
43.31370850 60.45584412 68.28427125 64.35533906 56.62741700 53.62741700 38.14213562 49.38477631 39.79898987 32.48528137 52.11269837 42.21320344 34.14213562 25.72792206 40.87005769 35.97056275 48.87005769 20.48528137 30.97056275 38.79898987 13.07106781 49.28427125 21.07106781 10.65685425 49.72792206 9.82842712 27.41421356 0.00000000 37.48528137 12.24264069 23.24264069 43.24264069
70.94112550 57.45584412 50.79898987 47.55634919 53.62741700 50.62741700 56.94112550 46.38477631 50.11269837 56.84062043 40.38477631 39.21320344 43.04163056 45.94112550 37.87005769 33.79898987 25.72792206 35.04163056 27.97056275 14.82842712 49.97056275 17.89949494 25.38477631 36.14213562 13.07106781 29.89949494 12.07106781 37.48528137 0.00000000 25.24264069 14.24264069 8.24264069
54.97056275 51.87005769 59.69848481 55.76955262 48.04163056 45.04163056 49.79898987 40.79898987 44.52691193 44.14213562 43.52691193 33.62741700 30.72792206 37.38477631 32.28427125 27.38477631 40.28427125 22.72792206 22.38477631 30.21320344 24.72792206 42.31370850 12.48528137 11.48528137 37.48528137 5.82842712 17.65685425 12.24264069 25.24264069 0.00000000 11.00000000 31.00000000
65.97056275 48.14213562 55.97056275 52.04163056 44.31370850 41.31370850 47.62741700 37.07106781 40.79898987 55.14213562 39.79898987 29.89949494 32.89949494 34.62741700 28.55634919 23.65685425 36.55634919 23.72792206 18.65685425 26.48528137 35.72792206 31.31370850 12.89949494 21.89949494 26.48528137 15.65685425 6.65685425 23.24264069 14.24264069 11.00000000 0.00000000 20.00000000
76.69848481 63.21320344 47.72792206 44.48528137 59.38477631 56.38477631 62.69848481 52.14213562 55.87005769 62.59797975 37.31370850 44.97056275 48.79898987 51.69848481 29.14213562 39.55634919 22.65685425 40.79898987 33.72792206 20.48528137 55.72792206 14.82842712 31.14213562 41.89949494 10.00000000 35.65685425 17.82842712 43.24264069 8.24264069 31.00000000 20.00000000 0.00000000
