0.00000000 42.88057321 52.13150250 54.36150250 47.43446715 63.30536865 18.52132214 47.72040690 32.21165835 25.18047040 63.41777846 75.61434373 66.41094080 30.69943830 79.96900392 69.90767132 85.07145992 59.61093826 72.86638849 92.46691552 38.34982323 107.91315144 91.67677880 68.59178821 125.19929860 44.18111832 84.96893683 40.05371716 102.21806776 45.80536759 50.02989032 93.38283077
42.88057321 0.00000000 10.23092929 12.46092929 4.76796465 20.63886615 42.94132573 5.05390440 47.80486866 73.09778639 21.51720526 21.27386435 57.15098444 77.03424451 37.30250142 27.24116882 42.40495742 64.31079721 30.19988599 49.80041302 86.79834660 65.24664894 38.09729760 54.07677162 82.53279610 43.56842025 42.30243433 47.23545561 59.55156526 43.32484161 40.83002272 50.71632827
52.13150250 10.23092929 0.00000000 2.23000000 5.64469083 21.42507502 49.71577523 8.99075252 34.67915439 76.74346030 11.28627596 23.26596247 53.07169586 78.27970265 39.20435388 31.17801695 47.51714429 66.30289532 35.58080482 54.28811975 88.89779536 79.78320956 42.03414572 58.01361974 88.50524417 47.50526838 46.23928245 51.17230373 92.56619587 47.26168973 44.76687084 87.54168181
54.36150250 12.46092929 2.23000000 0.00000000 7.87469083 23.65507502 51.94577523 11.22075252 36.90915439 78.97346030 9.74738203 25.49596247 55.30169586 80.50970265 37.66545994 33.40801695 45.97825035 68.53289532 44.34721318 52.74922582 91.12779536 78.24431563 49.83476765 65.89135890 86.96635024 55.38300754 54.06495054 59.05004289 91.02730194 55.13942889 52.64461000 86.00278787
47.43446715 4.76796465 5.64469083 7.87469083 0.00000000 16.03494262 43.91971355 3.19469083 28.88309271 70.94739862 16.93096680 17.46990078 47.27563418 72.48364097 55.48282823 25.38195526 41.98981456 60.50683364 29.78474314 49.38527017 83.10173368 64.83150609 36.23808404 52.21755806 82.11765325 41.70920669 40.44322077 45.37624205 57.69235170 41.46562805 38.97080915 48.85711470
63.30536865 20.63886615 21.42507502 23.65507502 16.03494262 0.00000000 59.05069514 18.44202848 44.01407430 86.07838021 32.71135098 32.70715834 62.51289173 78.55877844 73.04305551 40.61921282 57.08707212 75.74409119 44.88200069 64.48252773 90.03541841 79.92876365 52.81720885 68.79668286 97.21491081 58.28833150 57.02234557 61.95536685 74.27147650 58.04475285 55.54993396 65.43623951
18.52132214 42.94132573 49.71577523 51.94577523 43.91971355 59.05069514 0.00000000 40.60866666 15.03662084 30.15646066 101.03895595 58.43930622 49.23590329 35.50181420 80.23024956 69.98598190 85.33270555 69.24090329 72.82278131 92.72816116 43.10479110 108.17439708 80.36049776 73.34675608 125.46054424 48.93608619 84.56563448 44.80868504 101.81476542 50.56033547 83.09322287 92.97952842
47.72040690 5.05390440 8.99075252 11.22075252 3.19469083 18.44202848 40.60866666 0.00000000 25.57204581 67.63635172 60.43028930 14.27520995 44.08094334 69.05737547 32.24859703 22.18726443 37.35105302 57.31214280 25.14598159 44.74650863 79.67546817 60.19274455 33.04339321 49.02286722 77.47889171 38.51451586 37.24852993 42.18155121 54.49766086 38.27093721 35.77611832 45.66242387
32.21165835 47.80486866 34.67915439 36.90915439 28.88309271 44.01407430 15.03662084 25.57204581 0.00000000 42.06430591 86.00233511 43.40268537 33.22966558 39.76165761 65.19362871 54.94936106 70.29608471 53.23466558 57.78616047 77.69154032 49.52575970 93.13777623 65.32387691 96.35091196 110.42392340 70.79499956 69.52901364 51.22965363 86.77814457 70.55142092 68.05660203 77.94290758
25.18047040 73.09778639 76.74346030 78.97346030 70.94739862 86.07838021 30.15646066 67.63635172 42.06430591 0.00000000 128.06664102 55.97403351 29.27530229 9.79831132 69.10726368 53.41703894 74.20971968 38.70981128 64.59142241 81.43689101 18.03462554 97.05141120 70.77565181 48.27659051 114.82038016 23.86592063 72.11433147 19.73851947 89.07642705 25.49016990 29.71469263 80.24119005
63.41777846 21.51720526 11.28627596 9.74738203 16.93096680 32.71135098 101.03895595 60.43028930 86.00233511 128.06664102 0.00000000 47.29582320 69.93353352 84.48973014 27.91807791 41.19510460 43.13920849 67.57543648 34.59983115 43.00184379 105.68532501 55.71091375 40.08738562 56.14397687 67.11897687 45.63562551 44.31756852 49.30266086 76.68349094 45.39204687 42.89722797 71.65897687
75.61434373 21.27386435 23.26596247 25.49596247 17.46990078 32.70715834 58.43930622 14.27520995 43.40268537 55.97403351 47.29582320 0.00000000 29.80573339 45.85162010 21.79094334 11.54667568 26.89339933 43.03693285 14.38347509 34.28885494 57.32826007 49.73509086 21.92119154 37.90066556 67.02123802 27.39231419 26.12632827 31.05934955 43.37545920 27.14873555 24.65391665 34.54022220
66.41094080 57.15098444 53.07169586 55.30169586 47.27563418 62.51289173 49.23590329 44.08094334 33.22966558 29.27530229 69.93353352 29.80573339 0.00000000 19.15288889 44.42865366 28.73842892 49.53110965 20.00500000 39.91281238 56.75828099 29.56224097 72.37280118 52.07084053 63.12124638 90.14177013 72.78530409 50.20348302 31.26613491 67.45261395 57.96235424 50.13549745 58.61737695
30.69943830 77.03424451 78.27970265 80.50970265 72.48364097 78.55877844 35.50181420 69.05737547 39.76165761 9.79831132 84.48973014 45.85162010 19.15288889 0.00000000 58.98485028 43.29462554 64.08730627 27.53270704 54.46900900 71.31447761 10.62257972 86.92899780 59.59854757 62.63655988 104.69796675 16.45387481 60.93722723 12.32647366 77.89932281 18.07812409 60.97413632 69.06408581
79.96900392 37.30250142 39.20435388 37.66545994 55.48282823 73.04305551 80.23024956 32.24859703 65.19362871 69.10726368 27.91807791 21.79094334 44.42865366 58.98485028 0.00000000 15.69022474 10.71003138 42.42962300 9.45401766 19.10510714 80.53951152 32.68651475 14.94157213 29.32174637 43.85181525 18.81339500 17.49533801 22.48043036 34.74446894 18.56981636 16.07499746 48.39181525
69.90767132 27.24116882 31.17801695 33.40801695 25.38195526 40.61921282 69.98598190 22.18726443 54.94936106 53.41703894 41.19510460 11.54667568 28.73842892 43.29462554 15.69022474 0.00000000 20.79268073 42.15805192 11.17438346 28.01985207 54.77126550 43.63437226 18.65398808 34.64381743 61.40334121 24.13546607 21.46505410 27.80250142 38.71418503 23.89188742 21.39706853 29.87894803
85.07145992 42.40495742 47.51714429 45.97825035 41.98981456 57.08707212 85.33270555 37.35105302 70.29608471 74.20971968 43.13920849 26.89339933 49.53110965 64.08730627 10.71003138 20.79268073 0.00000000 46.91205807 13.93645274 19.35085533 85.02194660 29.78386868 19.42400720 35.48059846 48.75754580 24.97224710 23.65419010 28.63928245 59.24707645 24.72866845 22.23384956 54.22256239
59.61093826 64.31079721 66.30289532 68.53289532 60.50683364 75.74409119 69.24090329 57.31214280 53.23466558 38.70981128 67.57543648 43.03693285 20.00500000 27.53270704 42.42962300 42.15805192 46.91205807 0.00000000 32.97560533 53.55635531 55.29294911 73.92782031 32.06584053 43.11624638 44.70916665 52.78030409 33.40452019 51.76720705 50.36661577 37.95735424 33.44142928 41.53137877
72.86638849 30.19988599 35.58080482 44.34721318 29.78474314 44.88200069 72.82278131 25.14598159 57.78616047 64.59142241 34.59983115 14.38347509 39.91281238 54.46900900 9.45401766 11.17438346 13.93645274 32.97560533 0.00000000 20.58074998 71.08549386 40.95221497 5.48755447 21.24034847 56.72846315 10.73199710 9.46601118 14.39903246 26.71514211 10.48841846 7.99359956 17.87990511
92.46691552 49.80041302 54.28811975 52.74922582 49.38527017 64.48252773 92.72816116 44.74650863 77.69154032 81.43689101 43.00184379 34.28885494 56.75828099 71.31447761 19.10510714 28.01985207 19.35085533 53.55635531 20.58074998 0.00000000 48.69024312 27.62637698 26.06830445 46.94390799 36.14771317 36.43555662 35.02678895 40.10259198 66.59888094 36.19197798 33.65473268 40.68771317
38.34982323 86.79834660 88.89779536 91.12779536 83.10173368 90.03541841 43.10479110 79.67546817 49.52575970 18.03462554 105.68532501 57.32826007 29.56224097 10.62257972 80.53951152 54.77126550 85.02194660 55.29294911 71.08549386 48.69024312 0.00000000 112.03770883 18.64640836 34.10962225 31.38971355 12.68208766 20.88555483 8.55468650 37.04716267 14.30633693 18.53085966 28.21192568
107.91315144 65.24664894 79.78320956 78.24431563 64.83150609 79.92876365 108.17439708 60.19274455 93.13777623 97.05141120 55.71091375 49.73509086 72.37280118 86.92899780 32.68651475 43.63437226 29.78386868 73.92782031 40.95221497 27.62637698 112.03770883 0.00000000 46.43976944 62.49636070 18.13422402 51.98800933 30.64298303 55.65504469 28.61877993 35.00705374 31.50205374 23.59426586
91.67677880 38.09729760 42.03414572 49.83476765 36.23808404 52.81720885 80.36049776 33.04339321 65.32387691 70.77565181 40.08738562 21.92119154 52.07084053 59.59854757 14.94157213 18.65398808 19.42400720 32.06584053 5.48755447 26.06830445 18.64640836 46.43976944 0.00000000 16.90007322 17.48325648 6.39172186 6.31038672 10.05875721 23.14070560 5.89151370 4.82751875 14.30546861
68.59178821 54.07677162 58.01361974 65.89135890 52.21755806 68.79668286 73.34675608 49.02286722 96.35091196 48.27659051 56.14397687 37.90066556 63.12124638 62.63655988 29.32174637 34.64381743 35.48059846 43.11624638 21.24034847 46.94390799 34.10962225 62.49636070 16.90007322 0.00000000 29.64337841 10.57538672 19.13921969 12.33504184 35.30082754 12.84703715 16.78452452 26.46559054
125.19929860 82.53279610 88.50524417 86.96635024 82.11765325 97.21491081 125.46054424 77.47889171 110.42392340 114.82038016 67.11897687 67.02123802 90.14177013 104.69796675 43.85181525 61.40334121 48.75754580 44.70916665 56.72846315 36.14771317 31.38971355 18.13422402 17.48325648 29.64337841 0.00000000 19.13502705 11.58871716 22.80206240 9.56451406 15.95278787 12.44778787 4.54000000
44.18111832 43.56842025 47.50526838 55.38300754 41.70920669 58.28833150 48.93608619 38.51451586 70.79499956 23.86592063 45.63562551 27.39231419 72.78530409 16.45387481 18.81339500 24.13546607 24.97224710 52.78030409 10.73199710 36.43555662 12.68208766 51.98800933 6.39172186 10.57538672 19.13502705 0.00000000 8.63086832 4.50036580 24.79247617 2.62572114 6.27617316 15.95723917
84.96893683 42.30243433 46.23928245 54.06495054 40.44322077 57.02234557 84.56563448 37.24852993 69.52901364 72.11433147 44.31756852 26.12632827 50.20348302 60.93722723 17.49533801 21.46505410 23.65419010 33.40452019 9.46601118 35.02678895 20.88555483 30.64298303 6.31038672 19.13921969 11.58871716 8.63086832 0.00000000 12.29790368 17.24616629 6.55877200 2.67774170 8.41092929
40.05371716 47.23545561 51.17230373 59.05004289 45.37624205 61.95536685 44.80868504 42.18155121 51.22965363 19.73851947 49.30266086 31.05934955 31.26613491 12.32647366 22.48043036 27.80250142 28.63928245 51.76720705 14.39903246 40.10259198 8.55468650 55.65504469 10.05875721 12.33504184 22.80206240 4.50036580 12.29790368 0.00000000 28.45951152 5.71868578 9.94320851 19.62427453
102.21806776 59.55156526 92.56619587 91.02730194 57.69235170 74.27147650 101.81476542 54.49766086 86.77814457 89.07642705 76.68349094 43.37545920 67.45261395 77.89932281 34.74446894 38.71418503 59.24707645 50.36661577 26.71514211 66.59888094 37.04716267 28.61877993 23.14070560 35.30082754 9.56451406 24.79247617 17.24616629 28.45951152 0.00000000 21.61023700 18.10523700 7.12402633
45.80536759 43.32484161 47.26168973 55.13942889 41.46562805 58.04475285 50.56033547 38.27093721 70.55142092 25.49016990 45.39204687 27.14873555 57.96235424 18.07812409 18.56981636 23.89188742 24.72866845 37.95735424 10.48841846 36.19197798 14.30633693 35.00705374 5.89151370 12.84703715 15.95278787 2.62572114 6.55877200 5.71868578 21.61023700 0.00000000 3.50500000 12.77500000
50.02989032 40.83002272 44.76687084 52.64461000 38.97080915 55.54993396 83.09322287 35.77611832 68.05660203 29.71469263 42.89722797 24.65391665 50.13549745 60.97413632 16.07499746 21.39706853 22.23384956 33.44142928 7.99359956 33.65473268 18.53085966 31.50205374 4.82751875 16.78452452 12.44778787 6.27617316 2.67774170 9.94320851 18.10523700 3.50500000 0.00000000 9.27000000
93.38283077 50.71632827 87.54168181 86.00278787 48.85711470 65.43623951 92.97952842 45.66242387 77.94290758 80.24119005 71.65897687 34.54022220 58.61737695 69.06408581 48.39181525 29.87894803 54.22256239 41.53137877 17.87990511 40.68771317 28.21192568 23.59426586 14.30546861 26.46559054 4.54000000 15.95723917 8.41092929 19.62427453 7.12402633 12.77500000 9.27000000 0.00000000
