0.00000000 18.79349279 33.81237034 37.51848939 25.64111694 31.77110996 9.87789660 25.93513946 17.32684703 13.65900826 45.98145251 32.98296471 29.26616506 21.65479243 47.36983828 38.42170974 53.75343596 33.94092803 43.06806855 51.47934278 30.56766405 59.76964917 47.46614009 42.40322602 65.19435069 44.02822445 54.83884273 37.76005016 65.95378254 46.33939527 54.25110095 68.01936351
18.79349279 0.00000000 16.46237645 20.16849550 7.73334208 13.85272594 16.86747047 8.01552992 17.31481968 27.52812655 28.63145862 16.05952191 26.20959623 31.56097417 29.45022874 20.50210020 35.83382642 32.80417002 25.14845901 33.55973324 42.58068737 41.85003963 32.78919256 48.11640681 47.27474115 41.77377499 36.91923319 47.24833151 48.03417300 40.78048055 37.56140783 50.09975397
33.81828768 16.46237645 0.00000000 3.70611905 9.20901496 14.91170915 33.02277490 13.97988314 25.30472274 41.47811024 12.16908217 22.13198141 32.79018436 40.52081163 25.91177052 26.46645342 26.98753294 38.87662951 31.04650706 33.13840619 52.95150890 37.76231946 38.75354579 54.08076003 43.35978530 47.73812822 42.88358641 53.21268473 52.80908166 46.74483377 43.52576105 49.78373324
37.52440673 20.16849550 3.70611905 0.00000000 12.91513401 18.61782819 36.72889395 17.68600219 29.01084178 45.18422929 9.78526524 25.83810045 36.49630341 44.22693068 23.52795358 30.17257247 24.60371600 42.58274856 30.99652971 30.75458926 56.65762795 35.37850252 39.56196833 54.20166230 40.97596837 47.85903048 42.99424706 53.33358700 50.42526473 46.86573604 43.64666332 47.39991631
25.65295162 7.73334208 9.20901496 12.91513401 0.00000000 6.67100605 24.11487052 5.07197877 16.39681836 32.57020587 21.37809713 13.22407703 23.88227999 31.61290726 25.85608804 17.55854905 32.85085811 29.96872514 22.16549069 30.57676493 44.04360453 38.86707131 29.84564141 45.17285566 44.29177284 38.83022384 33.97568204 44.30478036 45.09062185 37.83692940 34.61785668 47.15620282
31.77110996 13.85272594 14.91170915 18.61782819 6.67100605 0.00000000 27.90544966 8.20602711 20.18739749 36.36078500 27.08079132 15.40214927 26.06035223 34.81511398 26.53225846 19.73662129 34.79594525 32.14679738 24.11057784 32.52185207 46.92046443 40.81215845 31.81996278 47.14717703 46.23685998 40.80454521 35.95000341 46.27910173 47.06494322 39.81125077 36.59217805 49.13052419
9.87789660 16.86747047 33.02277490 36.72889395 24.11487052 27.90544966 0.00000000 19.69942254 7.71805216 10.66065608 44.51851135 23.37416985 19.65737020 16.61227900 38.70477398 28.93244979 45.08837167 28.80716043 33.99056183 42.81427849 27.34011575 51.10458487 41.62044843 39.17567772 56.52928640 40.80067615 45.75048906 34.53250186 56.86542887 43.11184697 46.39266370 58.93100984
25.93513946 8.01552992 13.97988314 17.68600219 5.07197877 8.20602711 19.69942254 0.00000000 11.98137038 28.15475789 24.81265370 8.15209826 18.81030122 27.16328771 21.43469882 12.48657028 27.81829650 24.89674637 17.13292909 25.54420332 39.59398498 33.83450971 24.77366264 40.10087689 39.25921123 33.75824507 28.90370327 39.23280159 40.01864308 32.76495063 29.54587791 42.08422405
17.32684703 17.31481968 25.30472274 29.01084178 16.39681836 20.18739749 7.71805216 11.98137038 0.00000000 16.17338750 36.80045919 15.65611769 12.60047035 18.56204857 30.98672182 21.21439763 37.37031950 21.75026057 26.27250967 35.09622632 29.58176178 43.38653271 33.90239627 38.62177168 48.81123423 42.88697870 38.03243690 36.77414789 49.14737670 41.89368426 38.67461154 51.21295768
13.65900826 27.52812655 41.47811024 45.18422929 32.57020587 36.36078500 10.66065608 28.15475789 16.17338750 0.00000000 52.97384669 28.48295536 17.94909657 9.35664210 40.09479769 27.82656129 46.47839537 21.64277770 34.90466793 44.17064534 18.77072619 52.49460858 35.16798977 30.60628816 57.89642043 32.23128659 44.38038629 25.96311230 55.09358004 34.54245741 42.45416309 57.15916102
45.98736985 28.63145862 12.16908217 9.78526524 21.37809713 27.08079132 44.51207625 24.81265370 36.79402408 52.96741159 0.00000000 28.49035202 36.72184373 44.18455492 13.74268835 25.42798428 17.91461299 40.24831085 21.21126447 20.96932402 53.16635579 25.73361448 29.77670309 44.41639706 31.24504301 38.07376525 33.20898182 43.54832176 42.10304485 37.08047081 33.86139808 39.07769643
32.98296471 16.05952191 22.13198141 25.83810045 13.22407703 15.40214927 23.37416985 8.15209826 15.65611769 28.48295536 28.49035202 0.00000000 10.65820295 19.41296471 15.33060414 5.55827994 21.71420182 16.74464811 10.61639198 19.44010864 31.51831516 27.73041502 18.24627858 33.57349283 33.15511655 27.23086101 22.37631921 32.70541753 33.49125902 26.23756657 23.01849385 35.55684000
29.26616506 26.20959623 32.79018436 36.49630341 23.88227999 26.06035223 19.65737020 18.81030122 12.60047035 17.94909657 36.72184373 10.65820295 0.00000000 8.87910591 23.56209585 11.29385945 29.94569353 9.14979022 18.37196609 27.63794349 21.26805506 35.96190673 22.67500229 26.02130134 41.36371859 30.31034651 29.44033053 28.46044117 40.52590644 32.15227450 29.91598852 42.59148741
21.65479243 31.56097417 40.52081163 44.22693068 31.61290726 34.81511398 16.61227900 27.16328771 18.56204857 9.35664210 44.18455492 19.41296471 8.87910591 0.00000000 31.02480703 18.75657064 37.40840471 12.36184888 25.83467727 35.10065468 12.43159467 43.42461792 25.88706094 23.35218161 48.82642977 25.89215507 35.09945746 19.62398078 45.81265122 28.20332589 34.65714264 47.87823220
47.36983828 29.45022874 25.91177052 23.52795358 25.85608804 26.53225846 38.70477398 21.43469882 30.98672182 40.09479769 13.74268835 15.33060414 23.56209585 31.02480703 0.00000000 12.26823639 8.74377741 27.17372929 8.13668291 10.02887823 40.09177423 15.52325461 16.70212153 31.35864605 20.98824175 25.01601423 20.15123081 30.49057075 31.26617061 24.02271979 20.80364707 28.82089517
38.42170974 20.50210020 26.46645342 30.17257247 17.55854905 19.73662129 28.93244979 12.48657028 21.21439763 27.82656129 25.42798428 5.55827994 11.29385945 18.75657064 12.26823639 0.00000000 18.65183408 15.34085659 7.07810664 16.34408404 30.86192109 24.66804728 13.84784274 29.17712805 30.06985913 22.83449623 18.14647108 28.30905275 29.23204698 21.84120179 18.62212907 31.29762796
53.75221044 35.83382642 26.98753294 24.60371600 32.85085811 34.79594525 45.08837167 27.81829650 37.37031950 46.47839537 17.91461299 21.71420182 29.94569353 37.40840471 8.74377741 18.65183408 0.00000000 33.40557228 14.36852591 10.35475395 46.32361722 11.35436836 22.93396453 37.57365850 18.40439061 31.23102668 26.36624325 36.70558320 29.01924131 30.23773224 27.01865952 25.99389289
33.94092803 32.80417002 38.87662951 42.58274856 29.96872514 32.14679738 28.80716043 24.89674637 21.75026057 21.64277770 40.24831085 16.74464811 9.14979022 12.36184888 27.17372929 15.34085659 33.40557228 0.00000000 19.03704638 29.54730892 19.04136666 38.63875215 13.52521206 16.87151111 40.61227517 21.16055629 22.73760858 24.13365100 33.45080234 23.00248427 22.29529376 35.51638332
43.06806855 25.14845901 31.04650706 30.99652971 22.16549069 24.11057784 33.99056183 17.13292909 26.27250967 34.90466793 21.21126447 10.61639198 18.37196609 25.83467727 8.13668291 7.07810664 14.36852591 19.03704638 0.00000000 10.51026255 31.95509131 19.60170577 8.56543862 23.49584500 24.44372531 17.15321319 12.29867138 22.62776970 23.41361119 16.15991874 12.94084602 25.47919217
51.47811726 33.55973324 33.13840619 30.75458926 30.57676493 32.52185207 42.81427849 25.54420332 35.09622632 44.17064534 20.96932402 19.44010864 27.63794349 35.10065468 10.02887823 16.34408404 10.35475395 29.54730892 10.51026255 0.00000000 42.49102026 10.03755353 19.07570117 33.33361318 13.93346276 26.99098136 22.10805580 32.46553788 23.06800568 25.99768692 22.77012892 21.76611618
30.56766405 42.58068737 52.95150890 56.65762795 44.04360453 46.92046443 27.34011575 39.59398498 29.58176178 18.77072619 53.16635579 31.51831516 21.26805506 12.43159467 40.09177423 30.86192109 46.32361722 19.04136666 31.95509131 42.49503207 0.00000000 51.55679708 25.86739564 12.18900893 47.19746368 16.67246970 30.04258148 10.40429541 40.03599085 18.98765233 26.89935801 42.10157182
59.76842365 41.85003963 37.76231946 35.37850252 38.86707131 40.81215845 51.10458487 33.83450971 43.38653271 52.49460858 25.73361448 27.73041502 35.96190673 43.42461792 15.52325461 24.66804728 11.35436836 38.63875215 19.60170577 10.03755353 51.55679708 0.00000000 28.16714439 42.80683836 7.26655403 36.46420655 25.78457492 41.93876306 17.88649971 35.42587782 27.39505639 14.86115129
47.46614009 32.78919256 38.75354579 39.56196833 29.84564141 31.81996278 41.62044843 24.77366264 33.90239627 35.16798977 29.77670309 18.24627858 22.67500229 25.88706094 16.70212153 13.84784274 22.93396453 13.52521206 8.56543862 19.07570117 25.86338383 28.16714439 0.00000000 16.70597675 28.42035014 10.36334493 10.68171789 15.83790145 21.25887730 9.47727221 9.24196158 23.32445828
42.40322602 48.11640681 54.08076003 54.20166230 45.17285566 47.14717703 39.17567772 40.10087689 38.62177168 30.60628816 44.41639706 33.57349283 26.02130134 23.35218161 31.35864605 29.17712805 37.57365850 16.87151111 23.49584500 33.33361318 12.18900893 42.80683836 16.70597675 0.00000000 38.03604479 6.80559803 20.88116258 9.39205136 30.87457195 10.27166580 17.76964983 32.94015293
65.19329776 47.27491374 43.35978530 40.97596837 44.29194543 46.23703257 56.52945899 39.25938382 48.81140682 57.89642043 31.24504301 33.15528914 41.36371859 48.82642977 20.98824175 30.06985913 18.40439061 40.61227517 24.44372531 13.93346276 47.19345187 7.26655403 28.42035014 38.03604479 0.00000000 31.69341297 18.75607705 37.16796949 10.85800184 28.39737995 20.36655852 7.83265342
44.02822445 41.77377499 47.73812822 47.85903048 38.83022384 40.80454521 40.80067615 33.75824507 42.88697870 32.23128659 38.07376525 27.23086101 30.31034651 25.89215507 25.01601423 22.83449623 31.23102668 21.16055629 17.15321319 26.99098136 16.67246970 36.46420655 10.36334493 6.80559803 31.69341297 0.00000000 14.53853077 7.20973590 24.53194014 4.40877852 11.43173134 26.59752111
54.83761721 36.91923319 42.88358641 42.99407447 33.97568204 35.95000341 45.75048906 28.90370327 38.03243690 44.38038629 33.20898182 22.37631921 29.44033053 35.09945746 20.15123081 18.14647108 26.36624325 22.73760858 12.29867138 22.10805580 30.03856967 25.78457492 10.68171789 20.88116258 18.75607705 14.53853077 0.00000000 20.01308728 11.59460422 12.77279087 4.97770733 13.66018519
37.76005016 47.24833151 53.21268473 53.33358700 44.30478036 46.27910173 34.53250186 39.23280159 36.77414789 25.96311230 43.54832176 32.70541753 28.46044117 19.62398078 30.49057075 28.30905275 36.70558320 24.13365100 22.62776970 32.46553788 10.40429541 41.93876306 15.83790145 9.39205136 37.16796949 7.20973590 20.01308728 0.00000000 30.00649665 8.95815814 16.86986381 32.07207763
65.95255702 48.03417300 52.80908166 50.42526473 45.09062185 47.06494322 56.86542887 40.01864308 49.14737670 55.09358004 42.10304485 33.49125902 40.52590644 45.81265122 31.26617061 29.23204698 29.01924131 33.45080234 23.41361119 23.06800568 40.03197904 17.88649971 21.25887730 30.87457195 10.85800184 24.53194014 11.59460422 30.00649665 0.00000000 21.23590712 13.20508569 6.96625982
46.33939527 40.78048055 46.74483377 46.86573604 37.83692940 39.81125077 43.11184697 32.76495063 41.89368426 34.54245741 37.08047081 26.23756657 32.15227450 28.20332589 24.02271979 21.84120179 30.23773224 23.00248427 16.15991874 25.99768692 18.98364052 35.42587782 9.47727221 10.27166580 28.39737995 4.40877852 12.77279087 8.95815814 21.23590712 0.00000000 8.03082143 23.30148810
54.25110095 37.56140783 43.52576105 43.64666332 34.61785668 36.59217805 46.39266370 29.54587791 38.67461154 42.45416309 33.86139808 23.01849385 29.91598852 34.65714264 20.80364707 18.62212907 27.01865952 22.29529376 12.94084602 22.77012892 26.89534619 27.39505639 9.24196158 17.76964983 20.36655852 11.43173134 4.97770733 16.86986381 13.20508569 8.03082143 0.00000000 15.27066667
68.01813799 50.09975397 49.78373324 47.39991631 47.15620282 49.13052419 58.93100984 42.08422405 51.21295768 57.15916102 39.07769643 35.55684000 42.59148741 47.87823220 28.82089517 31.29762796 25.99389289 35.51638332 25.47919217 21.76611618 42.09756001 14.86115129 23.32445828 32.94015293 7.83265342 26.59752111 13.66018519 32.07207763 6.96625982 23.30148810 15.27066667 0.00000000
