0.00000000 15.82842712 35.65685425 40.65685425 25.07106781 29.72792206 9.41421356 25.72792206 15.65685425 12.48528137 51.14213562 35.38477631 31.79898987 23.14213562 51.45584412 39.97056275 59.45584412 34.04163056 46.62741700 54.69848481 33.07106781 62.94112550 63.79898987 52.55634919 92.45584412 51.72792206 70.14213562 43.31370850 82.79898987 54.97056275 65.97056275 85.97056275
15.82842712 0.00000000 21.82842712 26.82842712 10.41421356 15.07106781 16.07106781 11.07106781 20.31370850 22.89949494 37.31370850 20.72792206 28.55634919 38.38477631 36.79898987 25.31370850 44.79898987 34.21320344 31.97056275 40.04163056 74.59797975 48.28427125 42.45584412 60.76955262 72.18376618 54.52691193 48.45584412 62.11269837 62.52691193 53.52691193 49.79898987 65.69848481
35.65685425 21.82842712 0.00000000 5.00000000 12.24264069 16.07106781 35.89949494 18.89949494 28.97056275 40.38477631 15.48528137 28.55634919 36.38477631 46.21320344 27.31370850 33.14213562 29.55634919 42.04163056 39.79898987 35.97056275 82.42640687 38.79898987 50.28427125 68.59797975 80.01219331 62.35533906 56.28427125 69.94112550 70.35533906 61.35533906 57.62741700 73.52691193
40.65685425 26.82842712 5.00000000 0.00000000 17.24264069 21.07106781 40.89949494 23.89949494 33.97056275 45.38477631 12.24264069 33.55634919 41.38477631 51.21320344 24.07106781 38.14213562 26.31370850 47.04163056 44.79898987 32.72792206 87.42640687 35.55634919 55.28427125 73.59797975 40.38477631 67.35533906 61.28427125 74.94112550 75.35533906 66.35533906 62.62741700 78.52691193
25.07106781 10.41421356 12.24264069 17.24264069 0.00000000 5.24264069 24.14213562 7.24264069 17.31370850 28.72792206 27.72792206 16.89949494 24.72792206 34.55634919 32.97056275 21.48528137 40.97056275 30.38477631 28.14213562 36.21320344 70.76955262 44.45584412 38.62741700 56.94112550 68.35533906 50.69848481 44.62741700 58.28427125 58.69848481 49.69848481 45.97056275 61.87005769
29.72792206 15.07106781 16.07106781 21.07106781 5.24264069 0.00000000 24.89949494 6.82842712 18.07106781 29.48528137 31.55634919 15.89949494 23.72792206 33.55634919 31.97056275 20.48528137 39.97056275 29.38477631 27.14213562 35.21320344 69.76955262 43.45584412 37.62741700 55.94112550 67.35533906 49.69848481 43.62741700 57.28427125 57.69848481 48.69848481 44.97056275 60.87005769
9.41421356 16.07106781 35.89949494 40.89949494 24.14213562 24.89949494 0.00000000 18.07106781 6.82842712 6.82842712 51.38477631 20.07106781 15.07106781 15.48528137 41.79898987 30.31370850 49.79898987 26.38477631 36.97056275 45.04163056 27.89949494 53.28427125 58.62741700 47.38477631 87.28427125 46.55634919 64.97056275 38.14213562 77.62741700 49.79898987 60.79898987 80.79898987
25.72792206 11.07106781 18.89949494 23.89949494 7.24264069 6.82842712 18.07106781 0.00000000 11.24264069 22.65685425 34.38477631 9.65685425 17.48528137 27.31370850 25.72792206 14.24264069 33.72792206 23.14213562 20.89949494 28.97056275 63.52691193 37.21320344 31.38477631 49.69848481 61.11269837 43.45584412 37.38477631 51.04163056 51.45584412 42.45584412 38.72792206 54.62741700
15.65685425 20.31370850 28.97056275 33.97056275 17.31370850 18.07106781 6.82842712 11.24264069 0.00000000 11.41421356 44.45584412 13.24264069 9.41421356 16.89949494 34.97056275 23.48528137 42.97056275 17.41421356 30.14213562 38.21320344 30.14213562 46.45584412 40.62741700 49.62741700 70.35533906 48.79898987 46.62741700 40.38477631 60.69848481 51.69848481 47.97056275 63.87005769
12.48528137 22.89949494 40.38477631 45.38477631 28.72792206 29.48528137 6.82842712 22.65685425 11.41421356 0.00000000 55.87005769 28.55634919 20.14213562 11.48528137 73.35533906 27.72792206 80.76955262 22.38477631 62.87005769 72.94112550 22.24264069 87.04163056 52.97056275 41.72792206 81.62741700 40.89949494 59.31370850 32.48528137 71.97056275 44.14213562 55.14213562 75.14213562
51.14213562 37.31370850 15.48528137 12.24264069 27.72792206 31.55634919 51.38477631 34.38477631 44.45584412 55.87005769 0.00000000 44.04163056 36.89949494 44.48528137 11.82842712 27.65685425 17.24264069 42.79898987 22.89949494 20.48528137 65.76955262 23.31370850 34.79898987 51.94112550 28.14213562 45.69848481 39.62741700 53.28427125 53.69848481 44.69848481 40.97056275 56.87005769
35.38477631 20.72792206 28.55634919 33.55634919 16.89949494 15.89949494 20.07106781 9.65685425 13.24264069 28.55634919 44.04163056 0.00000000 7.82842712 17.65685425 18.31370850 5.41421356 26.31370850 13.48528137 12.89949494 21.55634919 55.52691193 29.79898987 23.38477631 41.69848481 53.11269837 35.45584412 29.38477631 43.04163056 43.45584412 34.45584412 30.72792206 46.62741700
31.79898987 28.55634919 36.38477631 41.38477631 24.72792206 23.72792206 15.07106781 17.48528137 9.41421356 20.14213562 36.89949494 7.82842712 0.00000000 9.24264069 24.48528137 9.24264069 32.48528137 8.00000000 18.48528137 27.72792206 24.72792206 35.97056275 28.97056275 44.21320344 58.69848481 43.38477631 34.97056275 34.97056275 49.04163056 46.62741700 36.31370850 52.21320344
23.14213562 38.38477631 46.21320344 51.21320344 34.55634919 33.55634919 15.48528137 27.31370850 16.89949494 11.48528137 44.48528137 17.65685425 9.24264069 0.00000000 32.07106781 16.82842712 40.07106781 10.89949494 56.11269837 35.31370850 15.48528137 80.28427125 46.21320344 34.97056275 74.87005769 34.14213562 52.55634919 25.72792206 65.21320344 37.38477631 48.38477631 68.38477631
51.45584412 36.79898987 27.31370850 24.07106781 32.97056275 31.97056275 41.79898987 25.72792206 34.97056275 73.35533906 11.82842712 18.31370850 24.48528137 32.07106781 0.00000000 15.24264069 10.24264069 30.38477631 10.48528137 9.82842712 53.94112550 14.31370850 22.38477631 40.11269837 19.14213562 33.87005769 27.79898987 41.45584412 41.87005769 32.87005769 29.14213562 45.04163056
39.97056275 25.31370850 33.14213562 38.14213562 21.48528137 20.48528137 30.31370850 14.24264069 23.48528137 27.72792206 27.65685425 5.41421356 9.24264069 16.82842712 15.24264069 0.00000000 23.24264069 12.65685425 9.24264069 18.48528137 51.87005769 26.72792206 19.72792206 38.04163056 49.45584412 31.79898987 25.72792206 39.38477631 39.79898987 30.79898987 27.07106781 42.97056275
59.45584412 44.79898987 29.55634919 26.31370850 40.97056275 39.97056275 49.79898987 33.72792206 42.97056275 80.76955262 17.24264069 26.31370850 32.48528137 40.07106781 10.24264069 23.24264069 0.00000000 38.38477631 18.48528137 10.65685425 61.35533906 8.41421356 30.38477631 47.52691193 14.89949494 41.28427125 35.21320344 48.87005769 49.28427125 40.28427125 36.55634919 52.45584412
34.04163056 34.21320344 42.04163056 47.04163056 30.38477631 29.38477631 26.38477631 23.14213562 17.41421356 22.38477631 42.79898987 13.48528137 8.00000000 10.89949494 30.38477631 12.65685425 38.38477631 0.00000000 19.89949494 30.55634919 25.55634919 41.87005769 12.24264069 11.82842712 47.28427125 25.72792206 24.14213562 33.31370850 37.62741700 24.72792206 24.31370850 40.79898987
46.62741700 31.97056275 39.79898987 44.79898987 28.14213562 27.14213562 36.97056275 20.89949494 30.14213562 62.87005769 22.89949494 12.89949494 18.48528137 56.11269837 10.48528137 9.24264069 18.48528137 19.89949494 0.00000000 10.65685425 43.45584412 21.97056275 11.89949494 29.62741700 41.04163056 23.38477631 17.31370850 30.97056275 31.38477631 22.38477631 18.65685425 34.55634919
54.69848481 40.04163056 35.97056275 32.72792206 36.21320344 35.21320344 45.04163056 28.97056275 38.21320344 72.94112550 20.48528137 21.55634919 27.72792206 35.31370850 9.82842712 18.48528137 10.65685425 30.55634919 10.65685425 0.00000000 53.52691193 7.41421356 22.55634919 39.69848481 10.48528137 33.45584412 27.38477631 41.04163056 23.55634919 32.45584412 28.72792206 20.48528137
33.07106781 74.59797975 82.42640687 87.42640687 70.76955262 69.76955262 27.89949494 63.52691193 30.14213562 22.24264069 65.76955262 55.52691193 24.72792206 15.48528137 53.94112550 51.87005769 61.35533906 25.55634919 43.45584412 53.52691193 0.00000000 67.62741700 33.55634919 22.31370850 62.21320344 21.48528137 39.89949494 13.07106781 52.55634919 24.72792206 35.72792206 55.72792206
62.94112550 48.28427125 38.79898987 35.55634919 44.45584412 43.45584412 53.28427125 37.21320344 46.45584412 87.04163056 23.31370850 29.79898987 35.97056275 80.28427125 14.31370850 26.72792206 8.41421356 41.87005769 21.97056275 7.41421356 67.62741700 0.00000000 33.87005769 53.79898987 5.41421356 47.55634919 29.72792206 55.14213562 18.48528137 42.89949494 31.89949494 15.41421356
63.79898987 42.45584412 50.28427125 55.28427125 38.62741700 37.62741700 58.62741700 31.38477631 40.62741700 52.97056275 34.79898987 23.38477631 28.97056275 46.21320344 22.38477631 19.72792206 30.38477631 12.24264069 11.89949494 22.55634919 33.55634919 33.87005769 0.00000000 19.72792206 37.62741700 13.48528137 14.48528137 21.07106781 27.97056275 12.48528137 12.89949494 31.14213562
52.55634919 60.76955262 68.59797975 73.59797975 56.94112550 55.94112550 47.38477631 49.69848481 49.62741700 41.72792206 51.94112550 41.69848481 44.21320344 34.97056275 40.11269837 38.04163056 47.52691193 11.82842712 29.62741700 39.69848481 22.31370850 53.79898987 19.72792206 0.00000000 48.38477631 6.82842712 26.07106781 10.65685425 38.72792206 11.48528137 21.89949494 41.89949494
92.45584412 72.18376618 80.01219331 40.38477631 68.35533906 67.35533906 87.28427125 61.11269837 70.35533906 81.62741700 28.14213562 53.11269837 58.69848481 74.87005769 19.14213562 49.45584412 14.89949494 47.28427125 41.04163056 10.48528137 62.21320344 5.41421356 37.62741700 48.38477631 0.00000000 42.14213562 24.31370850 49.72792206 13.07106781 37.48528137 26.48528137 10.00000000
51.72792206 54.52691193 62.35533906 67.35533906 50.69848481 49.69848481 46.55634919 43.45584412 48.79898987 40.89949494 45.69848481 35.45584412 43.38477631 34.14213562 33.87005769 31.79898987 41.28427125 25.72792206 23.38477631 33.45584412 21.48528137 47.55634919 13.48528137 6.82842712 42.14213562 0.00000000 19.82842712 9.82842712 32.48528137 5.82842712 15.65685425 35.65685425
70.14213562 48.45584412 56.28427125 61.28427125 44.62741700 43.62741700 64.97056275 37.38477631 46.62741700 59.31370850 39.62741700 29.38477631 34.97056275 52.55634919 27.79898987 25.72792206 35.21320344 24.14213562 17.31370850 27.38477631 39.89949494 29.72792206 14.48528137 26.07106781 24.31370850 19.82842712 0.00000000 27.41421356 14.65685425 17.65685425 6.65685425 17.82842712
43.31370850 62.11269837 69.94112550 74.94112550 58.28427125 57.28427125 38.14213562 51.04163056 40.38477631 32.48528137 53.28427125 43.04163056 34.97056275 25.72792206 41.45584412 39.38477631 48.87005769 33.31370850 30.97056275 41.04163056 13.07106781 55.14213562 21.07106781 10.65685425 49.72792206 9.82842712 27.41421356 0.00000000 40.07106781 12.24264069 23.24264069 43.24264069
82.79898987 62.52691193 70.35533906 75.35533906 58.69848481 57.69848481 77.62741700 51.45584412 60.69848481 71.97056275 53.69848481 43.45584412 49.04163056 65.21320344 41.87005769 39.79898987 49.28427125 37.62741700 31.38477631 23.55634919 52.55634919 18.48528137 27.97056275 38.72792206 13.07106781 32.48528137 14.65685425 40.07106781 0.00000000 27.82842712 16.82842712 8.24264069
54.97056275 53.52691193 61.35533906 66.35533906 49.69848481 48.69848481 49.79898987 42.45584412 51.69848481 44.14213562 44.69848481 34.45584412 46.62741700 37.38477631 32.87005769 30.79898987 40.28427125 24.72792206 22.38477631 32.45584412 24.72792206 42.89949494 12.48528137 11.48528137 37.48528137 5.82842712 17.65685425 12.24264069 27.82842712 0.00000000 11.00000000 31.00000000
65.97056275 49.79898987 57.62741700 62.62741700 45.97056275 44.97056275 60.79898987 38.72792206 47.97056275 55.14213562 40.97056275 30.72792206 36.31370850 48.38477631 29.14213562 27.07106781 36.55634919 24.31370850 18.65685425 28.72792206 35.72792206 31.89949494 12.89949494 21.89949494 26.48528137 15.65685425 6.65685425 23.24264069 16.82842712 11.00000000 0.00000000 20.00000000
85.97056275 65.69848481 73.52691193 78.52691193 61.87005769 60.87005769 80.79898987 54.62741700 63.87005769 75.14213562 56.87005769 46.62741700 52.21320344 68.38477631 45.04163056 42.97056275 52.45584412 40.79898987 34.55634919 20.48528137 55.72792206 15.41421356 31.14213562 41.89949494 10.00000000 35.65685425 17.82842712 43.24264069 8.24264069 31.00000000 20.00000000 0.00000000
