0.00000000 38.97186904 47.67018903 49.90018903 42.76356998 59.39666448 16.84227489 43.81170273 32.21165835 25.18047040 58.95646499 56.78284197 49.10914139 30.69943830 73.64297003 64.69489645 80.19141628 58.23214534 67.98634485 86.62838380 38.34982323 102.27661069 50.14543902 52.08206853 61.59300828 44.18111832 52.38458549 39.98744299 60.38084053 45.64022041 49.14522041 58.41522041
38.97186904 0.00000000 9.77838095 12.00838095 4.55376154 20.63886615 37.75357970 5.05390440 29.07057141 67.91004035 21.06465692 18.02504364 47.83077703 63.50217493 34.88517170 25.93709812 41.43361795 60.68748768 29.22854652 47.87058546 52.36360495 63.51881236 34.69915619 50.61726981 49.09154867 40.10891845 37.49986686 43.77595380 47.87938093 39.59598951 37.43188130 45.91376080
47.67018903 9.77838095 0.00000000 2.23000000 5.58877200 21.34729760 46.78131093 8.93483369 33.30151117 75.36581707 11.28627596 21.90597293 51.71170632 67.38310422 39.20435388 29.81802741 41.38861615 64.56841697 33.10947581 51.96761469 56.24453424 66.46495847 38.58008548 54.49819910 52.97247796 43.98984774 41.38079615 47.65688309 51.76031022 43.47691881 41.31281059 49.79469009
49.90018903 12.00838095 2.23000000 0.00000000 7.81877200 23.57729760 49.01131093 11.16483369 35.53151117 77.59581707 9.74738203 24.13597293 53.94170632 69.61310422 37.66545994 32.04802741 39.84972222 66.79841697 35.33947581 50.42872075 58.47453424 64.92606453 40.81008548 56.72819910 76.09136503 46.21984774 43.61079615 49.88688309 53.99031022 45.70691881 43.54281059 52.02469009
42.76356998 4.55376154 5.58877200 7.81877200 0.00000000 16.01308404 42.59798916 3.19469083 27.56136831 69.62567422 16.87504797 16.16583007 45.97156347 61.64296136 33.02595813 24.07788455 39.57440438 58.82827412 27.36933296 46.01137190 50.50439139 61.65959880 32.83994262 48.75805625 47.23233511 38.24970488 35.64065330 41.91674024 46.02016736 37.73677595 35.57266773 44.05454724
59.39666448 20.63886615 21.34729760 23.57729760 16.01308404 0.00000000 57.61375213 18.44202848 42.57713129 84.64143720 32.63357357 31.39613237 61.20186576 76.87326366 48.25626043 39.30818685 54.80470668 74.05857641 42.59963525 61.24167420 65.73469368 76.88990109 48.07024492 63.98835854 62.46263741 53.48000718 50.87095560 57.14704253 61.25046966 52.96707825 50.80297003 59.28484953
16.84227489 37.75357970 46.78131093 49.01131093 42.59798916 57.61375213 0.00000000 39.17172365 15.03662084 30.15646066 58.06758690 53.93289248 49.23590329 33.78661831 68.34890978 59.40083620 74.89735603 61.31932534 62.69228460 81.33432355 43.10479110 96.98255044 54.90040690 56.83703641 66.34797616 48.93608619 57.13955337 44.74241087 65.13580841 50.39518828 53.90018828 63.17018828
43.81170273 5.05390440 8.93483369 11.16483369 3.19469083 18.44202848 39.17172365 0.00000000 24.13510281 66.19940872 20.22110965 12.97113924 42.77687263 58.44827053 29.83126730 20.88319372 36.37971355 55.63358328 24.17464212 42.81668107 47.30970055 58.46490796 29.64525179 45.56336541 44.03764428 35.05501405 32.44596247 38.72204940 42.82547653 34.54208512 32.37797690 40.85985640
32.21165835 29.07057141 33.30151117 35.53151117 27.56136831 42.57713129 15.03662084 24.13510281 0.00000000 42.06430591 44.58778713 38.89627163 33.22966558 38.02087371 53.31228894 44.36421536 59.86073519 53.23466558 47.65566376 66.29770270 47.78497580 81.94592960 53.12627343 61.51722110 67.51866591 53.61627089 55.92698410 49.42259556 66.30649817 58.02310676 55.85899854 64.34087804
25.18047040 67.91004035 75.36581707 77.59581707 69.62567422 84.64143720 30.15646066 66.19940872 42.06430591 0.00000000 86.65209304 55.59954470 28.20801441 9.79831132 41.46917277 53.41703894 48.15762948 37.33101836 33.91737949 54.68293178 17.84284884 59.22025792 29.63846463 31.57509414 41.08603389 23.67414393 31.87761110 19.48046861 39.87386615 25.13324602 28.63824602 37.90824602
58.95646499 21.06465692 11.28627596 9.74738203 16.87504797 32.63357357 58.06758690 20.22110965 44.58778713 86.65209304 0.00000000 33.19224889 68.18998880 82.74618541 27.91807791 39.45155988 33.42344805 64.20302920 32.59533188 40.68133873 55.82445235 55.17868250 38.08288635 54.07811722 66.34398300 43.56976585 40.96071427 47.23680121 51.34022833 43.05683692 40.89272870 49.37460820
56.78284197 18.02504364 21.90597293 24.13597293 16.16583007 31.39613237 53.93289248 12.97113924 38.89627163 55.59954470 33.19224889 0.00000000 29.80573339 45.47713129 20.34495308 11.54667568 26.89339933 42.66244405 14.38347509 33.33036685 37.49156959 48.97859374 19.82712083 35.74523446 34.21951332 25.23688309 22.62783151 28.90391845 33.00734557 24.72395416 22.55984594 31.04172545
49.10914139 47.83077703 51.71170632 53.94170632 45.97156347 61.20186576 49.23590329 42.77687263 33.22966558 28.20801441 68.18998880 29.80573339 0.00000000 18.08560100 42.98266340 28.73842892 49.53110965 20.00500000 36.78539897 55.94019874 28.70369371 71.61630406 42.22904471 42.43593901 56.62143720 34.53498880 45.02975539 30.34131347 55.40926945 35.99409089 44.96176982 53.44364933
30.69943830 63.50217493 67.38310422 69.61310422 61.64296136 76.87326366 33.78661831 58.44827053 38.02087371 9.79831132 82.74618541 45.47713129 18.08560100 0.00000000 57.53886002 43.29462554 64.08730627 27.53270704 26.69711037 70.49639536 10.62257972 51.99998880 22.41819551 24.35482502 33.86576477 16.45387481 24.65734198 12.26019949 32.65359703 17.91297690 21.41797690 30.68797690
73.64297003 34.88517170 39.20435388 37.66545994 33.02595813 48.25626043 68.34890978 29.83126730 53.31228894 41.46917277 27.91807791 20.34495308 42.98266340 57.53886002 0.00000000 14.24423448 10.71003138 39.15949060 7.55179328 19.10510714 30.47711650 32.68651475 13.03934775 28.73078136 43.85181525 18.22243000 15.61337841 21.88946535 25.99289248 17.70950106 15.54539285 24.02727235
64.69489645 25.93709812 29.81802741 32.04802741 24.07788455 39.30818685 59.40083620 20.88319372 44.36421536 53.41703894 39.45155988 11.54667568 28.73842892 43.29462554 14.24423448 0.00000000 20.79268073 40.47993829 8.04697006 27.20176982 31.15506456 42.87787514 13.49061579 29.40872942 27.88300828 18.90037805 16.29132647 22.56741341 26.67084053 18.38744912 16.22334091 24.70522041
80.19141628 41.43361795 41.38861615 39.84972222 39.57440438 54.80470668 74.89735603 36.37971355 59.86073519 48.15762948 33.42344805 26.89339933 49.53110965 64.08730627 10.71003138 20.79268073 0.00000000 45.54415006 13.93645274 19.35085533 37.16557321 29.78386868 19.42400720 35.41923807 46.76251547 24.91088671 22.30183512 28.57792206 32.68134919 24.39795777 22.23384956 30.71572906
58.23214534 60.68748768 64.56841697 66.79841697 58.82827412 74.05857641 61.31932534 55.63358328 53.23466558 37.33101836 64.20302920 42.66244405 20.00500000 27.53270704 39.15949060 40.47993829 45.54415006 0.00000000 31.60769732 52.18844730 37.68946894 67.62934447 27.98690476 43.11624638 44.70916665 34.37862661 33.40452019 38.04566197 43.49699890 33.87841846 32.25056529 41.53137877
67.98634485 29.22854652 33.10947581 35.33947581 27.36933296 42.59963525 62.69228460 24.17464212 47.65566376 33.91737949 32.59533188 14.38347509 36.78539897 26.69711037 7.55179328 8.04697006 13.93645274 31.60769732 0.00000000 20.58074998 22.92532322 36.02164715 5.48755447 21.17898808 19.65326694 10.67063671 8.06158513 14.33767207 18.44109919 10.15770778 7.99359956 16.47547907
86.62838380 47.87058546 51.96761469 50.42872075 46.01137190 61.24167420 81.33432355 42.81668107 66.29770270 54.68293178 40.68133873 33.33036685 55.94019874 70.49639536 19.10510714 27.20176982 19.35085533 52.18844730 20.58074998 0.00000000 43.69087550 27.62637698 26.06830445 41.94454037 36.14771317 31.43618900 28.82713742 35.10322436 45.71222723 30.92326007 28.75915185 40.68771317
38.34982323 52.36360495 56.24453424 58.47453424 50.50439139 65.73469368 43.10479110 47.30970055 47.78497580 17.84284884 55.82445235 37.49156959 28.70369371 10.62257972 30.47711650 31.15506456 37.16557321 37.68946894 22.92532322 43.69087550 0.00000000 48.22820164 18.64640836 20.58303787 30.09397762 12.68208766 20.88555483 8.48841233 28.88180987 14.14118974 17.64618974 26.91618974
102.27661069 63.51881236 66.46495847 64.92606453 61.65959880 76.88990109 96.98255044 58.46490796 81.94592960 59.22025792 55.17868250 48.97859374 71.61630406 51.99998880 32.68651475 42.87787514 29.78386868 67.62934447 36.02164715 27.62637698 48.22820164 0.00000000 41.50920162 47.23132827 18.13422402 36.72297690 29.72294119 39.64055049 27.69873808 34.08701190 30.58201190 22.67422402
50.14543902 34.69915619 38.58008548 40.81008548 32.83994262 48.07024492 54.90040690 29.64525179 53.12627343 29.63846463 38.08288635 19.82712083 42.22904471 22.41819551 13.03934775 13.49061579 19.42400720 27.98690476 5.48755447 26.06830445 18.64640836 41.50920162 0.00000000 16.90007322 17.48325648 6.39172186 6.31038672 10.05875721 16.27108873 5.89151370 4.66402633 14.30546861
52.08206853 50.61726981 54.49819910 56.72819910 48.75805625 63.98835854 56.83703641 45.56336541 61.51722110 31.57509414 54.07811722 35.74523446 42.43593901 24.35482502 28.73078136 29.40872942 35.41923807 43.11624638 21.17898808 41.94454037 20.58303787 47.23132827 16.90007322 0.00000000 29.09710424 10.57538672 19.13921969 12.33504184 27.88493650 12.84703715 16.64931637 25.91931637
61.59300828 49.09154867 52.97247796 76.09136503 47.23233511 62.46263741 66.34797616 44.03764428 67.51866591 41.08603389 66.34398300 34.21951332 56.62143720 33.86576477 43.85181525 27.88300828 46.76251547 44.70916665 19.65326694 36.14771317 30.09397762 18.13422402 17.48325648 29.09710424 0.00000000 18.58875288 11.58871716 21.50632647 9.56451406 15.95278787 12.44778787 4.54000000
44.18111832 40.10891845 43.98984774 46.21984774 38.24970488 53.48000718 48.93608619 35.05501405 53.61627089 23.67414393 43.56976585 25.23688309 34.53498880 16.45387481 18.22243000 18.90037805 24.91088671 34.37862661 10.67063671 31.43618900 12.68208766 36.72297690 6.39172186 10.57538672 18.58875288 0.00000000 8.63086832 4.50036580 17.37658513 2.62572114 6.14096500 15.41096500
52.38458549 37.49986686 41.38079615 43.61079615 35.64065330 50.87095560 57.13955337 32.44596247 55.92698410 31.87761110 40.96071427 22.62783151 45.02975539 24.65734198 15.61337841 16.29132647 22.30183512 33.40452019 8.06158513 28.82713742 20.88555483 29.72294119 6.31038672 19.13921969 11.58871716 8.63086832 0.00000000 12.29790368 10.37654942 6.25261977 2.63087878 8.41092929
39.98744299 43.77595380 47.65688309 49.88688309 41.91674024 57.14704253 44.74241087 38.72204940 49.42259556 19.48046861 47.23680121 28.90391845 30.34131347 12.26019949 21.88946535 22.56741341 28.57792206 38.04566197 14.33767207 35.10322436 8.48841233 39.64055049 10.05875721 12.33504184 21.50632647 4.50036580 12.29790368 0.00000000 20.29415872 5.55353860 9.05853860 18.32853860
60.38084053 47.87938093 51.76031022 53.99031022 46.02016736 61.25046966 65.13580841 42.82547653 66.30649817 39.87386615 51.34022833 33.00734557 55.40926945 32.65359703 25.99289248 26.67084053 32.68134919 43.49699890 18.44109919 45.71222723 28.88180987 27.69873808 16.27108873 27.88493650 9.56451406 17.37658513 10.37654942 20.29415872 0.00000000 14.74062013 11.23562013 7.12402633
45.64022041 39.59598951 43.47691881 45.70691881 37.73677595 52.96707825 50.39518828 34.54208512 58.02310676 25.13324602 43.05683692 24.72395416 35.99409089 17.91297690 17.70950106 18.38744912 24.39795777 33.87841846 10.15770778 30.92326007 14.14118974 34.08701190 5.89151370 12.84703715 15.95278787 2.62572114 6.25261977 5.55353860 14.74062013 0.00000000 3.50500000 12.77500000
49.14522041 37.43188130 41.31281059 43.54281059 35.57266773 50.80297003 53.90018828 32.37797690 55.85899854 28.63824602 40.89272870 22.55984594 44.96176982 21.41797690 15.54539285 16.22334091 22.23384956 32.25056529 7.99359956 28.75915185 17.64618974 30.58201190 4.66402633 16.64931637 12.44778787 6.14096500 2.63087878 9.05853860 11.23562013 3.50500000 0.00000000 9.27000000
58.41522041 45.91376080 49.79469009 52.02469009 44.05454724 59.28484953 63.17018828 40.85985640 64.34087804 37.90824602 49.37460820 31.04172545 53.44364933 30.68797690 24.02727235 24.70522041 30.71572906 41.53137877 16.47547907 40.68771317 26.91618974 22.67422402 14.30546861 25.91931637 4.54000000 15.41096500 8.41092929 18.32853860 7.12402633 12.77500000 9.27000000 0.00000000
