0.00000000 25.78155101 37.56658304 40.44170209 31.06140170 40.71675833 12.18149236 31.40529930 22.29328826 17.46756497 48.47596359 40.82408533 35.72389105 23.92198323 54.42468115 46.15643776 60.30890209 41.27379574 49.81176691 61.61353214 32.15129068 72.31130735 49.12307333 46.05439718 65.49794690 41.76418333 52.06705938 36.76320139 61.21635999 43.56031500 49.34263643 61.39430310
25.78032549 0.00000000 12.85685293 15.73197198 6.01221719 15.52306544 25.10819715 6.21038089 21.61962141 42.76726329 23.76623348 15.62916692 32.88056175 43.66478884 29.23098826 20.96151935 35.11520920 41.40353793 24.61684850 36.41861374 50.97207100 47.11761446 30.81283058 45.43929152 48.75577772 37.81694650 34.14960106 42.11587769 44.47419081 36.97971284 34.20191965 44.65213391
37.56658304 12.85685293 0.00000000 2.87511905 7.21595631 16.49381875 36.91349971 10.99358672 26.82636060 52.19477581 10.90938055 20.41237274 37.66376758 48.44799466 29.47896413 25.74472517 31.38742680 46.18674375 29.40005432 38.42433141 55.75527682 46.59309725 35.59603640 50.22249734 53.53898354 42.60015232 38.93280688 46.89908351 49.25739663 41.76291866 38.98512547 49.43533974
40.44170209 15.73197198 2.87511905 0.00000000 10.09107536 19.36893779 39.78861875 13.86870576 29.70147965 55.06989485 9.03668764 23.28749179 40.53888662 51.32311371 27.60627122 28.61984422 29.51473389 49.06186280 32.27517337 36.55163851 58.63039587 44.72040435 38.47115545 53.09761639 52.08645349 45.47527137 41.80792592 49.77420256 52.13251568 44.63803771 41.86024452 52.31045878
31.06262722 6.01221719 7.21595631 10.09107536 0.00000000 9.89827776 29.87087797 3.85759381 19.69036769 45.05878290 18.12533685 13.27637984 30.52777467 41.31200176 26.87820118 18.60873227 32.76242212 39.05075085 22.26406142 34.06565407 48.61928392 44.76482738 28.46004350 43.08650444 46.40299064 35.46415942 31.79681397 39.76309061 42.12140373 34.62692576 31.84913257 42.29934683
40.71798385 15.52306544 16.49381875 19.36893779 9.89827776 0.00000000 37.90480664 11.69010752 27.72429636 53.09271157 27.40319929 20.93107504 38.18246987 48.96669696 34.53289638 26.26342747 40.41711732 46.70544605 29.91875662 41.72052186 56.27397912 52.41952258 36.11473870 50.74119964 54.05768584 43.11885462 39.45150918 47.41778581 49.77609893 42.28162096 39.50382777 49.95404203
12.18149236 25.10819715 36.91349971 39.78861875 29.87087797 37.90480664 0.00000000 26.21469912 10.18051028 17.65906614 47.82288025 34.18221197 29.90682085 22.34885725 48.30826590 40.03879698 54.19248684 39.70066976 43.69412614 55.49589137 31.90170460 66.19489210 48.87348725 45.80481111 65.24836083 41.51459725 51.81747330 36.51361531 60.96677392 43.31072893 49.09305035 61.14471702
31.40529930 6.21038089 10.99358672 13.86870576 3.85759381 11.69010752 26.21469912 0.00000000 16.03418884 41.40260405 21.90296726 9.41878603 26.67018086 37.45440795 23.02060737 14.75113845 28.90482831 35.19315703 18.40646761 30.20823284 44.76169011 40.90723356 24.60244968 39.22891062 42.54539683 31.60656560 27.93922016 35.90549679 38.26380992 30.76933195 27.99153876 38.44175302
22.29328826 21.61962141 26.82636060 29.70147965 19.69036769 27.72429636 10.18051028 16.03418884 0.00000000 25.36841521 37.73574114 24.00170169 19.74510596 24.96739251 38.12775562 29.85828671 44.01197656 32.49639618 33.51361586 45.31538109 34.94354413 56.01438182 39.70959794 48.84665064 57.65254508 44.55643678 43.04636841 39.55545484 53.37095817 45.87648020 43.09868701 53.54890127
17.46756497 42.76726329 52.19477581 55.06989485 45.05878290 53.09271157 17.65906614 41.40260405 25.36841521 0.00000000 63.10415635 36.87248812 20.65245890 8.85055109 46.83483454 35.53329636 52.56778563 26.20236359 39.58774561 52.99184210 17.49814758 61.92355697 34.46612623 31.40125409 50.84099981 27.11104023 37.41011228 22.11005830 46.55941290 28.90336790 34.68568933 46.73735600
48.47596359 23.76623348 10.90938055 9.03668764 18.12533685 27.40319929 47.82288025 21.90296726 37.73574114 63.10415635 0.00000000 31.32175329 46.44375919 55.99759343 18.56958359 29.30116327 22.97485219 47.22965764 24.38819449 27.51495087 50.87637816 35.68371671 31.03005097 45.34359867 43.04976586 37.72125365 34.05390821 42.02018484 44.37849797 36.88402000 34.10622681 44.55644107
40.82408533 15.62916692 20.41237274 23.28749179 13.27637984 20.93107504 34.18221197 9.41878603 24.00170169 36.87248812 31.32175329 0.00000000 17.25139483 28.03562192 16.00388813 7.39801858 21.88810907 25.77437101 11.06158603 23.19151360 37.41266049 33.89051432 17.25722407 31.88368501 35.20017122 24.26133999 20.59399455 28.56027118 30.91858431 23.42410634 20.64631315 31.09652741
35.72389105 32.88056175 37.66376758 40.53888662 30.52777467 38.18246987 29.90682085 26.67018086 19.74510596 20.65245890 46.44375919 17.25139483 0.00000000 11.81559271 29.17522107 17.14259592 35.05944201 12.75129022 23.93928982 36.28948191 22.78613338 47.06184727 30.13492787 36.68923988 48.07787501 32.39902603 33.47169835 27.39804409 43.79628810 34.19135370 33.52401694 43.97423120
23.92198323 43.66478884 48.44799466 51.32311371 41.31200176 48.96669696 22.34885725 37.45440795 24.96739251 8.85055109 55.99759343 28.03562192 11.81559271 0.00000000 38.72905531 26.69643016 44.61327625 17.35181251 33.06618621 45.84331615 10.97278418 55.40199757 27.94456683 24.87589069 44.31944040 20.58567683 30.88855288 15.58469489 40.03785350 22.38180850 28.16412993 40.21579660
54.42590667 29.23098826 29.47896413 27.60627122 26.87820118 34.53289638 48.30826590 23.02060737 38.12775562 46.83483454 18.56958359 16.00388813 29.17522107 38.72905531 0.00000000 12.03262515 8.88399461 30.08855207 7.24708892 12.81188223 33.75530588 21.03509649 13.88894540 28.22633040 28.40114564 20.60398538 16.93663994 24.90291657 27.26122970 19.76675173 16.98895854 27.43917280
46.15643776 20.96151935 25.74472517 28.61984422 18.60873227 26.26342747 40.04476653 14.75113845 29.86425625 35.53329636 29.30116327 7.39801858 17.14259592 26.69643016 12.03262515 0.00000000 17.91684609 24.43517925 6.79669390 19.14688599 33.14776837 29.91925135 12.99233195 27.61879289 30.93527909 19.99644787 16.32910242 24.29537906 26.65369218 19.15921421 16.38142102 26.83163528
60.31012761 35.11520920 31.38742680 29.51473389 32.76242212 40.41711732 54.19845639 28.90482831 44.01794611 52.56778563 22.97485219 21.88810907 35.05944201 44.61327625 8.88399461 17.91684609 0.00000000 35.84534046 13.00387731 12.96295427 39.48825697 17.76526490 19.64573379 33.95928149 28.39972272 26.33693647 22.66959103 30.63586766 32.99418079 25.49970282 22.72190963 33.17212389
41.27379574 41.40353793 46.18674375 49.06186280 39.05075085 46.70544605 39.70066976 35.19315703 32.49639618 26.20236359 47.22965764 25.77437101 12.75129022 17.35181251 30.08855207 24.43517925 35.84534046 0.00000000 22.84146315 36.32889441 27.84315964 47.84774572 18.76659253 26.25785689 39.83974379 27.00186960 25.51632395 31.30080079 35.55815689 26.26573444 24.87280733 35.73609999
49.81176691 24.61684850 29.40005432 32.27517337 22.26406142 29.91875662 43.69412614 18.40646761 33.51361586 39.58774561 24.38819449 11.06158603 23.93928982 33.06238221 7.24708892 6.79669390 13.00387731 22.84146315 0.00000000 13.48743127 26.50821696 25.00628257 6.64185648 20.97924148 24.29572768 13.35689646 9.68955102 17.65582765 20.01414078 12.51966280 9.74186962 20.19208388
61.61335956 36.41844115 38.42433141 36.55163851 34.06565407 41.72034927 55.49571878 30.20806025 45.31520851 52.99184210 27.51495087 23.19134101 36.28948191 45.84331615 12.81188223 19.14688599 12.96295427 36.32889441 13.48743127 0.00000000 39.91231345 16.10120256 20.12928774 34.38333797 21.63219230 26.76099295 23.09364751 31.05992414 31.43822802 25.92375929 23.14596610 27.82684572
32.15129068 50.97207100 55.75527682 58.63039587 48.61928392 56.27397912 31.90170460 44.76169011 34.94354413 17.49814758 50.87637816 37.41646450 22.78613338 10.97278418 33.75910989 33.15157237 39.49206098 27.84315964 26.51202097 39.91611745 0.00000000 48.84783232 21.39040158 18.32172544 37.76527516 14.03151158 24.33438763 9.03052964 33.48368825 15.82764326 21.60996468 33.66163135
72.31253287 47.11761446 46.59309725 44.72040435 44.76482738 52.41952258 66.20086164 40.90723356 56.02035137 61.92736097 35.68371671 33.89051432 47.06184727 55.40199757 21.03509649 29.91925135 17.76526490 47.84774572 25.00628257 16.10120256 48.84783232 0.00000000 31.64813905 43.43399369 11.08255716 35.81636200 26.02113681 39.99163901 20.88859288 33.02018907 27.23786764 17.27721059
49.12307333 30.81283058 35.59603640 38.47115545 28.46004350 36.11473870 48.87348725 24.60244968 39.70959794 34.46993023 31.03005097 17.25722407 30.13492787 27.94456683 13.88894540 12.99233195 19.64573379 18.76659253 6.64185648 20.12928774 21.39040158 31.64813905 0.00000000 15.85762210 22.37710198 8.23527708 8.22924949 12.53420827 18.09551507 7.49914191 6.78188748 18.27345817
46.05439718 45.43929152 50.22249734 53.09761639 43.08650444 50.74119964 45.80481111 39.22891062 48.84665064 31.40125409 45.34359867 31.88368501 36.68923988 24.87589069 28.22633040 27.61879289 33.95928149 26.25785689 20.97924148 34.38333797 18.32172544 43.43399369 15.85762210 0.00000000 32.35143653 7.92968591 18.80160815 9.89550764 28.06984962 10.68019253 16.19612606 28.24779272
65.49414290 48.75577772 53.53898354 52.08645349 46.40299064 54.05768584 65.24455682 42.54539683 57.65851463 50.84099981 43.04976586 35.20017122 48.07787501 44.31563640 28.40114564 30.93527909 28.39972272 39.83974379 24.29572768 21.63219230 37.76147115 11.08255716 22.37710198 32.35143653 0.00000000 24.73380483 14.93857965 28.90908184 9.80603572 21.93763190 16.15531047 6.19465342
41.76418333 37.81694650 42.60015232 45.47527137 35.46415942 43.11885462 41.51459725 31.60656560 44.55643678 27.11104023 37.72125365 24.26133999 32.39902603 20.58567683 20.60398538 19.99644787 26.33693647 27.00186960 13.35689646 26.76099295 14.03151158 35.81636200 8.23527708 7.92968591 24.73380483 0.00000000 11.17926313 5.61131750 20.45221793 3.44796673 8.57849436 20.63016103
52.06705938 34.14960106 38.93280688 41.80792592 31.79681397 39.45150918 51.81747330 27.93922016 43.05233796 37.41391629 34.05390821 20.59399455 33.47169835 30.88855288 16.93663994 16.32910242 22.66959103 25.51632395 9.68955102 23.09364751 24.33438763 26.02113681 8.22924949 18.80160815 14.93857965 11.17926313 0.00000000 15.47819432 10.65699274 9.41538935 3.77367892 10.83493584
36.76320139 42.11587769 46.89908351 49.77420256 39.76309061 47.41778581 36.51361531 35.90549679 39.55545484 22.11005830 42.02018484 28.56027118 27.39804409 15.58469489 24.90291657 24.29537906 30.63586766 31.30080079 17.65582765 31.05992414 9.03052964 39.99163901 12.53420827 9.89550764 28.90908184 5.61131750 15.47819432 0.00000000 24.62749494 6.97144994 12.75377137 24.80543804
61.21255599 44.47419081 49.25739663 52.13251568 42.12140373 49.77609893 60.96296992 38.26380992 53.37692772 46.55941290 44.37849797 30.91858431 43.79628810 40.03404949 27.26122970 26.65369218 32.99418079 35.55815689 20.01414078 31.43822802 33.47988425 20.88859288 18.09551507 28.06984962 9.80603572 20.45221793 10.65699274 24.62749494 0.00000000 17.65604499 11.87372357 6.63067551
43.56031500 36.97971284 41.76291866 44.63803771 34.62692576 42.28162096 43.31072893 30.76933195 45.87648020 28.90717191 36.88402000 23.42410634 34.19515770 22.38180850 19.76675173 19.15921421 25.49970282 26.26573444 12.51966280 25.92375929 15.82764326 33.02018907 7.49914191 10.68019253 21.93763190 3.44796673 9.41538935 6.97144994 17.65604499 0.00000000 5.78232143 17.83398810
49.34263643 34.20191965 38.98512547 41.86024452 31.84913257 39.50382777 49.09305035 27.99153876 43.09868701 34.68949334 34.10622681 20.64631315 33.52401694 28.16412993 16.98895854 16.38142102 22.72190963 24.87280733 9.74186962 23.14596610 21.60996468 27.23786764 6.78188748 16.19612606 16.15531047 8.57849436 3.77367892 12.75377137 11.87372357 5.78232143 0.00000000 12.05166667
61.39049909 44.65213391 49.43533974 52.31045878 42.29934683 49.95404203 61.14091302 38.44175302 53.55487082 46.73735600 44.55644107 31.09652741 43.97423120 40.21199259 27.43917280 26.83163528 33.17212389 35.73609999 20.19208388 27.82684572 33.65782735 17.27721059 18.27345817 28.24779272 6.19465342 20.63016103 10.83493584 24.80543804 6.63067551 17.83398810 12.05166667 0.00000000
