0.00000000 129.15432893 68.55634919 56.69848481 33.87005769 43.28427125 51.59797975 169.58073580 68.28427125 87.74011537 121.45584412 107.35533906 104.63961031 83.76955262 86.52691193 126.19595949 175.68124087 131.78174593 209.33809512 147.92388155 159.16652224 164.23759005 166.50966799 191.20815280 174.55129855 206.79393924 206.48023074 251.32085117 229.30865787 230.37972568 261.24978336 238.72287143
129.15432893 0.00000000 197.71067812 72.45584412 161.36753237 123.32590181 179.09545443 74.52691193 144.52691193 209.23759005 250.61017306 108.76955262 123.08326112 205.26702730 176.81118318 247.69343418 199.62236636 253.27922061 114.28427125 142.56854249 280.66399692 217.55129855 173.19595949 206.96551211 251.17871555 211.72287143 327.97770542 208.22539674 234.82337649 299.87720036 218.15432893 244.23759005
68.55634919 197.71067812 0.00000000 125.25483400 48.38477631 84.76955262 64.69848481 175.66904756 104.84062043 77.76955262 65.28427125 143.91168825 141.19595949 132.02438662 122.49747468 122.22539674 180.43860018 136.53910524 220.13708499 184.48023074 156.85281374 168.99494937 203.06601718 195.96551211 179.30865787 254.62236636 204.16652224 330.22034611 275.52186130 235.13708499 337.01933598 289.03657993
56.69848481 72.45584412 125.25483400 0.00000000 88.91168825 50.87005769 106.63961031 112.88225099 89.87005769 136.78174593 178.15432893 147.12489168 126.22539674 132.81118318 110.59797975 175.23759005 224.72287143 180.82337649 152.63961031 180.92388155 208.20815280 213.27922061 211.55129855 245.32085117 223.59292911 250.07821049 255.52186130 246.58073580 273.17871555 279.42135624 256.50966799 282.59292911
33.87005769 161.36753237 48.38477631 88.91168825 0.00000000 36.38477631 17.72792206 127.28427125 56.45584412 59.62741700 98.21320344 95.52691193 92.81118318 58.14213562 74.11269837 97.49747468 147.56854249 103.66904756 171.75230868 136.09545443 130.46803743 136.12489168 154.68124087 163.09545443 146.43860018 194.96551211 177.78174593 239.49242405 217.48023074 202.26702730 249.42135624 226.89444430
43.28427125 123.32590181 84.76955262 50.87005769 36.38477631 0.00000000 46.79898987 112.31370850 41.48528137 76.35533906 105.76955262 80.55634919 77.84062043 72.38477631 62.21320344 114.81118318 164.29646456 120.39696962 156.78174593 121.12489168 147.78174593 152.85281374 139.71067812 169.68124087 163.16652224 179.99494937 195.09545443 224.52186130 202.50966799 218.99494937 234.45079349 211.92388155
51.59797975 179.09545443 64.69848481 106.63961031 17.72792206 46.79898987 0.00000000 137.69848481 66.87005769 48.62741700 78.04163056 105.94112550 103.22539674 47.14213562 84.52691193 86.49747468 136.56854249 92.66904756 182.16652224 146.50966799 119.46803743 125.12489168 165.09545443 152.09545443 135.43860018 210.75230868 166.78174593 249.90663761 231.65180362 191.26702730 259.83556980 245.16652224
169.58073580 74.52691193 175.66904756 112.88225099 127.28427125 112.31370850 137.69848481 0.00000000 70.82842712 165.84062043 195.25483400 35.89949494 62.21320344 161.87005769 114.76955262 217.89444430 138.75230868 178.50966799 66.62741700 81.69848481 209.30865787 156.68124087 112.32590181 146.09545443 190.30865787 150.85281374 243.73506474 160.56854249 173.36753237 239.00714267 170.49747468 182.78174593
68.28427125 144.52691193 104.84062043 89.87005769 56.45584412 41.48528137 66.87005769 70.82842712 0.00000000 95.01219331 124.42640687 39.89949494 41.87005769 91.04163056 48.87005769 133.46803743 128.12489168 139.05382387 118.46803743 86.91168825 166.43860018 146.05382387 105.49747468 135.46803743 181.82337649 145.78174593 213.75230868 190.30865787 168.29646456 233.93607486 200.23759005 177.71067812
87.74011537 209.23759005 77.76955262 136.78174593 59.62741700 76.35533906 48.62741700 165.84062043 95.01219331 0.00000000 31.07106781 134.08326112 131.36753237 55.38477631 113.25483400 56.11269837 108.52691193 64.62741700 210.30865787 176.32590181 89.08326112 97.08326112 195.53910524 124.05382387 107.39696962 182.71067812 136.39696962 258.30865787 203.61017306 163.22539674 265.10764774 217.12489168
121.45584412 250.61017306 65.28427125 178.15432893 98.21320344 105.76955262 78.04163056 195.25483400 124.42640687 31.07106781 0.00000000 163.49747468 160.78174593 73.18376618 142.66904756 63.38477631 121.59797975 77.69848481 263.27922061 189.39696962 98.01219331 110.15432893 208.61017306 137.12489168 120.46803743 195.78174593 145.32590181 271.37972568 216.68124087 176.29646456 278.17871555 230.19595949
107.35533906 108.76955262 143.91168825 147.12489168 95.52691193 80.55634919 105.94112550 35.89949494 39.89949494 134.08326112 163.49747468 0.00000000 49.38477631 130.11269837 81.35533906 172.53910524 137.98275606 177.74011537 92.66904756 96.76955262 208.53910524 155.91168825 115.35533906 145.32590181 189.53910524 155.63961031 242.96551211 186.61017306 178.15432893 243.79393924 196.53910524 187.56854249
104.63961031 123.08326112 141.19595949 126.22539674 92.81118318 77.84062043 103.22539674 62.21320344 41.87005769 131.36753237 160.78174593 49.38477631 0.00000000 127.39696962 53.72792206 168.56854249 89.42640687 129.18376618 78.94112550 48.21320344 159.98275606 107.35533906 66.79898987 96.76955262 140.98275606 107.08326112 194.40916293 151.61017306 129.59797975 195.23759005 161.53910524 139.01219331
83.76955262 205.26702730 132.02438662 132.81118318 58.14213562 72.38477631 47.14213562 161.87005769 91.04163056 55.38477631 73.18376618 130.11269837 127.39696962 0.00000000 109.28427125 55.31370850 100.69848481 56.79898987 242.37972568 168.49747468 83.01219331 89.25483400 187.71067812 116.22539674 99.56854249 174.88225099 130.32590181 250.48023074 195.78174593 155.39696962 257.27922061 209.29646456
86.52691193 176.81118318 122.49747468 110.59797975 74.11269837 62.21320344 84.52691193 114.76955262 48.87005769 113.25483400 142.66904756 81.35533906 53.72792206 109.28427125 0.00000000 151.71067812 118.66904756 158.42640687 131.01219331 84.87005769 184.68124087 136.59797975 99.35533906 126.01219331 170.22539674 139.63961031 223.65180362 188.26702730 162.15432893 227.79393924 198.19595949 171.56854249
126.19595949 247.69343418 122.22539674 175.23759005 97.49747468 114.81118318 86.49747468 217.89444430 133.46803743 56.11269837 63.38477631 172.53910524 168.56854249 55.31370850 151.71067812 0.00000000 83.28427125 39.38477631 224.96551211 151.08326112 37.65685425 70.08326112 170.29646456 97.05382387 80.39696962 157.46803743 84.97056275 233.06601718 178.36753237 125.05382387 239.86500705 191.88225099
175.68124087 199.62236636 180.43860018 224.72287143 147.56854249 164.29646456 136.56854249 138.75230868 128.12489168 108.52691193 121.59797975 137.98275606 89.42640687 100.69848481 118.66904756 83.28427125 0.00000000 43.89949494 145.82337649 71.94112550 76.35533906 37.38477631 94.66904756 50.79898987 60.66904756 81.84062043 114.09545443 157.43860018 102.74011537 116.49747468 164.23759005 116.25483400
131.78174593 253.27922061 136.53910524 180.82337649 103.66904756 120.39696962 92.66904756 178.50966799 139.05382387 64.62741700 77.69848481 177.74011537 129.18376618 56.79898987 158.42640687 39.38477631 43.89949494 0.00000000 185.58073580 111.69848481 38.21320344 35.97056275 130.91168825 62.94112550 46.28427125 118.08326112 101.52691193 193.68124087 138.98275606 102.11269837 200.48023074 152.49747468
209.33809512 114.28427125 220.13708499 152.63961031 171.75230868 156.78174593 182.16652224 66.62741700 118.46803743 210.30865787 263.27922061 92.66904756 78.94112550 242.37972568 131.01219331 224.96551211 145.82337649 185.58073580 0.00000000 88.76955262 216.37972568 163.75230868 108.42640687 151.08326112 197.37972568 126.08326112 257.10764774 94.76955262 143.91168825 214.23759005 104.69848481 157.71067812
147.92388155 142.56854249 184.48023074 180.92388155 136.09545443 121.12489168 146.50966799 81.69848481 86.91168825 176.32590181 189.39696962 96.76955262 48.21320344 168.49747468 84.87005769 151.08326112 71.94112550 111.69848481 88.76955262 0.00000000 142.49747468 89.87005769 30.62741700 88.05382387 123.49747468 69.15432893 200.17871555 103.39696962 91.66904756 157.30865787 113.32590181 101.08326112
159.16652224 280.66399692 156.85281374 208.20815280 130.46803743 147.78174593 119.46803743 209.30865787 166.43860018 89.08326112 98.01219331 208.53910524 159.98275606 83.01219331 184.68124087 37.65685425 76.35533906 38.21320344 216.37972568 142.49747468 0.00000000 49.31370850 137.81118318 76.28427125 59.04163056 123.22539674 65.79898987 198.82337649 144.12489168 105.88225099 205.62236636 157.63961031
164.23759005 217.55129855 168.99494937 213.27922061 136.12489168 152.85281374 125.12489168 156.68124087 146.05382387 97.08326112 110.15432893 155.91168825 107.35533906 89.25483400 136.59797975 70.08326112 37.38477631 35.97056275 163.75230868 89.87005769 49.31370850 0.00000000 88.49747468 26.97056275 26.79898987 73.91168825 80.22539674 149.50966799 94.81118318 82.62741700 156.30865787 108.32590181
166.50966799 173.19595949 203.06601718 211.55129855 154.68124087 139.71067812 165.09545443 112.32590181 105.49747468 195.53910524 208.61017306 115.35533906 66.79898987 187.71067812 99.35533906 170.29646456 94.66904756 130.91168825 108.42640687 30.62741700 137.81118318 88.49747468 0.00000000 61.52691193 115.29646456 42.62741700 173.65180362 111.39696962 65.14213562 130.78174593 118.39696962 74.55634919
191.20815280 206.96551211 195.96551211 245.32085117 163.09545443 169.68124087 152.09545443 146.09545443 135.46803743 124.05382387 137.12489168 145.32590181 96.76955262 116.22539674 126.01219331 97.05382387 50.79898987 62.94112550 151.08326112 88.05382387 76.28427125 26.97056275 61.52691193 0.00000000 53.76955262 46.94112550 107.19595949 122.53910524 67.84062043 118.08326112 129.33809512 81.35533906
174.55129855 251.17871555 179.30865787 223.59292911 146.43860018 163.16652224 135.43860018 190.30865787 181.82337649 107.39696962 120.46803743 189.53910524 140.98275606 99.56854249 170.22539674 80.39696962 60.66904756 46.28427125 197.37972568 123.49747468 59.04163056 26.79898987 115.29646456 53.76955262 0.00000000 100.71067812 54.01219331 204.61017306 123.56854249 66.59797975 200.63961031 129.91168825
206.79393924 211.72287143 254.62236636 250.07821049 194.96551211 179.99494937 210.75230868 150.85281374 145.78174593 182.71067812 195.78174593 155.63961031 107.08326112 174.88225099 139.63961031 157.46803743 81.84062043 118.08326112 126.08326112 69.15432893 123.22539674 73.91168825 42.62741700 46.94112550 100.71067812 0.00000000 131.02438662 84.76955262 20.89949494 88.15432893 91.56854249 37.72792206
206.48023074 327.97770542 204.16652224 255.52186130 177.78174593 195.09545443 166.78174593 243.73506474 213.75230868 136.39696962 145.32590181 242.96551211 194.40916293 130.32590181 223.65180362 84.97056275 114.09545443 101.52691193 257.10764774 200.17871555 65.79898987 80.22539674 173.65180362 107.19595949 54.01219331 131.02438662 0.00000000 205.50966799 124.46803743 50.76955262 201.53910524 130.81118318
251.32085117 208.22539674 330.22034611 246.58073580 239.49242405 224.52186130 249.90663761 160.56854249 190.30865787 258.30865787 271.37972568 186.61017306 151.61017306 250.48023074 188.26702730 233.06601718 157.43860018 193.68124087 94.76955262 103.39696962 198.82337649 149.50966799 111.39696962 122.53910524 204.61017306 84.76955262 205.50966799 0.00000000 89.08326112 162.63961031 46.69848481 77.28427125
229.30865787 234.82337649 275.52186130 273.17871555 217.48023074 202.50966799 231.65180362 173.36753237 168.29646456 203.61017306 216.68124087 178.15432893 129.59797975 195.78174593 162.15432893 178.36753237 102.74011537 138.98275606 143.91168825 91.66904756 144.12489168 94.81118318 65.14213562 67.84062043 123.56854249 20.89949494 124.46803743 89.08326112 0.00000000 81.59797975 85.11269837 19.31370850
230.37972568 299.87720036 235.13708499 279.42135624 202.26702730 218.99494937 191.26702730 239.00714267 233.93607486 163.22539674 176.29646456 243.79393924 195.23759005 155.39696962 227.79393924 125.05382387 116.49747468 102.11269837 214.23759005 157.30865787 105.88225099 82.62741700 130.78174593 118.08326112 66.59797975 88.15432893 50.76955262 162.63961031 81.59797975 0.00000000 158.66904756 87.94112550
261.24978336 218.15432893 337.01933598 256.50966799 249.42135624 234.45079349 259.83556980 170.49747468 200.23759005 265.10764774 278.17871555 196.53910524 161.53910524 257.27922061 198.19595949 239.86500705 164.23759005 200.48023074 104.69848481 113.32590181 205.62236636 156.30865787 118.39696962 129.33809512 200.63961031 91.56854249 201.53910524 46.69848481 85.11269837 158.66904756 0.00000000 72.48528137
238.72287143 244.23759005 289.03657993 282.59292911 226.89444430 211.92388155 245.16652224 182.78174593 177.71067812 217.12489168 230.19595949 187.56854249 139.01219331 209.29646456 171.56854249 191.88225099 116.25483400 152.49747468 157.71067812 101.08326112 157.63961031 108.32590181 74.55634919 81.35533906 129.91168825 37.72792206 130.81118318 77.28427125 19.31370850 87.94112550 72.48528137 0.00000000
