0.00000000 16.19391597 9.15910407 9.59830581 9.18740223 27.66950175 18.58766770 43.80432092 39.67471057 46.25584850 12.90859579 53.53362723 56.35127558 42.36912818 57.51837491 50.07830494 64.05007051 51.66080337 56.00292455 74.17282902 58.18144698 63.96895226 86.59708878 84.73989739 66.92352541 94.07124305 72.62928723 96.16813322 98.25502383 81.18225007 101.45531068 98.52498187
16.19391597 0.00000000 25.35302004 6.64576244 25.52527622 39.82890112 34.92554169 28.35416433 55.22330953 62.80942742 29.10251176 43.60329318 53.36388313 58.92270711 82.48005708 66.63188387 86.72000190 68.21438229 40.55276797 58.06424155 74.73502591 102.29416149 66.80881121 87.47480721 114.06186248 73.16368614 89.18286616 64.73902704 71.45347247 96.92970929 70.49729699 71.90901652
9.15910407 25.35302004 0.00000000 18.75740988 11.02391349 34.24962595 21.49583646 73.63888749 46.72885768 7.02397026 3.88543940 60.58777434 63.40542270 20.10612156 64.17801231 15.00809182 30.40534655 18.01607941 90.10583562 81.22697613 23.60997275 30.32422830 93.65123590 51.09517344 33.27880145 58.09446536 38.05781301 72.26385234 64.08594824 47.53752612 77.72305080 62.93717495
9.59830581 6.64576244 18.75740988 0.00000000 18.92966606 33.25610129 28.32993153 34.25616739 48.94972365 56.21381727 22.50690161 49.50529624 65.62628867 52.32709695 66.10659958 60.03627371 74.00803928 61.61877214 46.45477103 63.96624461 68.13941575 73.92692103 72.71081427 93.37681026 76.88149418 79.06568920 82.58725600 70.64103010 77.35547553 91.14021884 76.39930005 77.81101958
9.18740223 25.52527622 11.02391349 18.92966606 0.00000000 23.78904359 9.56062406 63.17830513 36.26827532 34.97657735 15.08309908 50.12719198 52.94484034 34.77390881 53.71742995 39.87873103 53.25132802 40.86206088 79.64525326 70.76639377 47.98187307 53.17020977 83.19065354 73.94115491 56.12478292 90.66480781 62.42971332 92.76169797 94.84858859 70.38350759 98.04887543 95.11854663
27.66950175 39.82890112 34.24962595 33.25610129 23.78904359 0.00000000 32.19100500 55.40831180 28.49828199 47.82447278 54.37075288 42.35719865 45.17484701 43.93775247 45.65515792 51.64692923 65.61869479 53.22942765 71.87525993 62.99640044 59.75007126 65.53757654 75.42066021 87.37000878 68.49214969 82.89481448 74.19791152 84.99170464 87.07859526 82.75087436 90.27888210 87.34855330
18.58766770 34.92554169 21.49583646 28.32993153 9.56062406 32.19100500 0.00000000 71.58026654 44.67023673 26.58786163 33.13414173 58.52915339 61.34680174 26.38519309 62.11939135 31.49001531 44.86261230 32.47334516 88.04721466 79.16835518 39.59315735 44.78149405 91.59261494 65.55243919 47.73606720 72.55173112 54.04099760 101.16365938 78.54321399 61.99479187 106.45083684 77.39444070
43.80432092 28.35416433 73.63888749 34.25616739 63.17830513 55.40831180 71.58026654 0.00000000 26.40233966 87.65326816 94.19954826 15.28042737 32.36275435 83.76654785 57.72100149 83.39747779 65.71887312 78.24932929 26.24244931 37.06311277 83.82500349 81.29303271 45.80768244 66.47367843 93.06073371 52.16255737 104.59225977 50.42870838 56.34633815 75.92858051 56.18697833 56.61629619
39.67471057 55.22330953 46.72885768 48.94972365 36.26827532 28.49828199 44.67023673 26.40233966 0.00000000 60.74323835 67.28951845 13.91488600 20.25738070 56.85651804 32.41916288 64.56569480 63.62087083 66.14819322 45.37185959 40.00206781 72.66883684 79.19503042 52.42632757 64.37567614 81.41091526 59.90048184 87.11667709 61.99737201 64.08426262 83.66650499 67.28454946 64.35422066
46.25584850 62.80942742 7.02397026 56.21381727 34.97657735 47.82447278 26.58786163 87.65326816 60.74323835 0.00000000 5.87806728 74.60215501 77.41980337 14.28211243 77.64849550 12.44869356 26.48020998 14.09094284 104.12021629 63.74959079 20.56511017 26.39909173 56.06163996 47.17003687 29.35366488 54.16932879 35.01295043 68.33871577 60.16081167 43.61238955 73.79791423 59.01203838
12.90859579 29.10251176 3.88543940 22.50690161 15.08309908 54.37075288 33.13414173 94.19954826 67.28951845 5.87806728 0.00000000 81.14843511 83.96608347 16.61855797 84.19477560 11.52052824 26.91778297 14.52851583 82.95637600 64.18716377 20.12240917 26.83666472 56.49921295 47.60760985 29.79123787 54.60690178 34.57024942 68.77628876 60.59838466 44.04996253 74.23548722 59.44961137
53.53362723 43.60329318 60.58777434 49.50529624 50.12719198 42.35719865 58.52915339 15.28042737 13.91488600 74.60215501 81.14843511 0.00000000 18.08870262 70.71543470 44.43996818 78.42461146 59.39029779 71.92075396 40.23142826 35.77149477 77.49642816 74.96445738 48.19575453 60.14510310 86.73215838 55.66990880 98.26368444 64.41768733 59.85368958 79.43593195 70.17595729 60.12364762
56.35127558 53.36388313 63.40542270 65.62628867 52.94484034 45.17484701 61.34680174 32.36275435 20.25738070 77.41980337 83.96608347 18.08870262 0.00000000 73.53308306 29.12991974 58.66629030 40.98768563 53.51814180 26.60003197 17.36888260 59.09381600 56.56184522 29.79314237 41.74249093 68.32954621 37.26729664 79.86107228 39.36418680 41.45107742 61.03331978 44.65136426 41.72103546
42.36912818 58.92270711 20.10612156 52.32709695 34.77390881 43.93775247 26.38519309 83.76654785 56.85651804 14.28211243 16.61855797 70.71543470 73.53308306 0.00000000 73.76177518 8.87165949 21.94413437 9.55486723 77.98272740 59.21351517 16.31003242 21.86301612 51.52556434 42.63396125 24.81758927 49.63325318 30.75787267 63.80264016 55.62473605 39.07631393 69.26183861 54.47596277
57.51837491 82.48005708 64.17801231 66.10659958 53.71742995 45.65515792 62.11939135 57.72100149 32.41916288 77.64849550 84.19477560 44.43996818 29.12991974 73.76177518 0.00000000 81.47095194 65.01868686 77.54914303 54.90951805 42.65703021 89.57409398 80.59284645 55.44929161 65.77349217 92.36054745 62.92344588 103.89207351 64.65233441 67.10722666 86.68946902 69.93951186 67.37718470
50.07830494 66.63188387 15.00809182 60.03627371 39.87873103 51.64692923 31.49001531 83.39747779 64.56569480 12.44869356 11.52052824 78.42461146 58.66629030 8.87165949 81.47095194 0.00000000 17.56304447 5.17377733 73.60163750 54.83242527 8.56791745 17.11836171 47.14447445 37.88930684 20.09380117 45.25216328 23.01575771 59.42155026 51.24364616 28.05849519 64.88074872 50.09487287
64.05007051 86.72000190 30.40534655 74.00803928 53.25132802 65.61869479 44.86261230 65.71887312 63.62087083 26.48020998 26.91778297 59.39029779 40.98768563 21.94413437 65.01868686 17.56304447 0.00000000 12.42719703 55.92303283 37.15382060 18.11941674 21.78945276 29.53264842 25.07489656 29.46709553 27.64033725 40.99862159 41.80972423 33.63182013 43.72582019 47.26892269 32.48304684
51.66080337 68.21438229 18.01607941 61.61877214 40.86206088 53.22942765 32.47334516 78.24932929 66.14819322 14.09094284 14.52851583 71.92075396 53.51814180 9.55486723 77.54914303 5.17377733 12.42719703 0.00000000 68.45348900 49.68427677 6.14789982 12.96881145 41.99632595 33.73975658 15.95030142 40.10401478 23.43008516 54.27340176 46.09549766 30.20902608 59.73260022 44.94672437
56.00292455 40.55276797 90.10583562 46.45477103 79.64525326 71.87525993 88.04721466 26.24244931 45.37185959 104.12021629 82.95637600 40.23142826 26.60003197 77.98272740 54.90951805 73.60163750 55.92303283 68.45348900 0.00000000 27.26727248 74.02916320 71.49719242 31.57448421 43.99873993 83.26489342 36.36673867 69.83527207 24.50740144 39.53967174 60.59932855 30.26567139 35.80001567
74.17282902 58.06424155 81.22697613 63.96624461 70.76639377 62.99640044 79.16835518 37.06311277 40.00206781 63.74959079 64.18716377 35.77149477 17.36888260 59.21351517 42.65703021 54.83242527 37.15382060 49.68427677 27.26727248 0.00000000 55.25995097 52.72798019 8.74456966 21.52715554 64.49568119 15.09944459 48.10141127 22.19382752 19.28322538 38.86546774 27.48100497 19.55318341
58.18144698 74.73502591 23.60997275 68.13941575 47.98187307 59.75007126 39.59315735 83.82500349 72.66883684 20.56511017 20.12240917 77.49642816 59.09381600 16.31003242 89.57409398 8.56791745 18.11941674 6.14789982 74.02916320 55.25995097 0.00000000 14.79183724 50.01962384 35.56278238 17.63651360 48.09666046 17.68383829 62.64686244 54.08814334 22.72657577 68.10606089 53.30413596
63.96895226 102.29416149 30.32422830 73.92692103 53.17020977 65.53757654 44.78149405 81.29303271 79.19503042 26.39909173 26.83666472 74.96445738 56.56184522 21.86301612 80.59284645 17.11836171 21.78945276 12.96881145 71.49719242 52.72798019 14.79183724 0.00000000 35.32648255 20.86964109 17.79956158 33.40351917 29.33108764 47.95372115 39.39500205 32.05828625 53.41291961 38.61099467
86.59708878 66.80881121 93.65123590 72.71081427 83.19065354 75.42066021 91.59261494 45.80768244 52.42632757 56.06163996 56.49921295 48.19575453 29.79314237 51.52556434 55.44929161 47.14447445 29.53264842 41.99632595 31.57448421 8.74456966 50.01962384 35.32648255 0.00000000 14.45684146 53.12604413 8.02913051 41.03109719 22.47096662 12.21291130 31.79515366 26.76871381 12.48286933
84.73989739 87.47480721 51.09517344 93.37681026 73.94115491 87.37000878 65.55243919 66.47367843 64.37567614 47.17003687 47.60760985 60.14510310 41.74249093 42.63396125 65.77349217 37.88930684 25.07489656 33.73975658 43.99873993 21.52715554 35.56278238 20.86964109 14.45684146 0.00000000 38.66920267 12.53387808 50.20072873 27.08408006 18.52536096 28.19402967 32.54327852 17.74135358
66.92352541 114.06186248 33.27880145 76.88149418 56.12478292 68.49214969 47.73606720 93.06073371 81.41091526 29.35366488 29.79123787 86.73215838 68.32954621 24.81758927 92.36054745 20.09380117 29.46709553 15.95030142 83.26489342 64.49568119 17.63651360 17.79956158 53.12604413 38.66920267 0.00000000 51.20308075 11.83036571 42.41351441 30.76518903 16.58923597 45.55501928 29.06971196
94.07124305 73.16368614 58.09446536 79.06568920 90.66480781 82.89481448 72.55173112 52.16255737 59.90048184 54.16932879 54.60690178 55.66990880 37.26729664 49.63325318 62.92344588 45.25216328 27.64033725 40.10401478 36.36673867 15.09944459 48.09666046 33.40351917 8.02913051 12.53387808 51.20308075 0.00000000 33.54588966 16.48640585 6.05616997 24.30994613 21.94560431 6.14719867
72.62928723 89.18286616 38.05781301 82.58725600 62.42971332 74.19791152 54.04099760 104.59225977 87.11667709 35.01295043 34.57024942 98.26368444 79.86107228 30.75787267 103.89207351 23.01575771 40.99862159 23.43008516 69.83527207 48.10141127 17.68383829 29.33108764 41.03109719 50.20072873 11.83036571 33.54588966 0.00000000 38.66323848 27.01491309 8.95413862 41.80474334 25.31943603
96.16813322 64.73902704 72.26385234 70.64103010 92.76169797 84.99170464 101.16365938 50.42870838 61.99737201 68.33871577 68.77628876 64.41768733 39.36418680 63.80264016 64.65233441 59.42155026 41.80972423 54.27340176 24.50740144 22.19382752 62.64686244 47.95372115 22.47096662 27.08408006 42.41351441 16.48640585 38.66323848 0.00000000 16.31042496 29.42729495 11.61107387 13.56773210
98.25502383 71.45347247 64.08594824 77.35547553 94.84858859 87.07859526 78.54321399 56.34633815 64.08426262 60.16081167 60.59838466 59.85368958 41.45107742 55.62473605 67.10722666 51.24364616 33.63182013 46.09549766 39.53967174 19.28322538 54.08814334 39.39500205 12.21291130 18.52536096 30.76518903 6.05616997 27.01491309 16.31042496 0.00000000 17.77896957 19.52171757 3.57955734
81.18225007 96.92970929 47.53752612 91.14021884 70.38350759 82.75087436 61.99479187 75.92858051 83.66650499 43.61238955 44.04996253 79.43593195 61.03331978 39.07631393 86.68946902 28.05849519 43.72582019 30.20902608 60.59932855 38.86546774 22.72657577 32.05828625 31.79515366 28.19402967 16.58923597 24.30994613 8.95413862 29.42729495 17.77896957 0.00000000 32.56879982 16.08349250
101.45531068 70.49729699 77.72305080 76.39930005 98.04887543 90.27888210 106.45083684 56.18697833 67.28454946 73.79791423 74.23548722 70.17595729 44.65136426 69.26183861 69.93951186 64.88074872 47.26892269 59.73260022 30.26567139 27.48100497 68.10606089 53.41291961 26.76871381 32.54327852 45.55501928 21.94560431 41.80474334 11.61107387 19.52171757 32.56879982 0.00000000 16.66923982
98.52498187 71.90901652 62.93717495 77.81101958 95.11854663 87.34855330 77.39444070 56.61629619 64.35422066 59.01203838 59.44961137 60.12364762 41.72103546 54.47596277 67.37718470 50.09487287 32.48304684 44.94672437 35.80001567 19.55318341 53.30413596 38.61099467 12.48286933 17.74135358 29.06971196 6.14719867 25.31943603 13.56773210 3.57955734 16.08349250 16.66923982 0.00000000
