0.00000000 52.69664359 26.71523138 24.11126923 17.22172599 29.26350048 28.59749282 78.39563699 45.26429960 53.98761783 46.75668832 66.40392030 63.79310803 51.76055035 60.30562126 70.53603187 94.00333025 72.97245221 98.92082232 87.51155537 84.59764916 90.44958783 100.36505507 110.09529599 95.96312402 117.09748662 107.08321866 131.99696654 126.72550182 121.28210122 138.79265456 129.45518141
52.69664359 0.00000000 79.41187497 28.84628694 69.86778436 62.05284343 81.24355119 39.07511397 77.49210856 105.26448503 99.45333191 57.65085505 68.24878872 103.03741755 102.37151120 121.81289907 112.28355190 124.24931941 59.60029930 77.01735601 135.87451636 126.07729448 91.18953506 116.55792357 143.54294940 107.50438411 158.36008586 101.06602370 116.11365444 150.70774680 107.79722141 118.73190775
26.71523138 79.41187497 0.00000000 50.82650061 21.75308298 46.23474132 33.15554666 100.91013548 60.79959974 31.48226802 23.66425638 81.93922044 79.32840816 55.63870600 75.64616670 52.52672022 77.39391969 56.36304165 119.84235436 103.04685551 67.20023599 73.84017727 115.90035521 93.48588542 79.35371346 114.67015637 89.68580549 147.49448865 125.57539568 104.67269066 150.98749160 128.12489817
24.11126923 28.84628694 50.82650061 0.00000000 41.28241000 33.24303780 52.65817683 54.54528034 58.68409755 76.67911067 70.86795755 73.12102142 77.21290597 74.45204319 74.82831926 93.22752471 116.69482309 95.66394505 75.07046567 92.48752239 107.28914200 113.14108067 106.65970144 132.02808995 118.65461687 122.97455049 129.77471150 116.53619007 131.58382081 143.97359407 123.26738779 134.20207413
17.22172599 69.86778436 21.75308298 41.28241000 0.00000000 24.70315820 11.42403734 79.37855237 39.26801662 38.43899448 41.52724142 60.40763733 57.79682505 37.77950234 54.11458358 55.12554846 79.01960103 57.98872299 98.31077124 81.51527239 69.18716574 75.46585861 94.36877209 95.11156677 80.97939480 111.10120364 91.67273524 126.00068356 120.72921885 106.29837200 132.79637158 123.45889843
29.26350048 62.05284343 46.23474132 33.24303780 24.70315820 0.00000000 32.03280970 71.04242055 30.93188480 51.33130807 64.65566478 52.07150551 49.46069323 49.10424059 47.07610651 67.87972211 91.34702049 70.31614245 89.97463942 73.17914057 81.94133940 87.79327807 86.03264027 104.66867589 93.30681426 102.76507182 104.42690890 117.66455174 112.39308703 118.62579146 124.46023976 115.12276661
28.59749282 81.24355119 33.15554666 52.65817683 11.42403734 32.03280970 0.00000000 86.70820387 46.59766812 30.47682917 43.80118588 67.73728883 65.12647655 29.81733702 61.44423509 47.16338314 71.05743571 50.02655767 105.64042275 88.84492389 61.22500042 67.50369329 101.69842360 87.14940145 73.01722949 108.33367240 83.71056992 133.33033506 119.23891171 98.33620669 140.12602308 121.78841420
78.39563699 39.07511397 100.91013548 54.54528034 79.37855237 71.04242055 86.70820387 0.00000000 40.69779304 105.59426643 118.91862314 20.96411890 37.51194995 103.36719894 70.61426809 115.19624707 81.54671312 100.47473005 34.73490376 46.28051724 114.71221830 95.34045571 60.45269629 85.82108480 112.80611063 76.76754534 136.14165271 76.20062815 86.39556054 119.97090803 82.93182587 89.12524013
45.26429960 77.49210856 60.79959974 58.68409755 39.26801662 30.93188480 46.59766812 40.69779304 0.00000000 65.48373068 78.80808739 21.82949700 24.99824150 63.25666320 34.66196954 82.03214472 76.69109291 84.46856506 64.80744830 49.47592926 96.09376201 90.48483549 62.32942897 80.96546458 107.45923687 79.06186051 118.57933151 93.96134043 88.68987572 122.26522321 100.75702845 91.41955531
53.98761783 105.26448503 31.48226802 76.67911067 38.43899448 51.33130807 30.47682917 105.59426643 65.48373068 0.00000000 13.75337586 86.62335138 84.01253911 24.78826371 80.22404578 25.10888218 48.94910336 27.91822532 124.52648530 91.78201258 39.17713675 45.39536094 90.84417725 65.04106909 50.90889713 86.22534004 61.66270625 119.04967232 97.13057935 76.22787433 122.54267527 99.68008184
46.75668832 99.45333191 23.66425638 70.86795755 41.52724142 64.65566478 43.80118588 118.91862314 78.80808739 13.75337586 0.00000000 99.94770810 97.33689582 32.94092076 93.54840249 29.82893498 54.69613444 33.66525640 132.04694221 97.52904367 44.50245074 51.14239203 96.59120834 70.78810018 56.65592822 91.97237113 66.98802024 124.79670341 102.87761044 81.97490542 128.28970636 105.42711293
66.40392030 57.65085505 81.93922044 73.12102142 60.40763733 52.07150551 67.73728883 20.96411890 21.82949700 86.62335138 99.94770810 0.00000000 26.86372857 84.39628390 51.37722487 103.17176543 78.98179050 97.90980742 51.07408448 51.76662686 112.14729568 92.77553308 64.62012656 83.25616218 110.24118801 81.35255811 133.57673009 92.53980888 90.98057332 124.55592080 99.27100660 93.71025290
63.79310803 68.24878872 79.32840816 77.21290597 57.79682505 49.46069323 65.12647655 37.51194995 24.99824150 84.01253911 97.33689582 26.86372857 0.00000000 81.78547163 34.12723835 86.12301068 52.47347674 71.40149367 40.50763939 25.25831310 85.63898192 66.26721933 38.11181280 56.74784842 83.73287425 54.84424435 107.06841633 69.74372427 64.47225956 98.04760704 76.53941229 67.20193914
51.76055035 103.03741755 55.63870600 74.45204319 37.77950234 49.10424059 29.81733702 103.36719894 63.25666320 24.78826371 32.94092076 84.39628390 81.78547163 0.00000000 77.99697830 22.95734309 45.12680500 24.09592696 122.47761277 87.95971423 36.16465954 41.57306259 87.02187890 61.21877074 47.08659878 82.40304169 58.65022905 115.22737397 93.30828100 72.40557598 118.72037692 95.85778349
60.30562126 102.37151120 75.64616670 74.82831926 54.11458358 47.07610651 61.44423509 70.61426809 34.66196954 80.22404578 93.54840249 51.37722487 34.12723835 77.99697830 0.00000000 96.77245982 78.08849158 97.01650850 73.88496890 52.41266690 110.83407711 91.88223416 64.90265524 82.36286325 109.34788908 81.63508679 132.68343116 96.89807807 91.26310199 124.83844948 103.69376609 93.99278158
70.53603187 121.81289907 52.52672022 93.22752471 55.12554846 67.87972211 47.16338314 115.19624707 82.03214472 25.10888218 29.82893498 103.17176543 86.12301068 22.95734309 96.77245982 0.00000000 35.96589082 14.93501278 113.31669858 78.79880004 17.71044155 32.27173924 77.86096471 51.91744739 37.77090022 73.24212750 40.19601105 106.06645978 84.14736681 56.37133733 109.55946274 86.69686931
94.00333025 112.28355190 77.39391969 116.69482309 79.01960103 91.34702049 71.05743571 81.54671312 76.69109291 48.94910336 54.69613444 78.98179050 52.47347674 45.12680500 78.08849158 35.96589082 0.00000000 21.21328451 79.66716464 45.14926610 35.71872164 22.13221868 45.43114990 29.80897270 35.51554571 40.81231269 58.85108780 73.63664497 51.71755200 60.83452291 77.12964792 54.26705450
72.97245221 124.24931941 56.36304165 95.66394505 57.98872299 70.31614245 50.02655767 100.47473005 84.46856506 27.91822532 33.66525640 97.90980742 71.40149367 24.09592696 97.01650850 14.93501278 21.21328451 0.00000000 98.59518156 64.07728302 17.16410413 18.36103262 63.13944769 38.00674077 23.89351537 58.52061049 46.38629069 91.34494277 69.42584980 49.21249257 94.83794572 71.97535229
98.92082232 59.60029930 119.84235436 75.07046567 98.31077124 89.97463942 105.64042275 34.73490376 64.80744830 124.52648530 132.04694221 51.07408448 40.50763939 122.47761277 73.88496890 113.31669858 79.66716464 98.59518156 0.00000000 44.40096875 112.83266982 93.46090722 51.99387813 73.40568180 110.92656215 60.63845854 120.74855234 41.92819345 69.26033626 103.58425130 48.65939116 67.39172071
87.51155537 77.01735601 103.04685551 92.48752239 81.51527239 73.17914057 88.84492389 46.28051724 49.47592926 91.78201258 97.52904367 51.76662686 25.25831310 87.95971423 52.41266690 78.79880004 45.14926610 64.07728302 44.40096875 0.00000000 78.31477128 58.94300868 14.17217905 40.87129692 76.40866361 30.48702810 90.85469183 44.53126260 40.11504331 73.69039079 51.32695062 42.84472289
84.59764916 135.87451636 67.20023599 107.28914200 69.18716574 81.94133940 61.22500042 114.71221830 96.09376201 39.17713675 44.50245074 112.14729568 85.63898192 36.16465954 110.83407711 17.71044155 35.71872164 17.16410413 112.83266982 78.31477128 0.00000000 24.70401808 72.37648990 44.34972624 30.02613108 67.48443047 30.56828536 100.43405249 78.38966978 46.74361165 103.92705545 81.03465602
90.44958783 126.07729448 73.84017727 113.14108067 75.46585861 87.79327807 67.50369329 95.34045571 90.48483549 45.39536094 51.14239203 92.77553308 66.26721933 41.57306259 91.88223416 32.27173924 22.13221868 18.36103262 93.46090722 58.94300868 24.70401808 0.00000000 47.72181980 19.69505613 17.89968815 42.82976036 41.23523023 75.77938239 53.73499967 43.21866535 79.27238534 56.37998591
100.36505507 91.18953506 115.90035521 106.65970144 94.36877209 86.03264027 101.69842360 60.45269629 62.32942897 90.84417725 96.59120834 64.62012656 38.11181280 87.02187890 64.90265524 77.86096471 45.43114990 63.13944769 51.99387813 14.17217905 72.37648990 47.72181980 0.00000000 28.02676366 65.62150795 17.64249484 78.01015857 47.33169369 27.27051005 60.84585753 51.62316183 30.00018963
110.09529599 116.55792357 93.48588542 132.02808995 95.11156677 104.66867589 87.14940145 85.82108480 80.96546458 65.04106909 70.78810018 83.25616218 56.74784842 61.21877074 82.36286325 51.91744739 29.80897270 38.00674077 73.40568180 40.87129692 44.34972624 19.69505613 28.02676366 0.00000000 37.59474428 23.13470423 60.93028637 56.08432626 34.03994354 57.04809170 59.57732921 36.68492978
95.96312402 143.54294940 79.35371346 118.65461687 80.97939480 93.30681426 73.01722949 112.80611063 107.45923687 50.90889713 56.65592822 110.24118801 83.73287425 47.08659878 109.34788908 37.77090022 35.51554571 23.89351537 110.92656215 76.40866361 30.02613108 17.89968815 65.62150795 37.59474428 0.00000000 60.72944851 23.66069784 89.41806424 56.15224091 29.10579522 88.60408032 58.41150777
117.09748662 107.50438411 114.67015637 122.97455049 111.10120364 102.76507182 108.33367240 76.76754534 79.06186051 86.22534004 91.97237113 81.35255811 54.84424435 82.40304169 81.63508679 73.24212750 40.81231269 58.52061049 60.63845854 30.48702810 67.48443047 42.82976036 17.64249484 23.13470423 60.72944851 0.00000000 60.34415613 36.56437025 11.11316536 43.17985509 40.05737320 15.84602847
107.08321866 158.36008586 89.68580549 129.77471150 91.67273524 104.42690890 83.71056992 136.14165271 118.57933151 61.66270625 66.98802024 133.57673009 107.06841633 58.65022905 132.68343116 40.19601105 58.85108780 46.38629069 120.74855234 90.85469183 30.56828536 41.23523023 78.01015857 60.93028637 23.66069784 60.34415613 0.00000000 88.22015436 54.95433103 20.90518378 87.40617044 57.21359789
131.99696654 101.06602370 147.49448865 116.53619007 126.00068356 117.66455174 133.33033506 76.20062815 93.96134043 119.04967232 124.79670341 92.53980888 69.74372427 115.22737397 96.89807807 106.06645978 73.63664497 91.34494277 41.92819345 44.53126260 100.43405249 75.77938239 47.33169369 56.08432626 89.41806424 36.56437025 88.22015436 0.00000000 37.19775009 71.05585332 22.03030102 32.05160984
126.72550182 116.11365444 125.57539568 131.58382081 120.72921885 112.39308703 119.23891171 86.39556054 88.68987572 97.13057935 102.87761044 90.98057332 64.47225956 93.30828100 91.26310199 84.14736681 51.71755200 69.42584980 69.26033626 40.11504331 78.38966978 53.73499967 27.27051005 34.03994354 56.15224091 11.11316536 54.95433103 37.19775009 0.00000000 37.79002999 36.36371775 7.80015316
121.28210122 150.70774680 104.67269066 143.97359407 106.29837200 118.62579146 98.33620669 119.97090803 122.26522321 76.22787433 81.97490542 124.55592080 98.04760704 72.40557598 124.83844948 56.37133733 60.83452291 49.21249257 103.58425130 73.69039079 46.74361165 43.21866535 60.84585753 57.04809170 29.10579522 43.17985509 20.90518378 71.05585332 37.79002999 0.00000000 70.24186941 40.04929685
138.79265456 107.79722141 150.98749160 123.26738779 132.79637158 124.46023976 140.12602308 82.93182587 100.75702845 122.54267527 128.28970636 99.27100660 76.53941229 118.72037692 103.69376609 109.55946274 77.12964792 94.83794572 48.65939116 51.32695062 103.92705545 79.27238534 51.62316183 59.57732921 88.60408032 40.05737320 87.40617044 22.03030102 36.36371775 70.24186941 0.00000000 30.92162755
129.45518141 118.73190775 128.12489817 134.20207413 123.45889843 115.12276661 121.78841420 89.12524013 91.41955531 99.68008184 105.42711293 93.71025290 67.20193914 95.85778349 93.99278158 86.69686931 54.26705450 71.97535229 67.39172071 42.84472289 81.03465602 56.37998591 30.00018963 36.68492978 58.41150777 15.84602847 57.21359789 32.05160984 7.80015316 40.04929685 30.92162755 0.00000000
