0.00000000 3.80000000 2.37500000 3.32500000 4.75000000 5.22500000 5.70000000 9.97500000 6.17500000 4.27500000 13.30000000 8.55000000 15.67500000 7.12500000 11.87500000 15.20000000 16.15000000 7.60000000 22.32500000 13.30000000 9.97500000 17.57500000 25.65000000 15.67500000
3.32500000 0.00000000 0.00000000 0.95000000 2.85000000 2.85000000 2.85000000 3.32500000 6.65000000 4.75000000 12.35000000 9.02500000 6.65000000 12.35000000 7.60000000 8.07500000 11.40000000 8.55000000 12.82500000 9.50000000 24.22500000 23.75000000 12.35000000 11.87500000
3.32500000 0.00000000 0.00000000 0.95000000 3.32500000 1.90000000 2.85000000 3.80000000 5.70000000 4.75000000 6.17500000 5.70000000 9.50000000 11.40000000 8.07500000 12.82500000 10.92500000 9.02500000 11.40000000 9.97500000 23.27500000 22.80000000 12.82500000 15.20000000
3.32500000 0.47500000 0.95000000 0.00000000 3.32500000 3.32500000 1.90000000 7.60000000 3.80000000 3.80000000 5.22500000 7.12500000 7.12500000 6.65000000 10.92500000 13.30000000 8.55000000 8.07500000 14.72500000 11.87500000 10.45000000 17.57500000 12.35000000 12.35000000
6.65000000 2.85000000 3.32500000 3.32500000 0.00000000 6.17500000 6.17500000 0.95000000 8.55000000 8.07500000 6.17500000 6.65000000 4.27500000 6.65000000 4.75000000 5.70000000 6.65000000 12.35000000 9.50000000 7.12500000 14.72500000 13.30000000 9.97500000 9.50000000
6.17500000 3.32500000 1.42500000 2.37500000 6.17500000 0.00000000 0.00000000 6.17500000 1.90000000 2.85000000 7.12500000 6.17500000 5.22500000 7.60000000 9.50000000 12.35000000 6.65000000 6.17500000 7.60000000 10.45000000 19.47500000 19.00000000 10.45000000 10.45000000
7.60000000 3.32500000 2.85000000 2.85000000 6.17500000 0.00000000 0.00000000 5.70000000 1.90000000 1.90000000 5.70000000 5.22500000 8.55000000 4.75000000 8.55000000 11.40000000 9.02500000 6.17500000 15.20000000 9.97500000 8.55000000 15.67500000 17.57500000 13.30000000
10.92500000 3.32500000 3.80000000 7.60000000 0.95000000 6.65000000 5.70000000 0.00000000 5.70000000 5.70000000 4.27500000 3.80000000 2.37500000 4.27500000 3.80000000 3.80000000 4.75000000 11.40000000 6.65000000 6.17500000 12.82500000 11.87500000 9.02500000 7.60000000
7.12500000 7.12500000 5.70000000 3.80000000 8.55000000 1.90000000 1.90000000 5.70000000 0.00000000 6.65000000 5.22500000 4.75000000 3.32500000 5.70000000 4.27500000 4.75000000 4.75000000 10.92500000 5.70000000 6.17500000 17.57500000 17.57500000 8.55000000 8.55000000
4.27500000 5.22500000 4.75000000 4.75000000 8.07500000 2.85000000 1.90000000 6.17500000 6.17500000 0.00000000 5.70000000 6.65000000 6.17500000 5.70000000 5.22500000 7.60000000 6.17500000 7.12500000 10.92500000 7.60000000 9.50000000 16.15000000 15.67500000 13.77500000
14.25000000 11.40000000 5.70000000 5.70000000 5.22500000 6.17500000 6.17500000 4.27500000 4.27500000 4.75000000 0.00000000 4.75000000 3.32500000 3.80000000 3.80000000 4.27500000 3.80000000 11.40000000 7.60000000 5.70000000 11.87500000 11.87500000 12.82500000 12.35000000
9.50000000 9.02500000 5.70000000 6.17500000 6.65000000 5.70000000 4.27500000 3.80000000 4.27500000 6.17500000 4.27500000 0.00000000 2.85000000 5.22500000 4.27500000 5.22500000 5.70000000 9.97500000 7.12500000 6.17500000 13.30000000 11.87500000 9.50000000 8.55000000
17.57500000 6.65000000 9.50000000 7.12500000 4.27500000 5.70000000 10.45000000 3.32500000 3.80000000 6.65000000 3.80000000 3.80000000 0.00000000 3.32500000 2.85000000 3.32500000 3.32500000 10.45000000 3.80000000 4.75000000 9.97500000 8.55000000 5.70000000 4.75000000
7.60000000 12.35000000 10.92500000 8.07500000 6.17500000 7.12500000 5.22500000 5.22500000 5.22500000 6.17500000 3.32500000 5.70000000 2.85000000 0.00000000 3.80000000 4.75000000 3.32500000 9.97500000 8.07500000 5.70000000 9.97500000 9.50000000 9.50000000 8.55000000
12.35000000 7.12500000 7.12500000 9.97500000 4.75000000 9.02500000 7.12500000 3.80000000 3.32500000 5.22500000 3.80000000 3.32500000 1.90000000 3.32500000 0.00000000 3.32500000 3.80000000 9.50000000 6.17500000 3.32500000 12.35000000 10.92500000 6.17500000 5.70000000
14.72500000 7.12500000 11.40000000 12.35000000 4.75000000 11.40000000 9.50000000 3.80000000 5.70000000 8.55000000 6.17500000 5.70000000 4.27500000 5.70000000 3.32500000 0.00000000 5.70000000 12.82500000 8.55000000 7.12500000 14.72500000 13.30000000 9.97500000 9.50000000
18.05000000 11.40000000 10.45000000 9.50000000 6.17500000 6.65000000 10.45000000 5.22500000 4.75000000 7.12500000 4.27500000 5.70000000 2.85000000 3.80000000 3.32500000 4.75000000 0.00000000 17.10000000 4.75000000 7.12500000 12.82500000 12.82500000 9.97500000 8.55000000
6.65000000 8.55000000 8.07500000 8.07500000 11.40000000 5.22500000 5.22500000 10.92500000 9.97500000 6.17500000 11.40000000 10.45000000 9.50000000 9.02500000 9.50000000 10.92500000 16.62500000 0.00000000 11.87500000 10.92500000 4.27500000 5.22500000 9.50000000 9.02500000
21.85000000 10.92500000 10.45000000 13.30000000 8.55000000 6.65000000 14.25000000 6.65000000 4.75000000 10.92500000 8.07500000 7.12500000 2.85000000 8.07500000 6.17500000 7.12500000 4.27500000 11.87500000 0.00000000 2.37500000 7.12500000 5.70000000 5.22500000 4.75000000
15.20000000 10.45000000 9.97500000 12.82500000 8.07500000 12.35000000 9.97500000 7.12500000 6.17500000 8.07500000 6.65000000 6.17500000 4.75000000 6.17500000 3.32500000 7.12500000 7.12500000 11.40000000 3.32500000 0.00000000 7.12500000 7.12500000 3.32500000 2.85000000
9.97500000 23.75000000 23.27500000 11.40000000 15.67500000 19.47500000 8.55000000 13.77500000 17.57500000 9.50000000 11.87500000 14.25000000 9.97500000 10.45000000 12.35000000 12.82500000 12.82500000 5.22500000 8.07500000 6.17500000 0.00000000 0.95000000 7.12500000 4.75000000
17.57500000 22.80000000 22.80000000 17.10000000 14.72500000 19.00000000 13.30000000 12.82500000 17.10000000 15.20000000 11.40000000 13.30000000 9.02500000 10.45000000 12.35000000 12.82500000 11.87500000 6.17500000 7.60000000 4.75000000 0.95000000 0.00000000 3.32500000 2.85000000
26.60000000 13.30000000 12.82500000 12.35000000 10.92500000 10.45000000 21.37500000 9.97500000 7.60000000 15.20000000 12.82500000 8.55000000 5.70000000 9.02500000 6.17500000 9.97500000 9.02500000 8.55000000 4.75000000 3.32500000 6.17500000 3.80000000 0.00000000 1.42500000
16.62500000 12.82500000 13.30000000 12.35000000 10.45000000 10.45000000 12.35000000 8.55000000 7.60000000 14.25000000 12.82500000 9.02500000 5.70000000 9.50000000 5.70000000 9.02500000 9.02500000 8.07500000 5.22500000 2.85000000 2.85000000 3.32500000 1.42500000 0.00000000
