0.00000000 396.38477631 265.38477631 136.14213562 412.56854249 283.56854249 143.74011537 429.50966799 301.61017306 174.32590181 248.23759005 393.89444430 386.52186130 264.65180362 524.35028843 486.24978336 346.59292911 292.33809512 431.19090886 638.29141392 413.83556980 476.70562748 671.71782079 531.71782079
396.38477631 0.00000000 131.00000000 267.21320344 98.76955262 214.01219331 354.81118318 175.71067812 289.95331881 434.16652224 378.92388155 262.58073580 338.96551211 449.27922061 266.89444430 296.79393924 420.20815280 550.27922061 450.66399692 379.17871555 605.43354955 601.91883092 479.63455967 486.16147161
265.38477631 131.00000000 0.00000000 136.21320344 148.01219331 92.38477631 223.81118318 171.39696962 168.32590181 303.16652224 247.92388155 195.53910524 254.16652224 318.27922061 266.23759005 290.23759005 298.58073580 419.27922061 365.03657993 380.17871555 474.43354955 480.29141392 474.87720036 464.73506474
136.14213562 267.21320344 136.21320344 0.00000000 283.39696962 146.25483400 94.04163056 300.33809512 174.84062043 173.39696962 188.74011537 256.58073580 259.75230868 259.09545443 395.17871555 348.93607486 284.61017306 295.30865787 369.20815280 509.11984105 415.24978336 472.32085117 534.40411229 469.73506474
412.56854249 98.76955262 148.01219331 283.39696962 0.00000000 135.48528137 272.14213562 85.72792206 210.59797975 354.81118318 302.88225099 172.15432893 248.98275606 373.23759005 181.05382387 206.81118318 352.46803743 474.23759005 360.68124087 293.33809512 529.39191899 531.69343418 393.79393924 396.17871555
283.56854249 214.01219331 92.38477631 146.25483400 135.48528137 0.00000000 136.65685425 158.04163056 84.14213562 216.84062043 164.91168825 116.76955262 169.98275606 235.26702730 252.88225099 209.12489168 214.39696962 336.26702730 280.85281374 366.82337649 391.42135624 396.10764774 394.59292911 380.55129855
143.74011537 354.81118318 223.81118318 94.04163056 272.14213562 136.65685425 0.00000000 288.25483400 152.94112550 88.97056275 111.18376618 246.98275606 237.85281374 179.88225099 383.09545443 339.33809512 209.53910524 210.88225099 294.13708499 497.03657993 325.89444430 383.45079349 524.80613255 394.66399692
429.50966799 175.71067812 171.39696962 300.33809512 85.72792206 158.04163056 288.25483400 0.00000000 134.48528137 278.69848481 226.76955262 96.04163056 169.11269837 297.12489168 102.94112550 126.94112550 272.59797975 398.12489168 280.81118318 216.88225099 453.27922061 451.82337649 311.58073580 316.30865787
301.61017306 289.95331881 168.32590181 174.84062043 210.59797975 84.14213562 152.94112550 134.48528137 0.00000000 143.38477631 91.45584412 93.21320344 92.52691193 161.81118318 229.32590181 185.56854249 136.11269837 262.81118318 203.39696962 343.26702730 317.96551211 317.82337649 371.03657993 303.09545443
174.32590181 434.16652224 303.16652224 173.39696962 354.81118318 216.84062043 88.97056275 278.69848481 143.38477631 0.00000000 90.79898987 237.42640687 226.63961031 95.01219331 365.29646456 326.71067812 189.15432893 130.35533906 273.75230868 479.23759005 248.68124087 306.23759005 514.32085117 377.30865787
248.23759005 378.92388155 247.92388155 188.74011537 302.88225099 164.91168825 111.18376618 226.76955262 91.45584412 90.79898987 0.00000000 185.49747468 135.84062043 70.35533906 274.49747468 235.91168825 98.35533906 171.35533906 182.95331881 388.43860018 226.50966799 283.58073580 421.37972568 283.48023074
393.89444430 262.58073580 195.53910524 256.58073580 172.15432893 116.76955262 246.98275606 96.04163056 93.21320344 237.42640687 185.49747468 0.00000000 72.28427125 205.66904756 132.84062043 94.25483400 175.76955262 306.66904756 183.98275606 246.78174593 366.26702730 354.99494937 279.72287143 283.68124087
386.52186130 338.96551211 254.16652224 259.75230868 248.98275606 169.98275606 237.85281374 169.11269837 92.52691193 226.63961031 135.84062043 72.28427125 0.00000000 148.84062043 154.11269837 115.52691193 118.94112550 249.84062043 111.69848481 268.05382387 293.98275606 282.71067812 300.99494937 211.39696962
264.65180362 449.27922061 318.27922061 259.09545443 373.23759005 235.26702730 179.88225099 297.12489168 161.81118318 95.01219331 70.35533906 205.66904756 148.84062043 0.00000000 287.49747468 248.91168825 111.35533906 114.35533906 185.08326112 403.78174593 156.15432893 213.71067812 419.30865787 282.29646456
524.35028843 266.89444430 266.23759005 395.17871555 181.05382387 252.88225099 383.09545443 102.94112550 229.32590181 365.29646456 274.49747468 132.84062043 154.11269837 287.49747468 0.00000000 111.94112550 257.59797975 388.49747468 265.81118318 113.94112550 430.63961031 419.36753237 212.74011537 288.78174593
486.24978336 296.79393924 290.23759005 348.93607486 206.81118318 209.12489168 339.33809512 126.94112550 185.56854249 326.71067812 235.91168825 94.25483400 115.52691193 248.91168825 111.94112550 0.00000000 163.49747468 298.63961031 150.59797975 154.18376618 330.63961031 319.36753237 185.46803743 188.78174593
346.59292911 420.20815280 298.58073580 284.61017306 352.46803743 214.39696962 209.53910524 272.59797975 136.11269837 189.15432893 98.35533906 175.76955262 118.94112550 111.35533906 257.59797975 163.49747468 0.00000000 155.18376618 84.59797975 306.61017306 191.32590181 182.53910524 322.13708499 185.12489168
292.33809512 550.27922061 419.27922061 295.30865787 474.23759005 336.26702730 210.88225099 398.12489168 262.81118318 130.35533906 171.35533906 306.66904756 249.84062043 114.35533906 388.49747468 298.63961031 155.18376618 0.00000000 236.95331881 436.78174593 121.49747468 184.36753237 452.30865787 315.29646456
431.19090886 450.66399692 365.03657993 369.20815280 360.68124087 280.85281374 294.13708499 280.81118318 203.39696962 273.75230868 182.95331881 183.98275606 111.69848481 185.08326112 265.81118318 150.59797975 84.59797975 236.95331881 0.00000000 223.66904756 181.69848481 170.42640687 239.19595949 102.18376618
638.29141392 379.17871555 380.17871555 509.11984105 293.33809512 366.82337649 497.03657993 216.88225099 343.26702730 479.23759005 388.43860018 246.78174593 268.05382387 403.78174593 113.94112550 154.18376618 306.61017306 436.78174593 223.66904756 0.00000000 381.52691193 371.26702730 99.52691193 236.19595949
413.83556980 605.43354955 474.43354955 415.24978336 529.39191899 391.42135624 325.89444430 453.27922061 317.96551211 248.68124087 226.50966799 366.26702730 293.98275606 156.15432893 430.63961031 330.63961031 191.32590181 121.49747468 181.69848481 381.52691193 0.00000000 128.28427125 397.05382387 260.04163056
476.70562748 601.91883092 480.29141392 472.32085117 531.69343418 396.10764774 383.45079349 451.82337649 317.82337649 306.23759005 283.58073580 354.99494937 282.71067812 213.71067812 419.36753237 319.36753237 182.53910524 184.36753237 170.42640687 371.26702730 128.28427125 0.00000000 280.52691193 141.69848481
671.71782079 479.63455967 474.87720036 534.40411229 393.79393924 394.59292911 524.80613255 311.58073580 371.03657993 514.32085117 421.37972568 279.72287143 300.99494937 419.30865787 212.74011537 185.46803743 322.13708499 452.30865787 239.19595949 99.52691193 397.05382387 280.52691193 0.00000000 145.45584412
531.71782079 486.16147161 464.73506474 469.73506474 396.17871555 380.55129855 394.66399692 316.30865787 303.09545443 377.30865787 283.48023074 283.68124087 211.39696962 282.29646456 288.78174593 188.78174593 185.12489168 315.29646456 102.18376618 236.19595949 260.04163056 141.69848481 145.45584412 0.00000000
