0.00000000 0.27685784 0.21906550 0.14720653 0.33922924 0.29288709 0.15052944 0.44365481 0.31881686 0.13985510 0.21501286 0.36040039 0.28091111 0.22307206 0.43224105 0.40341055 0.25551599 0.24134775 0.28525220 0.48158088 0.30164690 0.47573615 0.48594766 0.61552691
0.27773482 0.00000000 0.06342083 0.13945762 0.01933611 0.12600406 0.23339225 0.08493518 0.15251054 0.28219494 0.21979650 0.20182690 0.16059028 0.23137880 0.11463848 0.15266123 0.20885780 0.49608309 0.21038026 0.16258467 0.46773426 0.40435364 0.19441837 0.29404849
0.21722375 0.06342083 0.00000000 0.07603679 0.11453201 0.05568621 0.17976301 0.19676500 0.08222897 0.22673106 0.24275797 0.12268956 0.11723645 0.16109723 0.23325786 0.16551605 0.13857624 0.44166126 0.16549254 0.28120406 0.39745269 0.33407207 0.31303660 0.35761863
0.14307114 0.14421557 0.07751774 0.00000000 0.19202271 0.09885133 0.07868551 0.24939252 0.12958354 0.12587639 0.14001238 0.16665841 0.16459813 0.20767750 0.23849907 0.20982375 0.18061672 0.34068534 0.21031469 0.28783890 0.39921483 0.46188360 0.39407946 0.40552823
0.35398421 0.01932603 0.12744500 0.20573459 0.00000000 0.18748795 0.29758350 0.06459771 0.20419522 0.34374729 0.20379370 0.18148944 0.13910307 0.21537599 0.10109058 0.13423003 0.19289151 0.55760326 0.19042553 0.14903678 0.36366193 0.30490585 0.18087047 0.38192684
0.24462664 0.13104347 0.05565542 0.10271341 0.17994896 0.00000000 0.10758750 0.14984600 0.02548043 0.15503138 0.17105828 0.06707868 0.06046510 0.10434869 0.13895256 0.10995761 0.08165674 0.36996157 0.10872119 0.18829238 0.34070416 0.27725536 0.29413017 0.30139520
0.14406546 0.24134837 0.17481484 0.08107218 0.28915378 0.10758750 0.00000000 0.25782851 0.13351087 0.04500617 0.06267400 0.17509441 0.12895205 0.12779818 0.24693506 0.21810457 0.10307115 0.26237407 0.13308664 0.29627489 0.32267322 0.38190845 0.33390918 0.52075475
0.40262208 0.08487889 0.19612144 0.25419472 0.06459771 0.14989982 0.25830152 0.00000000 0.13932641 0.23427906 0.13828860 0.11662063 0.07359797 0.14987090 0.03694267 0.06921237 0.12738641 0.40720211 0.12476979 0.08470984 0.29815683 0.23940076 0.11622373 0.31670266
0.27719311 0.15878722 0.08218279 0.12940408 0.20419522 0.02547733 0.13351087 0.13932641 0.00000000 0.16277031 0.06677985 0.05653533 0.03505076 0.07835630 0.11477906 0.08886946 0.05587576 0.33569336 0.08343461 0.16422727 0.31471761 0.25172187 0.26875240 0.27689841
0.13987813 0.27046823 0.20377039 0.12889936 0.31827536 0.15610826 0.04500617 0.23572508 0.16417330 0.00000000 0.05183633 0.18000172 0.16143992 0.08318014 0.24100467 0.21523074 0.13629954 0.17175201 0.16681878 0.29084650 0.23205116 0.33717628 0.36582810 0.47563499
0.20853877 0.22598544 0.21935420 0.14519016 0.20358837 0.17165456 0.06275169 0.13840921 0.06680912 0.05183633 0.00000000 0.08283275 0.06427095 0.03196091 0.14532313 0.11806177 0.03989244 0.22358834 0.07029933 0.19367753 0.29837082 0.23541596 0.26930750 0.27757297
0.31978277 0.20177062 0.12345356 0.17135369 0.18148944 0.06728931 0.17546048 0.11662063 0.05648538 0.17897161 0.08284958 0.00000000 0.01810022 0.09462908 0.06885535 0.04278413 0.07184958 0.35188875 0.06783090 0.11819518 0.24145003 0.18231123 0.25176994 0.25971039
0.27412341 0.15887376 0.11716002 0.16435156 0.13859258 0.06042792 0.12767839 0.07383984 0.03480286 0.16030570 0.06436307 0.01811670 0.00000000 0.07570456 0.08043527 0.05302365 0.05295431 0.33342362 0.04837174 0.12838147 0.22334980 0.16421100 0.23328816 0.24079490
0.22326876 0.23772711 0.16105008 0.21161681 0.21535065 0.10431797 0.12775122 0.15036470 0.07856684 0.08222550 0.03204732 0.09485719 0.07570456 0.00000000 0.15693487 0.12952326 0.05096053 0.25568036 0.19497898 0.20488107 0.31004334 0.24708848 0.45249553 0.39361748
0.42942405 0.12113606 0.23231800 0.23992346 0.10113346 0.13503418 0.24403025 0.03613756 0.11384650 0.24152301 0.14553255 0.06840543 0.08039423 0.15689383 0.00000000 0.07444263 0.13414358 0.41402168 0.13012490 0.04646957 0.30374403 0.24460523 0.07788671 0.11559634
0.36359791 0.15428240 0.16868635 0.21517056 0.13389152 0.11081999 0.21927735 0.06859459 0.08857553 0.21424342 0.11807753 0.04280461 0.05314267 0.12964227 0.07448368 0.00000000 0.10689203 0.38677012 0.10217731 0.11343403 0.27649247 0.21735367 0.14470087 0.29479159
0.24973744 0.21500321 0.13848937 0.18638933 0.19276716 0.08182780 0.10275208 0.12779347 0.05608047 0.13579730 0.03982136 0.07215852 0.05300589 0.05096053 0.13423620 0.10682459 0.00000000 0.32200141 0.02967205 0.25903993 0.25753156 0.19553964 0.22788391 0.23789956
0.24492206 0.50755435 0.44193411 0.34994896 0.55539782 0.37351285 0.26592535 0.41110326 0.33955100 0.17530329 0.22717768 0.35537990 0.33681809 0.25855831 0.41638285 0.39060891 0.32022881 0.00000000 0.23495356 0.46599970 0.06052236 0.12130039 0.29949609 0.26907088
0.27949460 0.21048643 0.16508547 0.21789829 0.19020525 0.10835336 0.13358185 0.12501197 0.08272831 0.16555445 0.07024721 0.06898972 0.04799435 0.19404286 0.13168118 0.10426957 0.02974926 0.23828382 0.00000000 0.22790660 0.17381397 0.11607692 0.19656691 0.20758055
0.47797814 0.16678989 0.27948440 0.28847755 0.14650871 0.18416412 0.29258435 0.08179140 0.16480930 0.29007861 0.19408816 0.11696951 0.12894832 0.20544792 0.04569373 0.11343403 0.25761566 0.47401756 0.22797276 0.00000000 0.40954771 0.34984476 0.03114314 0.06545245
0.30164363 0.47388629 0.39738506 0.40670299 0.36578695 0.34072316 0.32264692 0.30059366 0.31495933 0.23202486 0.29828523 0.24457142 0.22356739 0.30725820 0.30404354 0.27660328 0.25849449 0.06051054 0.17310974 0.40664455 0.00000000 0.05983573 0.22608586 0.19493271
0.46820254 0.41110974 0.33459304 0.45677123 0.30301040 0.27803490 0.37290563 0.23781712 0.25228556 0.32715338 0.23618144 0.18177255 0.16111801 0.24515442 0.24444953 0.21700927 0.19571795 0.12144787 0.11362523 0.34579656 0.05983573 0.00000000 0.17686499 0.14571501
0.50522994 0.19875112 0.30898615 0.39669117 0.17846994 0.29422277 0.35808826 0.11375263 0.26814472 0.39152401 0.29535812 0.25174378 0.23234848 0.44933740 0.07749035 0.14523066 0.22338496 0.30721343 0.19389299 0.03142078 0.24560129 0.17333492 0.00000000 0.03373788
0.62374570 0.29600543 0.36057561 0.40596760 0.27700456 0.30384350 0.52854191 0.31708787 0.27750634 0.48278965 0.30463133 0.26136451 0.24162929 0.40079069 0.17417430 0.29634547 0.23249497 0.27731375 0.20316620 0.12179142 0.21570161 0.14367231 0.03191393 0.00000000
