0.00000000 181.02976534 124.84861422 66.16871061 195.44133961 140.67442049 74.14677737 203.65474268 152.54697687 99.41185105 132.11939395 197.48540923 202.89500134 148.15197226 250.50583366 244.97629729 182.99349792 151.28736163 230.72530299 307.21046017 216.73577133 248.87309708 333.57478508 280.04101007
181.02976534 0.00000000 56.38564790 119.60587837 53.37484604 99.94903009 161.82276341 89.86632996 135.92644955 205.92116930 180.44658361 131.92675931 171.56074883 213.77950598 131.71723435 148.39046914 215.34903018 262.94373570 230.60894699 187.71350374 293.06080669 312.16428798 233.15369067 254.12510871
124.84861422 56.38564790 0.00000000 63.42472725 71.77019126 46.55067570 105.64161229 80.59932556 82.52809516 149.74001817 127.40721916 96.37831171 133.16546905 160.74014153 127.45041655 138.13759333 161.95067579 209.90437125 191.84142637 184.15504306 240.02144224 258.76593359 226.40087500 241.05325035
66.16871061 119.60587837 63.42472725 0.00000000 134.01745263 79.16710303 45.23200852 142.23085570 91.19017614 89.33041441 96.63100863 135.97809177 141.53820061 129.96393100 189.08194668 183.46897983 146.44512166 157.76524883 194.17692673 245.78657320 209.24523171 236.51991319 272.06746762 243.49263381
195.44133961 53.37484604 71.77019126 134.01745263 0.00000000 69.37553483 139.12218581 38.96506865 101.47190157 178.02585596 149.05812352 86.14713563 120.65948751 182.39104589 82.50309232 97.48920783 179.95826636 231.55527561 179.70768567 138.49936171 261.67234660 266.67127759 183.93954864 203.22384740
140.67442049 99.94903009 46.55067570 79.16710303 69.37553483 0.00000000 69.76727252 75.34592583 39.30721189 109.49225935 80.52452691 58.49610807 89.94458578 113.85744928 122.19701681 105.98699613 118.72979252 163.02167900 148.62054310 178.90164332 193.13874999 215.54505032 194.58548392 197.83236708
74.14677737 161.82276341 105.64161229 45.23200852 139.12218581 69.76727252 0.00000000 143.42807902 81.31948067 48.75212126 61.70602225 126.57826126 131.66750515 94.31562317 190.27917000 174.06914932 112.58012622 117.18695568 160.31193129 246.98379651 172.73382108 200.01626145 262.66763711 209.62763837
203.65474268 89.86632996 80.59932556 142.23085570 38.96506865 75.34592583 143.42807902 0.00000000 66.09927973 142.65323412 113.68550168 50.77451379 83.70600519 147.01842405 49.84854872 60.53572551 143.00478403 196.18265377 142.75420335 106.55317523 226.29972476 229.71779527 148.79900717 166.27036508
152.54697687 135.92644955 82.52809516 91.19017614 101.47190157 39.30721189 81.31948067 66.09927973 0.00000000 76.61267363 47.64494119 49.24946198 52.98723878 80.97786356 112.95037072 96.74035003 81.74303411 130.14209328 111.66319611 169.65499723 160.25916428 178.55829191 185.33883782 160.87502008
99.41185105 205.92116930 149.74001817 89.33041441 178.02585596 109.49225935 48.75212126 142.65323412 76.61267363 0.00000000 46.97158749 125.80341636 120.41663452 50.90014252 187.22216589 169.90892006 97.84569146 72.80830611 145.57749653 243.92679240 129.11168371 156.39412407 253.33770052 189.31474877
132.11939395 180.44658361 127.40721916 96.63100863 149.05812352 80.52452691 61.70602225 113.68550168 47.64494119 46.97158749 0.00000000 96.83568392 73.45458828 33.33292237 140.26011964 122.94687382 50.88364521 82.49715209 98.61545028 196.96474615 112.61422308 139.88890456 211.54536161 147.93115736
197.48540923 131.92675931 96.37831171 135.97809177 86.14713563 58.49610807 126.57826126 50.77451379 49.24946198 125.80341636 96.83568392 0.00000000 42.34518012 113.06190739 66.31917173 49.00592590 101.64395896 162.22613712 101.39337828 123.02379824 190.90325452 188.35697020 137.60441369 150.60520226
202.89500134 171.56074883 133.16546905 141.53820061 120.65948751 89.94458578 131.66750515 83.70600519 52.98723878 120.41663452 73.45458828 42.34518012 0.00000000 79.64764102 75.73644511 58.42319929 68.22969259 128.81187075 59.06045994 132.44107162 148.57033618 146.02405185 147.02168708 108.27228391
148.15197226 213.77950598 160.74014153 129.96393100 182.39104589 113.85744928 94.31562317 147.01842405 80.97786356 50.90014252 33.33292237 113.06190739 79.64764102 0.00000000 146.45317239 129.13992656 57.07669795 57.52929122 99.46069426 201.98240730 79.28131951 106.56375987 202.44385051 138.42089876
250.50583366 131.71723435 127.45041655 189.08194668 82.50309232 122.19701681 190.27917000 49.84854872 112.95037072 187.22216589 140.26011964 66.31917173 75.73644511 146.45317239 0.00000000 52.56616542 135.03522395 195.61740211 134.78464327 56.70850289 213.08814698 210.54186266 101.47705644 145.43405980
244.97629729 148.39046914 138.13759333 183.46897983 97.48920783 105.98699613 174.06914932 60.53572551 96.74035003 169.90892006 122.94687382 49.00592590 58.42319929 129.13992656 52.56616542 0.00000000 101.80477348 176.03255636 90.03089988 81.82436790 173.60598514 171.05970082 88.68349154 105.95189797
182.99349792 215.34903018 161.95067579 146.44512166 179.95826636 118.72979252 112.58012622 143.00478403 81.74303411 97.84569146 50.88364521 101.64395896 68.22969259 57.07669795 135.03522395 101.80477348 0.00000000 84.50314752 47.73180507 160.60902070 99.40089591 97.18957056 161.07046390 97.04751215
151.28736163 262.94373570 209.90437125 157.76524883 231.55527561 163.02167900 117.18695568 196.18265377 130.14209328 72.80830611 82.49715209 162.22613712 128.81187075 57.52929122 195.61740211 176.03255636 84.50314752 0.00000000 121.68663621 221.43813040 65.56574611 98.21639834 221.89957360 157.87662185
230.72530299 230.60894699 191.84142637 194.17692673 179.70768567 148.62054310 160.31193129 142.75420335 111.66319611 145.57749653 98.61545028 101.39337828 59.06045994 99.46069426 134.78464327 90.03089988 47.73180507 121.68663621 0.00000000 114.26221764 89.90040365 87.35411933 114.72366085 50.70070910
307.21046017 187.71350374 184.15504306 245.78657320 138.49936171 178.90164332 246.98379651 106.55317523 169.65499723 243.92679240 196.96474615 123.02379824 132.44107162 201.98240730 56.70850289 81.82436790 160.60902070 221.43813040 114.26221764 0.00000000 189.65189784 178.49850939 48.22363528 114.45993733
216.73577133 293.06080669 240.02144224 209.24523171 261.67234660 193.13874999 172.73382108 226.29972476 160.25916428 129.11168371 112.61422308 190.90325452 148.57033618 79.28131951 213.08814698 173.60598514 99.40089591 65.56574611 89.90040365 189.65189784 0.00000000 66.42129746 190.11334104 126.09038929
248.87309708 312.16428798 258.76593359 236.51991319 266.67127759 215.54505032 200.01626145 229.71779527 178.55829191 156.39412407 139.88890456 188.35697020 146.02405185 106.56375987 210.54186266 171.05970082 97.18957056 98.21639834 87.35411933 178.49850939 66.42129746 0.00000000 133.49012015 69.89508767
333.57478508 233.15369067 226.40087500 272.06746762 183.93954864 194.58548392 262.66763711 148.79900717 185.33883782 253.33770052 211.54536161 137.60441369 147.02168708 202.44385051 101.47705644 88.68349154 161.07046390 221.89957360 114.72366085 48.22363528 190.11334104 133.49012015 0.00000000 69.45321495
280.04101007 254.12510871 241.05325035 243.49263381 203.22384740 197.83236708 209.62763837 166.27036508 160.87502008 189.31474877 147.93115736 150.60520226 108.27228391 138.42089876 145.43405980 105.95189797 97.04751215 157.87662185 50.70070910 114.45993733 126.09038929 69.89508767 69.45321495 0.00000000
