0.00000000 200.98275606 45.00000000 190.39696962 47.24264069 55.24264069 177.98275606 72.55634919 91.18376618 164.15432893 84.07106781 88.45584412 88.45584412 84.94112550 107.11269837 99.31370850 154.74011537 112.84062043 131.84062043 111.28427125 151.59797975 134.35533906 138.74011537
200.98275606 0.00000000 187.59797975 14.72792206 207.59797975 171.35533906 23.82842712 185.84062043 110.38477631 45.89949494 150.38477631 198.76955262 170.28427125 215.69848481 141.28427125 162.11269837 70.48528137 194.76955262 120.69848481 230.42640687 138.59797975 156.32590181 215.29646456
45.00000000 187.59797975 0.00000000 177.01219331 39.31370850 16.24264069 164.59797975 31.07106781 77.21320344 150.76955262 44.24264069 74.62741700 46.97056275 92.38477631 67.04163056 57.82842712 141.35533906 74.76955262 91.76955262 108.76955262 110.11269837 92.87005769 111.15432893
190.39696962 14.72792206 177.01219331 0.00000000 197.01219331 160.76955262 15.72792206 175.25483400 99.79898987 34.48528137 139.79898987 188.18376618 159.69848481 205.11269837 130.69848481 151.52691193 59.89949494 184.18376618 110.11269837 219.84062043 128.01219331 145.74011537 204.71067812
47.24264069 207.59797975 39.31370850 197.01219331 0.00000000 37.07106781 184.59797975 26.48528137 97.21320344 170.76955262 60.14213562 43.65685425 40.62741700 59.89949494 80.84062043 61.42640687 161.35533906 56.14213562 105.56854249 81.94112550 120.98275606 103.74011537 92.52691193
55.24264069 171.35533906 16.24264069 160.76955262 37.07106781 0.00000000 148.35533906 27.65685425 60.97056275 134.52691193 34.82842712 67.69848481 40.04163056 85.45584412 58.69848481 50.89949494 125.11269837 67.84062043 83.42640687 101.84062043 103.18376618 85.94112550 104.22539674
177.98275606 23.82842712 164.59797975 15.72792206 184.59797975 148.35533906 0.00000000 162.84062043 87.38477631 22.89949494 127.38477631 175.76955262 147.28427125 192.69848481 118.28427125 139.11269837 47.48528137 171.76955262 97.69848481 207.42640687 115.59797975 133.32590181 192.29646456
72.55634919 185.84062043 31.07106781 175.25483400 26.48528137 27.65685425 162.84062043 0.00000000 87.79898987 149.01219331 33.89949494 43.79898987 22.00000000 61.55634919 54.94112550 42.79898987 137.11269837 47.45584412 79.66904756 77.94112550 95.08326112 77.84062043 83.84062043
91.18376618 110.38477631 77.21320344 99.79898987 97.21320344 60.97056275 87.38477631 87.79898987 0.00000000 73.55634919 52.72792206 111.94112550 84.28427125 129.69848481 68.79898987 86.45584412 64.14213562 112.08326112 55.04163056 146.08326112 77.62741700 90.66904756 149.63961031
164.15432893 45.89949494 150.76955262 34.48528137 170.76955262 134.52691193 22.89949494 149.01219331 73.55634919 0.00000000 113.55634919 161.94112550 133.45584412 178.87005769 104.45584412 125.28427125 33.65685425 157.94112550 83.87005769 193.59797975 101.76955262 119.49747468 178.46803743
84.07106781 150.38477631 44.24264069 139.79898987 60.14213562 34.82842712 127.38477631 33.89949494 52.72792206 113.55634919 0.00000000 59.21320344 31.55634919 76.97056275 34.21320344 33.72792206 104.14213562 59.35533906 58.35533906 93.35533906 74.94112550 62.97056275 78.66904756
88.45584412 198.76955262 74.62741700 188.18376618 43.65685425 67.69848481 175.76955262 43.79898987 111.94112550 161.94112550 59.21320344 0.00000000 28.48528137 21.89949494 67.87005769 48.69848481 150.04163056 27.31370850 92.59797975 42.38477631 105.66904756 88.42640687 58.72792206
88.45584412 170.28427125 46.97056275 159.69848481 40.62741700 40.04163056 147.28427125 22.00000000 84.28427125 133.45584412 31.55634919 28.48528137 0.00000000 45.41421356 39.38477631 20.79898987 121.55634919 27.79898987 64.11269837 61.79898987 77.18376618 59.94112550 64.18376618
84.94112550 215.69848481 92.38477631 205.11269837 59.89949494 85.45584412 192.69848481 61.55634919 129.69848481 178.87005769 76.97056275 21.89949494 45.41421356 0.00000000 84.79898987 65.62741700 166.97056275 41.31370850 109.52691193 31.07106781 122.59797975 105.35533906 64.04163056
107.11269837 141.28427125 67.04163056 130.69848481 80.84062043 58.69848481 118.28427125 54.94112550 68.79898987 104.45584412 34.21320344 67.87005769 39.38477631 84.79898987 0.00000000 20.82842712 91.72792206 63.04163056 24.72792206 99.52691193 41.31370850 40.31370850 73.52691193
99.31370850 162.11269837 57.82842712 151.52691193 61.42640687 50.89949494 139.11269837 42.79898987 86.45584412 125.28427125 33.72792206 48.69848481 20.79898987 65.62741700 20.82842712 0.00000000 112.55634919 43.87005769 45.55634919 80.35533906 56.97056275 39.72792206 50.21320344
154.74011537 70.48528137 141.35533906 59.89949494 161.35533906 125.11269837 47.48528137 137.11269837 64.14213562 33.65685425 104.14213562 150.04163056 121.55634919 166.97056275 91.72792206 112.55634919 0.00000000 146.04163056 71.14213562 181.69848481 89.04163056 106.76955262 165.74011537
112.84062043 194.76955262 74.76955262 184.18376618 56.14213562 67.84062043 171.76955262 47.45584412 112.08326112 157.94112550 59.35533906 27.31370850 27.79898987 41.31370850 63.04163056 43.87005769 146.04163056 0.00000000 87.76955262 31.07106781 100.84062043 83.59797975 36.38477631
131.84062043 120.69848481 91.76955262 110.11269837 105.56854249 83.42640687 97.69848481 79.66904756 55.04163056 83.87005769 58.35533906 92.59797975 64.11269837 109.52691193 24.72792206 45.55634919 71.14213562 87.76955262 0.00000000 124.25483400 23.41421356 35.62741700 94.59797975
111.28427125 230.42640687 108.76955262 219.84062043 81.94112550 101.84062043 207.42640687 77.94112550 146.08326112 193.59797975 93.35533906 42.38477631 61.79898987 31.07106781 99.52691193 80.35533906 181.69848481 31.07106781 124.25483400 0.00000000 119.18376618 95.69848481 36.72792206
151.59797975 138.59797975 110.11269837 128.01219331 120.98275606 103.18376618 115.59797975 95.08326112 77.62741700 101.76955262 74.94112550 105.66904756 77.18376618 122.59797975 41.31370850 56.97056275 89.04163056 100.84062043 23.41421356 119.18376618 0.00000000 23.48528137 82.45584412
134.35533906 156.32590181 92.87005769 145.74011537 103.74011537 85.94112550 133.32590181 77.84062043 90.66904756 119.49747468 62.97056275 88.42640687 59.94112550 105.35533906 40.31370850 39.72792206 106.76955262 83.59797975 35.62741700 95.69848481 23.48528137 0.00000000 58.97056275
138.74011537 215.29646456 111.15432893 204.71067812 92.52691193 104.22539674 192.29646456 83.84062043 149.63961031 178.46803743 78.66904756 58.72792206 64.18376618 64.04163056 73.52691193 50.21320344 165.74011537 36.38477631 94.59797975 36.72792206 82.45584412 58.97056275 0.00000000
