0.00000000 67.99205654 14.90747450 66.14626581 16.93489738 17.46257299 63.75388728 23.01907960 40.05669963 61.28321414 31.02663197 26.92961646 27.36212025 26.20147598 38.39951807 32.64165298 58.80587491 31.43583056 47.76552045 30.88409249 45.82974309 42.55794809 35.03751948
67.99205654 0.00000000 52.56856801 2.69320543 60.47008785 48.36030760 4.61104911 66.43980827 28.09876375 8.55015491 47.61356270 66.92984498 60.74840850 69.74886955 39.11873288 46.23945320 13.09162094 66.09757427 30.50800211 71.63784147 33.53489119 37.89341948 53.71009238
14.90747450 52.56856801 0.00000000 50.72277728 13.48255765 4.20747642 48.33039875 9.13074027 24.46918461 45.85972561 17.53296842 19.53180394 13.45400249 22.45446354 23.67511160 18.73353523 43.38238638 19.71115616 33.04111398 24.83459535 31.92162533 28.64983033 26.36259897
66.14626581 2.69320543 50.72277728 0.00000000 58.62429713 46.51451688 3.11205835 64.59401754 26.25297302 6.53006450 45.76777197 65.08405426 58.90261778 67.90307883 37.27294216 44.39366248 11.27839657 64.25178354 28.66221139 69.79205074 31.68910047 36.04762875 51.86430166
16.93489738 60.47008785 13.48255765 58.62429713 0.00000000 12.32723425 56.23191859 10.33820268 32.37070446 53.76124545 24.39406000 21.52435799 21.39301625 19.82239986 28.17168882 27.46885070 51.28390623 24.07598027 37.53769120 27.50753099 36.00464676 32.73285176 30.72742308
17.46257299 48.36030760 4.20747642 46.51451688 12.32723425 0.00000000 44.12213834 8.23157516 20.26092420 41.65146520 15.17129599 17.76018116 11.68237970 20.68284075 22.71977753 16.96191244 39.17412597 17.93953337 32.08577991 23.06297256 30.15000255 26.87820754 24.59097618
63.75388728 4.61104911 48.33039875 3.11205835 56.23191859 44.12213834 0.00000000 62.20163900 23.86059449 4.31198565 43.37539344 62.69167572 56.51023924 65.51070029 34.88056362 42.00128394 8.81269767 61.85940501 26.26983285 67.39967221 29.29672193 33.65525022 49.47192312
23.01907960 66.43980827 9.13074027 64.59401754 10.33820268 8.23157516 62.20163900 0.00000000 28.27504537 59.73096586 15.60270229 11.84840598 7.05885950 14.79669281 18.44752545 12.93779233 57.21184673 12.69469459 27.81352783 17.18917437 26.28048339 23.00868839 19.34613740
40.05669963 28.09876375 24.46918461 26.25297302 32.37070446 20.26092420 23.86059449 28.27504537 0.00000000 21.38992135 20.00295777 40.88197596 34.80252896 43.80299001 31.32792368 38.50780928 18.91258212 41.05968263 18.40138079 46.18312182 22.26352956 25.78679816 41.60347106
61.28321414 8.55015491 45.85972561 6.53006450 53.76124545 41.65146520 4.31198565 59.73096586 21.38992135 0.00000000 40.90472030 60.22100258 54.03956610 63.04002715 32.40989048 39.53061080 6.43612945 59.38873186 23.79915971 64.92899906 26.82604879 31.18457708 47.00124998
31.02663197 47.61356270 17.53296842 45.76777197 24.39406000 15.17129599 43.37539344 15.60270229 20.00295777 40.90472030 0.00000000 20.87901820 14.79957119 23.80003224 19.79125374 18.52663577 38.42738107 21.05672486 29.33268023 26.18016405 32.54761341 26.49982435 38.41136424
26.92961646 66.92984498 19.53180394 65.08405426 21.52435799 17.76018116 62.69167572 11.84840598 40.88197596 60.22100258 20.87901820 0.00000000 6.18143648 3.86626140 18.79735265 11.93580007 57.70188344 5.27887159 28.16335503 7.40408472 26.53632806 23.26453306 9.88508657
27.36212025 60.74840850 13.45400249 58.90261778 21.39301625 11.68237970 56.51023924 7.05885950 34.80252896 54.03956610 14.79957119 6.18143648 0.00000000 9.00046105 12.61591617 5.89465082 51.52044696 6.25715367 21.98191854 11.38059286 20.35489158 17.08309658 12.90859648
26.20147598 69.74886955 22.45446354 67.90307883 19.82239986 20.68284075 65.51070029 14.79669281 43.80299001 63.04002715 23.80003224 3.86626140 9.00046105 0.00000000 21.61637722 14.75482464 60.52090801 7.60122656 30.98237959 5.61490778 29.35535263 26.08355763 10.66775539
38.39951807 39.11873288 23.67511160 37.27294216 28.17168882 22.71977753 34.88056362 18.44752545 31.32792368 32.40989048 19.79125374 18.79735265 12.61591617 21.61637722 0.00000000 7.12072032 29.33048336 17.79608929 9.36600238 23.51178477 12.58093556 11.69865041 29.48889678
32.64165298 46.23945320 18.73353523 44.39366248 27.46885070 16.96191244 42.00128394 12.93779233 38.50780928 39.53061080 18.52663577 11.93580007 5.89465082 14.75482464 7.12072032 0.00000000 36.45120368 11.04965771 16.48672270 16.72123305 15.18066966 11.90887466 22.02952729
58.80587491 13.09162094 43.38238638 11.27839657 51.28390623 39.17412597 8.81269767 57.21184673 18.91258212 6.43612945 38.42738107 57.70188344 51.52044696 60.52090801 29.33048336 36.45120368 0.00000000 56.86961273 20.71975259 62.40987993 23.93385377 28.10516995 43.92184286
31.43583056 66.09757427 19.71115616 64.25178354 24.07598027 17.93953337 61.85940501 12.69469459 41.05968263 59.38873186 21.05672486 5.27887159 6.25715367 7.60122656 17.79608929 11.04965771 56.86961273 0.00000000 27.16209167 5.48925536 25.53506471 22.26326970 6.65144281
47.76552045 30.50800211 33.04111398 28.66221139 37.53769120 32.08577991 26.26983285 27.81352783 18.40138079 23.79915971 29.33268023 28.16335503 21.98191854 30.98237959 9.36600238 16.48672270 20.71975259 27.16209167 0.00000000 32.87778715 5.01343949 7.31611032 23.13278323
30.88409249 71.63784147 24.83459535 69.79205074 27.50753099 23.06297256 67.39967221 17.18917437 46.18312182 64.92899906 26.18016405 7.40408472 11.38059286 5.61490778 23.51178477 16.72123305 62.40987993 5.48925536 32.87778715 0.00000000 26.28213789 21.70245595 5.86763029
45.82974309 33.53489119 31.92162533 31.68910047 36.00464676 30.15000255 29.29672193 26.28048339 22.26352956 26.82604879 32.54761341 26.53632806 20.35489158 29.35535263 12.58093556 15.18066966 23.93385377 25.53506471 5.01343949 26.28213789 0.00000000 4.54038323 20.34382622
42.55794809 37.89341948 28.64983033 36.04762875 32.73285176 26.87820754 33.65525022 23.00868839 25.78679816 31.18457708 26.49982435 23.26453306 17.08309658 26.08355763 11.69865041 11.90887466 28.10516995 22.26326970 7.31611032 21.70245595 4.54038323 0.00000000 15.76414429
35.03751948 53.71009238 26.36259897 51.86430166 30.72742308 24.59097618 49.47192312 19.34613740 41.60347106 47.00124998 38.41136424 9.88508657 12.90859648 10.66775539 29.48889678 22.02952729 43.92184286 6.65144281 23.13278323 5.86763029 20.34382622 15.76414429 0.00000000
