0.00000000 111.20391030 26.96029543 106.56468171 28.42067026 32.36321503 101.02274365 42.47424192 56.54328440 95.23964639 50.89405265 46.22673541 49.14266485 43.49426783 60.42832830 54.97830847 90.31468574 56.62433649 74.83009807 56.39240601 80.80411978 73.39465870 69.84874652
111.20391030 0.00000000 99.06137714 6.86312431 111.66201834 90.42326810 11.37478611 99.81164738 55.04519153 21.10243666 82.78300979 102.24625073 90.12802113 108.57591145 72.52209698 84.28542679 31.99463329 102.63056989 60.00117824 118.11635175 69.14843404 77.01679387 108.38925860
26.96029543 99.06137714 0.00000000 94.42214854 23.44935381 8.70713111 88.88021048 17.67627407 44.05754160 83.09711322 26.61476831 36.18910308 24.37121913 42.81910945 35.67905325 30.20686275 78.17215258 37.28999168 50.08082301 52.46829529 56.03267406 48.62321298 55.37042644
106.56468171 6.86312431 94.42214854 0.00000000 107.02278974 85.78403951 7.32757758 95.17241879 50.40596294 16.32852828 78.14378119 97.60702213 85.48879253 103.93668286 67.88286838 79.64619819 27.37794128 97.99134130 55.36194964 113.47712315 64.50920544 72.37756528 103.75003000
28.42067026 111.66201834 23.44935381 107.02278974 0.00000000 21.72508742 101.48085168 16.34693952 56.65818280 95.69775442 37.18151799 29.13959474 26.50082849 34.21579306 44.14979324 36.74703582 90.77279378 34.10059749 58.55156300 46.21216557 63.48851731 56.07905622 52.18103225
32.36321503 90.42326810 8.70713111 85.78403951 21.72508742 0.00000000 80.24210144 15.94735548 35.41943256 74.45900419 22.28680236 32.69089866 20.87301471 39.32090504 32.15867816 26.70865834 69.53404354 33.79178726 46.56044793 48.97009087 52.53446964 45.12500856 51.87222202
101.02274365 11.37478611 88.88021048 7.32757758 101.48085168 80.24210144 0.00000000 89.63048073 44.86402488 10.92127001 72.60184313 92.06508407 79.94685447 98.39474480 62.34093032 74.10426013 21.78079524 92.44940324 49.82001158 107.93518509 58.96726738 66.83562722 98.20809194
42.47424192 99.81164738 17.67627407 95.17241879 16.34693952 15.94735548 89.63048073 0.00000000 50.88045086 83.84738347 22.26167071 21.66387117 12.10040844 28.30669117 28.36494149 21.72688161 78.41734424 23.94009671 42.76671125 37.96087337 47.70366556 40.29420447 42.02053147
56.54328440 55.04519153 44.05754160 50.40596294 56.65818280 35.41943256 44.86402488 50.88045086 0.00000000 39.08092762 32.02622485 62.97762306 51.15891634 69.60680666 43.40234130 53.58995084 34.15596697 64.07768889 31.26070491 79.25599250 42.65680475 48.27632054 79.64878526
95.23964639 21.10243666 83.09711322 16.32852828 95.69775442 74.45900419 10.92127001 83.84738347 39.08092762 0.00000000 66.81874587 86.28198681 74.16375721 92.61164754 56.55783306 68.32116287 16.11326107 86.66630598 44.03691432 102.15208783 53.18417012 61.05252996 92.42499468
50.89405265 82.78300979 26.61476831 78.14378119 37.18151799 22.28680236 72.60184313 22.26167071 32.02622485 66.81874587 0.00000000 30.95139821 19.13269149 37.58058182 22.84663186 21.80953496 61.89378523 32.05146405 37.09202201 47.22976765 44.89144682 37.42275678 49.74553037
46.22673541 102.24625073 36.18910308 97.60702213 29.13959474 32.69089866 92.06508407 21.66387117 62.97762306 86.28198681 30.95139821 0.00000000 12.11822960 9.33872683 30.75709303 22.39366513 80.85194758 13.14537031 45.15886280 19.88720090 49.48341301 42.07395193 28.45338854
49.14266485 90.12802113 24.37121913 85.48879253 26.50082849 20.87301471 79.94685447 12.10040844 51.15891634 74.16375721 19.13269149 12.11822960 0.00000000 18.44789032 18.63886343 10.30848103 68.73371799 12.91877255 33.04063320 28.09707616 37.36518341 29.95572233 30.99920731
43.49426783 108.57591145 42.81910945 103.93668286 34.21579306 39.32090504 98.39474480 28.30669117 69.60680666 92.61164754 37.58058182 9.33872683 18.44789032 0.00000000 37.08675376 28.72332586 87.18160831 18.49034823 51.48852352 15.22430406 55.81307374 48.40361265 30.96450363
60.42832830 72.52209698 35.67905325 67.88286838 44.14979324 32.15867816 62.34093032 28.36494149 43.40234130 56.55783306 22.84663186 30.75709303 18.63886343 37.08675376 0.00000000 11.76332981 51.05061856 30.99915532 14.40176977 46.62227246 22.20119458 22.24312552 42.45374396
54.97830847 84.28542679 30.20686275 79.64619819 36.74703582 26.70865834 74.10426013 21.72688161 53.58995084 68.32116287 21.80953496 22.39366513 10.30848103 28.72332586 11.76332981 0.00000000 62.81394837 22.00780439 26.16509958 37.92605925 29.18238631 21.77292523 31.54725976
90.31468574 31.99463329 78.17215258 27.37794128 90.77279378 69.53404354 21.78079524 78.41734424 34.15596697 16.11326107 61.89378523 80.85194758 68.73371799 87.18160831 51.05061856 62.81394837 0.00000000 81.23626675 38.52969983 96.72204861 47.59059268 55.54531546 86.91778018
56.62433649 102.63056989 37.28999168 97.99134130 34.10059749 33.79178726 92.44940324 23.94009671 64.07768889 86.66630598 32.05146405 13.14537031 12.91877255 18.49034823 30.99915532 22.00780439 81.23626675 0.00000000 45.40092509 15.79968505 49.72547530 42.31601422 18.08043476
74.83009807 60.00117824 50.08082301 55.36194964 58.55156300 46.56044793 49.82001158 42.76671125 31.26070491 44.03691432 37.09202201 45.15886280 33.04063320 51.48852352 14.40176977 26.16509958 38.52969983 45.40092509 0.00000000 61.02404223 11.56320171 17.19193009 48.56439481
56.39240601 118.11635175 52.46829529 113.47712315 46.21216557 48.97009087 107.93518509 37.96087337 79.25599250 102.15208783 47.22976765 19.88720090 28.09707616 15.22430406 46.62227246 37.92605925 96.72204861 15.79968505 61.02404223 0.00000000 59.87341193 49.71754913 18.23640806
80.80411978 69.14843404 56.03267406 64.50920544 63.48851731 52.53446964 58.96726738 47.70366556 42.65680475 53.18417012 44.89144682 49.48341301 37.36518341 55.81307374 22.20119458 29.18238631 47.59059268 49.72547530 11.56320171 59.87341193 0.00000000 10.64705670 42.03314953
73.39465870 77.01679387 48.62321298 72.37756528 56.07905622 45.12500856 66.83562722 40.29420447 48.27632054 61.05252996 37.42275678 42.07395193 29.95572233 48.40361265 22.24312552 21.77292523 55.54531546 42.31601422 17.19193009 49.71754913 10.64705670 0.00000000 31.87728672
69.84874652 108.38925860 55.37042644 103.75003000 52.18103225 51.87222202 98.20809194 42.02053147 79.64878526 92.42499468 49.74553037 28.45338854 30.99920731 30.96450363 42.45374396 31.54725976 86.91778018 18.08043476 48.56439481 18.23640806 42.03314953 31.87728672 0.00000000
