0.00000000 7.60000000 2.37500000 0.95000000 1.90000000 8.07500000 0.47500000 3.80000000 2.85000000 2.37500000 0.47500000 1.42500000 2.37500000 1.90000000 3.32500000 2.37500000 3.80000000 7.60000000 3.80000000 8.55000000 3.32500000 11.40000000 6.17500000 4.75000000 13.30000000 6.65000000 7.60000000 5.70000000 9.50000000 6.65000000 5.70000000 9.97500000 5.70000000 10.45000000 6.65000000 11.40000000 9.97500000 6.17500000 9.02500000 6.65000000 8.55000000 9.97500000 6.17500000 7.60000000 10.92500000 11.40000000 7.60000000 12.35000000 8.55000000 12.82500000 8.55000000 14.25000000 10.45000000 8.55000000 12.35000000 10.45000000 9.50000000 9.02500000 8.55000000 11.40000000
5.70000000 0.00000000 4.75000000 3.80000000 3.80000000 0.47500000 7.12500000 0.47500000 3.80000000 0.95000000 4.27500000 5.22500000 5.22500000 9.50000000 6.17500000 7.60000000 5.70000000 5.70000000 7.60000000 1.42500000 10.92500000 5.22500000 9.02500000 2.37500000 4.27500000 6.65000000 4.75000000 2.37500000 5.22500000 9.97500000 6.35000000 4.27500000 4.75000000 4.75000000 3.32500000 8.07500000 6.17500000 6.17500000 7.60000000 5.70000000 6.65000000 6.65000000 7.12500000 7.12500000 7.12500000 9.50000000 7.60000000 6.17500000 9.97500000 9.50000000 9.02500000 11.87500000 10.45000000 9.97500000 9.97500000 9.50000000 9.97500000 9.50000000 7.12500000 10.92500000
3.32500000 4.75000000 0.00000000 1.42500000 1.42500000 4.27500000 3.80000000 3.80000000 1.42500000 2.37500000 1.90000000 1.42500000 2.37500000 1.90000000 4.75000000 0.95000000 2.85000000 0.95000000 5.22500000 3.80000000 7.60000000 4.27500000 2.37500000 1.90000000 4.75000000 3.80000000 3.80000000 1.90000000 2.85000000 10.45000000 5.40000000 2.85000000 3.80000000 4.75000000 2.37500000 8.55000000 5.70000000 5.22500000 3.97500000 4.75000000 3.32500000 6.17500000 6.17500000 3.50000000 6.65000000 9.50000000 4.27500000 7.12500000 8.55000000 7.12500000 5.70000000 9.50000000 6.65000000 7.60000000 7.60000000 5.22500000 8.55000000 9.02500000 4.75000000 8.55000000
0.95000000 5.70000000 1.42500000 0.00000000 0.95000000 7.12500000 2.37500000 2.85000000 0.00000000 0.95000000 4.45000000 0.47500000 0.47500000 0.95000000 2.37500000 1.42500000 1.90000000 5.70000000 0.95000000 7.60000000 2.85000000 6.17500000 2.85000000 3.80000000 9.02500000 1.42500000 4.27500000 4.75000000 5.22500000 7.12500000 2.37500000 4.75000000 3.32500000 6.17500000 3.32500000 9.50000000 6.65000000 3.80000000 5.70000000 4.27500000 5.22500000 6.65000000 4.27500000 4.27500000 8.55000000 9.02500000 4.27500000 7.60000000 7.12500000 9.50000000 5.22500000 10.92500000 6.65000000 6.17500000 9.02500000 7.12500000 7.12500000 6.65000000 5.22500000 8.07500000
2.85000000 6.65000000 1.42500000 0.95000000 0.00000000 6.65000000 2.85000000 2.85000000 0.95000000 0.95000000 0.47500000 1.42500000 0.95000000 0.95000000 2.37500000 1.42500000 1.90000000 4.75000000 0.00000000 7.60000000 2.37500000 4.27500000 2.07500000 3.80000000 5.70000000 1.90000000 3.50000000 3.80000000 2.85000000 7.60000000 5.10000000 4.75000000 3.80000000 3.80000000 2.07500000 8.55000000 5.22500000 4.27500000 3.97500000 4.75000000 3.32500000 8.07500000 4.75000000 3.50000000 9.02500000 9.50000000 4.27500000 7.12500000 7.60000000 7.12500000 5.70000000 9.50000000 6.65000000 6.65000000 7.60000000 5.70000000 7.60000000 7.60000000 4.75000000 8.55000000
7.12500000 0.47500000 4.27500000 5.22500000 5.22500000 0.00000000 6.65000000 1.90000000 6.17500000 0.47500000 5.70000000 5.22500000 6.65000000 8.07500000 7.60000000 8.07500000 7.12500000 2.85000000 9.02500000 5.70000000 12.35000000 4.75000000 8.55000000 6.17500000 3.80000000 10.92500000 4.75000000 2.37500000 4.75000000 11.87500000 6.35000000 4.27500000 4.75000000 9.02500000 3.32500000 8.07500000 8.55000000 6.17500000 7.12500000 5.70000000 6.17500000 6.65000000 7.12500000 6.65000000 7.12500000 9.02500000 8.07500000 6.17500000 9.50000000 9.50000000 8.55000000 11.87500000 9.97500000 9.50000000 9.97500000 9.50000000 9.50000000 9.02500000 7.12500000 10.92500000
0.47500000 8.55000000 3.32500000 2.37500000 1.90000000 8.55000000 0.00000000 4.75000000 4.75000000 2.85000000 0.47500000 1.42500000 2.37500000 1.90000000 1.90000000 2.37500000 3.80000000 7.60000000 0.95000000 8.55000000 2.37500000 6.65000000 3.32500000 4.75000000 9.50000000 2.85000000 4.75000000 5.70000000 5.70000000 6.65000000 2.85000000 6.17500000 3.80000000 6.65000000 3.80000000 9.50000000 7.12500000 4.27500000 6.17500000 4.75000000 5.70000000 7.12500000 6.17500000 3.80000000 11.40000000 9.50000000 4.75000000 9.50000000 8.55000000 9.97500000 5.70000000 11.40000000 9.50000000 6.65000000 9.50000000 7.60000000 7.60000000 7.12500000 5.70000000 8.55000000
4.75000000 2.37500000 3.80000000 2.85000000 2.85000000 1.90000000 5.22500000 0.00000000 2.85000000 2.85000000 3.32500000 2.85000000 3.80000000 2.85000000 5.22500000 5.70000000 5.22500000 0.95000000 6.65000000 0.95000000 9.97500000 5.22500000 3.32500000 4.75000000 4.27500000 3.80000000 4.27500000 1.90000000 2.85000000 6.17500000 5.40000000 3.32500000 3.80000000 4.75000000 2.37500000 8.55000000 6.17500000 5.22500000 3.97500000 4.75000000 3.32500000 6.17500000 6.17500000 3.50000000 7.12500000 9.50000000 4.27500000 6.17500000 8.55000000 7.12500000 5.70000000 9.50000000 6.65000000 7.60000000 7.60000000 5.70000000 8.55000000 9.02500000 4.75000000 8.55000000
2.37500000 4.75000000 1.42500000 0.00000000 0.95000000 6.65000000 3.80000000 2.85000000 0.00000000 0.95000000 1.90000000 0.47500000 0.47500000 0.95000000 0.95000000 1.42500000 1.90000000 7.60000000 0.95000000 7.60000000 3.32500000 4.27500000 3.32500000 3.80000000 6.17500000 1.90000000 4.75000000 4.75000000 5.70000000 7.60000000 2.85000000 4.75000000 3.80000000 6.65000000 3.80000000 9.50000000 7.12500000 4.27500000 6.17500000 4.75000000 5.70000000 7.12500000 5.22500000 3.80000000 7.12500000 8.55000000 4.75000000 9.97500000 8.55000000 9.97500000 5.70000000 11.40000000 7.12500000 7.60000000 9.50000000 8.07500000 8.55000000 8.07500000 5.70000000 8.55000000
3.32500000 0.95000000 2.37500000 1.42500000 1.42500000 0.47500000 3.80000000 1.42500000 1.42500000 0.00000000 1.90000000 1.42500000 2.85000000 1.42500000 3.80000000 4.27500000 3.32500000 3.80000000 5.22500000 3.32500000 8.55000000 3.80000000 1.90000000 0.95000000 2.85000000 3.32500000 3.32500000 0.95000000 3.80000000 5.70000000 4.92500000 2.85000000 3.32500000 3.32500000 1.90000000 2.85000000 4.75000000 4.75000000 5.22500000 10.92500000 4.27500000 2.85000000 5.22500000 4.75000000 5.70000000 7.12500000 5.22500000 2.85000000 7.60000000 8.07500000 6.65000000 10.45000000 7.12500000 6.65000000 8.55000000 6.65000000 7.60000000 7.12500000 5.70000000 9.50000000
0.47500000 6.17500000 1.90000000 4.45000000 0.47500000 7.60000000 0.47500000 3.32500000 1.90000000 1.42500000 0.00000000 0.00000000 0.95000000 0.47500000 1.90000000 0.95000000 3.32500000 5.22500000 0.95000000 7.12500000 1.42500000 6.65000000 3.32500000 3.32500000 9.50000000 1.90000000 5.22500000 4.27500000 5.70000000 6.17500000 2.85000000 6.17500000 2.85000000 6.65000000 3.80000000 9.02500000 6.17500000 3.32500000 5.22500000 3.80000000 4.75000000 6.17500000 4.27500000 2.85000000 7.12500000 7.60000000 3.80000000 9.02500000 5.70000000 9.02500000 5.70000000 10.45000000 6.65000000 4.75000000 8.55000000 7.60000000 5.70000000 5.22500000 4.75000000 7.60000000
2.37500000 5.70000000 1.90000000 0.47500000 1.42500000 5.70000000 1.90000000 2.85000000 0.47500000 1.90000000 0.00000000 0.00000000 0.95000000 0.95000000 2.85000000 1.90000000 1.42500000 3.80000000 3.32500000 6.65000000 6.65000000 3.32500000 2.37500000 1.90000000 5.22500000 3.80000000 5.22500000 2.85000000 3.32500000 5.22500000 5.40000000 2.85000000 3.80000000 3.32500000 1.90000000 8.55000000 5.70000000 5.22500000 3.50000000 4.75000000 2.85000000 6.17500000 5.70000000 3.02500000 7.12500000 10.45000000 3.80000000 5.70000000 8.55000000 6.65000000 5.22500000 7.12500000 6.17500000 7.60000000 7.12500000 4.75000000 8.55000000 8.07500000 4.27500000 8.07500000
2.37500000 8.07500000 2.85000000 0.47500000 1.42500000 7.12500000 2.85000000 4.27500000 0.47500000 2.85000000 0.47500000 0.95000000 0.00000000 1.42500000 1.90000000 1.90000000 1.90000000 7.12500000 0.95000000 8.07500000 2.37500000 4.75000000 2.55000000 3.32500000 6.65000000 1.90000000 4.45000000 4.27500000 3.32500000 6.65000000 2.85000000 4.27500000 3.80000000 4.27500000 2.55000000 9.02500000 5.70000000 4.27500000 4.45000000 4.75000000 3.80000000 7.60000000 4.75000000 3.80000000 8.55000000 8.55000000 4.75000000 7.60000000 8.55000000 7.60000000 5.70000000 9.97500000 7.12500000 7.60000000 8.07500000 8.07500000 8.55000000 8.07500000 5.22500000 9.02500000
2.85000000 6.65000000 1.42500000 0.95000000 0.95000000 8.55000000 2.37500000 1.90000000 0.95000000 1.90000000 0.47500000 0.95000000 0.95000000 0.00000000 2.85000000 0.47500000 2.37500000 1.42500000 3.80000000 2.37500000 7.12500000 3.80000000 2.37500000 2.85000000 5.22500000 3.80000000 5.22500000 3.80000000 3.32500000 5.22500000 5.40000000 3.80000000 3.80000000 3.32500000 1.90000000 9.50000000 4.75000000 6.17500000 3.50000000 4.75000000 2.85000000 7.12500000 6.65000000 3.02500000 7.60000000 8.07500000 3.80000000 6.65000000 8.55000000 6.65000000 5.22500000 8.07500000 6.17500000 7.60000000 7.12500000 5.22500000 8.55000000 7.60000000 4.27500000 8.07500000
2.37500000 6.17500000 3.80000000 1.90000000 1.90000000 9.50000000 1.90000000 5.22500000 0.95000000 3.32500000 1.90000000 1.90000000 1.42500000 2.37500000 0.00000000 2.85000000 1.42500000 8.07500000 0.95000000 8.07500000 1.42500000 5.70000000 2.37500000 4.27500000 8.55000000 0.95000000 3.80000000 5.22500000 4.75000000 6.17500000 1.90000000 5.22500000 2.85000000 5.70000000 2.85000000 6.65000000 7.12500000 3.32500000 6.17500000 3.80000000 5.70000000 7.12500000 3.80000000 3.80000000 9.97500000 7.60000000 4.75000000 9.97500000 6.65000000 9.97500000 5.70000000 11.40000000 5.70000000 5.70000000 9.50000000 7.60000000 6.65000000 6.17500000 5.70000000 8.55000000
3.32500000 7.60000000 0.95000000 1.42500000 1.42500000 5.22500000 3.32500000 4.75000000 1.42500000 6.17500000 0.95000000 1.90000000 1.42500000 0.47500000 3.80000000 0.00000000 2.37500000 1.42500000 5.22500000 1.42500000 7.60000000 2.85000000 1.90000000 1.90000000 4.27500000 3.32500000 4.75000000 1.90000000 2.37500000 5.22500000 4.92500000 2.85000000 3.32500000 2.37500000 1.90000000 7.60000000 3.80000000 5.70000000 2.55000000 4.27500000 1.90000000 3.80000000 6.17500000 2.07500000 8.07500000 9.02500000 2.85000000 5.70000000 8.07500000 5.70000000 4.27500000 8.07500000 5.70000000 7.12500000 6.17500000 4.27500000 8.07500000 7.60000000 3.32500000 7.12500000
3.80000000 8.55000000 2.37500000 1.90000000 1.42500000 8.55000000 6.65000000 4.75000000 1.90000000 3.32500000 5.70000000 1.42500000 1.90000000 1.90000000 0.95000000 2.37500000 0.00000000 5.70000000 0.95000000 8.55000000 2.37500000 5.22500000 2.55000000 4.75000000 7.12500000 1.90000000 3.97500000 4.75000000 3.80000000 7.60000000 5.57500000 5.70000000 3.80000000 4.75000000 2.55000000 9.50000000 6.17500000 4.27500000 4.45000000 4.75000000 3.80000000 9.02500000 5.22500000 3.80000000 9.97500000 8.55000000 4.75000000 8.07500000 7.60000000 8.07500000 5.70000000 10.45000000 6.65000000 6.65000000 8.55000000 5.70000000 7.60000000 7.12500000 5.22500000 9.50000000
4.75000000 4.27500000 0.95000000 2.85000000 3.80000000 2.85000000 4.27500000 0.95000000 2.85000000 3.80000000 2.37500000 1.90000000 3.32500000 2.37500000 5.22500000 1.42500000 3.80000000 0.00000000 5.70000000 0.95000000 9.02500000 4.75000000 2.37500000 1.90000000 3.80000000 3.80000000 3.80000000 1.90000000 2.85000000 6.17500000 5.40000000 2.85000000 3.80000000 4.27500000 2.37500000 6.65000000 5.70000000 5.22500000 6.17500000 4.75000000 5.22500000 5.70000000 5.70000000 5.70000000 5.22500000 9.50000000 6.17500000 5.70000000 8.55000000 8.07500000 7.60000000 9.50000000 9.02500000 7.60000000 8.55000000 7.60000000 8.55000000 9.02500000 5.70000000 9.50000000
4.75000000 8.55000000 2.37500000 1.90000000 0.00000000 9.97500000 0.95000000 5.70000000 1.42500000 3.80000000 0.47500000 2.37500000 0.95000000 2.85000000 0.95000000 3.32500000 0.95000000 8.55000000 0.00000000 8.55000000 1.90000000 6.65000000 2.85000000 5.70000000 9.02500000 1.42500000 4.27500000 6.65000000 5.22500000 7.12500000 2.37500000 5.70000000 3.32500000 6.17500000 3.32500000 7.12500000 7.60000000 3.80000000 6.65000000 4.27500000 6.17500000 7.60000000 4.27500000 5.22500000 13.30000000 9.02500000 5.22500000 10.45000000 7.12500000 10.45000000 6.17500000 10.92500000 6.17500000 6.17500000 9.02500000 8.07500000 7.12500000 6.65000000 6.17500000 9.02500000
4.75000000 2.37500000 2.85000000 2.85000000 4.75000000 6.65000000 4.27500000 3.32500000 2.85000000 1.90000000 2.37500000 7.12500000 2.85000000 3.32500000 4.75000000 1.42500000 3.80000000 0.95000000 5.70000000 0.00000000 9.02500000 4.92500000 2.37500000 2.07500000 3.97500000 3.80000000 3.80000000 1.12500000 4.92500000 6.17500000 4.75000000 3.02500000 4.75000000 4.45000000 5.40000000 6.82500000 4.92500000 6.17500000 6.35000000 11.57500000 5.40000000 4.92500000 13.00000000 5.87500000 5.87500000 8.25000000 6.35000000 4.92500000 8.72500000 8.25000000 7.77500000 8.72500000 8.72500000 7.77500000 8.72500000 7.77500000 8.72500000 8.25000000 5.87500000 9.67500000
7.12500000 10.92500000 3.80000000 2.85000000 2.37500000 11.40000000 2.37500000 7.12500000 6.17500000 5.70000000 1.42500000 3.80000000 2.37500000 4.27500000 1.42500000 4.75000000 2.37500000 10.92500000 1.90000000 10.92500000 0.00000000 5.70000000 2.37500000 6.17500000 8.55000000 3.80000000 3.80000000 6.17500000 4.75000000 0.95000000 4.75000000 5.22500000 7.12500000 5.70000000 4.75000000 6.65000000 8.07500000 2.37500000 7.12500000 6.65000000 6.65000000 8.07500000 2.85000000 5.70000000 13.30000000 10.45000000 5.70000000 10.92500000 5.70000000 10.92500000 6.65000000 11.40000000 5.70000000 4.75000000 9.50000000 8.55000000 5.70000000 5.22500000 6.65000000 9.50000000
10.45000000 7.12500000 3.80000000 5.22500000 3.80000000 9.50000000 6.65000000 7.12500000 3.80000000 2.85000000 5.70000000 4.75000000 3.80000000 3.80000000 5.70000000 2.37500000 4.75000000 4.75000000 5.22500000 3.97500000 9.50000000 0.00000000 2.85000000 2.37500000 1.90000000 6.65000000 2.85000000 2.37500000 0.95000000 7.12500000 4.27500000 2.37500000 5.70000000 3.80000000 2.37500000 3.80000000 2.85000000 7.12500000 2.37500000 4.75000000 0.95000000 5.22500000 6.65000000 1.90000000 6.65000000 4.27500000 1.90000000 4.75000000 4.75000000 4.75000000 3.32500000 7.12500000 4.27500000 3.80000000 5.22500000 3.32500000 4.75000000 4.27500000 2.37500000 6.17500000
8.07500000 7.12500000 2.37500000 2.85000000 2.37500000 16.15000000 3.32500000 3.32500000 6.17500000 9.50000000 2.37500000 2.37500000 2.55000000 2.37500000 2.37500000 1.90000000 3.50000000 2.37500000 2.85000000 2.37500000 3.32500000 2.85000000 0.00000000 2.37500000 5.22500000 1.42500000 0.00000000 1.90000000 2.85000000 3.80000000 0.47500000 3.32500000 1.42500000 1.90000000 2.85000000 4.75000000 4.27500000 3.80000000 3.02500000 2.37500000 2.37500000 3.80000000 4.27500000 2.55000000 7.12500000 7.12500000 3.32500000 6.17500000 6.17500000 6.17500000 4.75000000 8.55000000 4.75000000 5.22500000 6.65000000 4.75000000 6.17500000 5.70000000 3.80000000 7.60000000
4.75000000 2.85000000 3.80000000 2.85000000 2.85000000 7.60000000 4.27500000 3.80000000 2.85000000 1.90000000 2.37500000 6.65000000 3.32500000 3.80000000 6.17500000 2.37500000 4.27500000 1.90000000 5.70000000 2.07500000 7.12500000 2.37500000 2.37500000 0.00000000 1.42500000 5.22500000 2.37500000 0.47500000 2.37500000 5.22500000 2.85000000 0.47500000 4.27500000 1.90000000 2.85000000 4.75000000 4.75000000 10.92500000 3.80000000 6.17500000 2.85000000 5.22500000 8.07500000 3.32500000 6.17500000 7.60000000 3.80000000 4.75000000 8.07500000 6.65000000 5.22500000 9.02500000 6.65000000 6.17500000 7.12500000 5.22500000 8.07500000 7.60000000 4.27500000 8.07500000
15.67500000 5.22500000 5.22500000 9.50000000 5.22500000 9.97500000 10.92500000 5.70000000 5.22500000 2.85000000 9.97500000 5.70000000 5.22500000 5.22500000 9.97500000 3.80000000 6.17500000 3.80000000 9.50000000 3.97500000 10.92500000 1.90000000 4.27500000 1.42500000 0.00000000 8.07500000 4.27500000 0.95000000 3.80000000 8.55000000 5.70000000 2.37500000 7.12500000 1.42500000 3.32500000 3.80000000 3.80000000 8.55000000 2.37500000 4.27500000 3.32500000 6.17500000 7.12500000 2.85000000 7.12500000 4.27500000 2.85000000 4.27500000 4.75000000 5.70000000 6.65000000 8.07500000 7.12500000 3.80000000 6.17500000 4.27500000 4.75000000 4.27500000 3.32500000 7.12500000
6.65000000 8.55000000 3.80000000 1.42500000 1.90000000 17.57500000 1.90000000 4.75000000 4.75000000 10.45000000 0.95000000 4.75000000 1.90000000 3.32500000 1.90000000 3.32500000 1.90000000 3.80000000 1.42500000 3.80000000 1.90000000 6.65000000 1.42500000 6.17500000 9.02500000 0.00000000 2.85000000 5.70000000 4.75000000 3.32500000 0.95000000 5.22500000 1.42500000 5.70000000 1.90000000 6.65000000 5.70000000 2.37500000 4.27500000 1.42500000 4.27500000 5.22500000 2.37500000 3.32500000 10.92500000 6.17500000 3.32500000 7.60000000 5.22500000 8.55000000 5.22500000 10.92500000 4.27500000 4.27500000 7.12500000 7.12500000 5.22500000 5.70000000 4.27500000 7.12500000
7.60000000 6.65000000 3.32500000 3.32500000 3.32500000 17.10000000 3.80000000 5.70000000 6.65000000 10.92500000 2.85000000 4.27500000 3.50000000 3.32500000 2.85000000 2.85000000 3.97500000 3.80000000 3.32500000 3.80000000 4.27500000 2.85000000 0.00000000 1.90000000 4.75000000 2.37500000 0.00000000 1.42500000 2.37500000 4.75000000 4.92500000 2.85000000 3.32500000 2.85000000 2.85000000 4.27500000 4.27500000 5.70000000 3.02500000 4.27500000 2.37500000 4.27500000 6.17500000 2.55000000 8.07500000 9.02500000 3.32500000 6.17500000 8.07500000 6.17500000 4.75000000 8.55000000 6.17500000 7.12500000 6.65000000 4.27500000 8.07500000 8.07500000 3.80000000 7.60000000
5.70000000 2.37500000 5.70000000 3.80000000 10.45000000 2.85000000 5.22500000 4.75000000 3.80000000 0.95000000 3.32500000 7.60000000 3.80000000 4.75000000 6.17500000 3.32500000 4.75000000 2.85000000 6.65000000 1.12500000 6.17500000 2.37500000 2.37500000 0.95000000 1.42500000 6.17500000 2.37500000 0.00000000 2.37500000 6.65000000 2.85000000 2.85000000 5.22500000 2.37500000 1.90000000 0.47500000 5.22500000 10.92500000 4.75000000 7.60000000 4.27500000 5.70000000 9.50000000 4.75000000 3.80000000 9.02500000 5.70000000 5.22500000 9.50000000 7.60000000 7.12500000 9.02500000 8.55000000 6.65000000 7.12500000 6.65000000 9.50000000 9.02500000 6.17500000 8.07500000
13.30000000 7.12500000 3.80000000 7.12500000 3.80000000 7.60000000 7.60000000 4.75000000 10.45000000 2.85000000 6.65000000 4.75000000 3.80000000 3.80000000 6.65000000 2.37500000 4.75000000 3.80000000 7.12500000 3.97500000 7.60000000 1.42500000 2.85000000 2.37500000 3.80000000 4.75000000 2.85000000 1.90000000 0.00000000 5.22500000 2.37500000 1.42500000 3.80000000 2.85000000 1.42500000 2.85000000 3.80000000 6.17500000 2.85000000 5.22500000 1.90000000 3.32500000 6.17500000 2.37500000 4.27500000 5.70000000 2.85000000 4.27500000 6.17500000 5.70000000 4.27500000 8.07500000 5.22500000 4.27500000 6.17500000 3.80000000 6.17500000 5.22500000 3.32500000 7.12500000
7.12500000 10.45000000 7.12500000 3.80000000 5.70000000 19.47500000 3.32500000 6.65000000 7.12500000 11.87500000 2.37500000 5.70000000 5.70000000 5.70000000 2.37500000 5.22500000 5.70000000 5.22500000 5.22500000 4.27500000 0.95000000 6.65000000 3.32500000 5.70000000 7.12500000 4.27500000 3.32500000 5.70000000 4.27500000 0.00000000 1.42500000 4.75000000 0.95000000 6.17500000 2.37500000 6.17500000 5.70000000 2.37500000 4.27500000 1.90000000 4.75000000 5.22500000 2.85000000 3.80000000 11.40000000 6.65000000 4.75000000 9.02500000 6.65000000 9.02500000 5.70000000 11.40000000 4.75000000 5.70000000 7.60000000 7.60000000 6.65000000 7.12500000 4.75000000 8.55000000
8.55000000 10.45000000 4.75000000 3.32500000 3.80000000 18.52500000 3.80000000 6.65000000 6.65000000 10.45000000 2.85000000 6.17500000 3.80000000 5.22500000 2.85000000 5.22500000 4.45000000 5.70000000 3.32500000 5.40000000 1.90000000 4.75000000 0.47500000 3.80000000 6.65000000 1.90000000 4.45000000 2.85000000 2.37500000 2.37500000 0.00000000 2.85000000 0.95000000 4.27500000 1.90000000 4.27500000 4.75000000 2.37500000 3.50000000 1.90000000 2.85000000 3.80000000 2.85000000 3.80000000 7.12500000 6.65000000 3.80000000 6.65000000 5.70000000 6.65000000 4.75000000 9.02500000 3.80000000 4.75000000 7.12500000 5.22500000 5.70000000 5.22500000 4.27500000 8.07500000
12.82500000 4.75000000 4.75000000 3.80000000 10.45000000 8.55000000 8.07500000 4.75000000 3.80000000 1.90000000 7.12500000 9.02500000 3.80000000 4.75000000 7.12500000 3.32500000 4.75000000 2.85000000 6.65000000 3.02500000 7.12500000 2.37500000 3.32500000 0.47500000 1.42500000 5.22500000 3.32500000 2.85000000 1.42500000 5.22500000 2.85000000 0.00000000 4.27500000 1.90000000 1.90000000 2.37500000 4.75000000 9.97500000 3.80000000 9.50000000 2.85000000 5.22500000 9.97500000 3.32500000 6.17500000 5.70000000 5.22500000 4.75000000 6.17500000 7.12500000 6.65000000 9.50000000 8.07500000 5.22500000 7.60000000 6.17500000 6.17500000 5.70000000 5.70000000 8.55000000
8.55000000 7.60000000 3.80000000 2.37500000 2.85000000 17.57500000 4.75000000 4.75000000 5.70000000 10.45000000 3.80000000 4.27500000 2.85000000 3.32500000 3.80000000 3.32500000 2.85000000 3.80000000 2.37500000 3.80000000 2.85000000 5.70000000 1.42500000 5.22500000 7.60000000 2.85000000 2.85000000 5.22500000 3.80000000 1.42500000 0.95000000 4.27500000 0.00000000 5.70000000 1.90000000 5.70000000 5.22500000 1.42500000 3.32500000 0.95000000 3.80000000 5.22500000 2.37500000 2.85000000 10.92500000 6.65000000 3.80000000 8.07500000 4.75000000 8.07500000 4.75000000 10.45000000 3.80000000 3.80000000 7.60000000 7.60000000 4.75000000 4.75000000 4.75000000 7.60000000
13.30000000 6.17500000 4.75000000 7.12500000 5.70000000 10.45000000 8.55000000 6.17500000 10.45000000 2.37500000 7.60000000 4.75000000 5.22500000 4.75000000 9.50000000 3.32500000 5.70000000 4.27500000 9.02500000 4.45000000 9.50000000 6.17500000 3.80000000 1.90000000 1.90000000 6.65000000 4.75000000 2.85000000 4.75000000 6.65000000 4.27500000 1.90000000 5.70000000 0.00000000 3.32500000 3.32500000 3.32500000 8.55000000 2.37500000 4.27500000 1.42500000 5.22500000 7.12500000 2.85000000 6.17500000 4.27500000 2.37500000 3.80000000 4.75000000 5.22500000 3.80000000 7.60000000 4.75000000 3.80000000 5.70000000 3.80000000 4.75000000 4.27500000 2.85000000 6.65000000
8.55000000 7.12500000 2.37500000 3.32500000 2.37500000 16.15000000 3.80000000 3.32500000 6.65000000 9.02500000 2.85000000 2.85000000 2.55000000 1.90000000 2.85000000 1.90000000 3.50000000 2.37500000 3.32500000 4.45000000 3.80000000 2.37500000 1.90000000 2.85000000 5.22500000 2.85000000 1.90000000 2.37500000 1.42500000 3.32500000 2.85000000 1.90000000 1.90000000 3.32500000 0.00000000 3.32500000 3.80000000 4.27500000 2.55000000 2.85000000 1.90000000 3.80000000 5.22500000 2.07500000 6.17500000 5.70000000 2.85000000 5.70000000 7.60000000 5.70000000 4.27500000 8.07500000 5.70000000 6.65000000 6.17500000 4.27500000 7.60000000 7.60000000 3.32500000 7.12500000
7.60000000 3.80000000 6.65000000 5.70000000 12.35000000 7.60000000 7.12500000 6.65000000 5.70000000 1.90000000 5.22500000 10.92500000 5.70000000 7.12500000 8.55000000 5.22500000 6.65000000 4.75000000 8.07500000 2.07500000 8.55000000 3.80000000 4.75000000 3.80000000 2.85000000 6.65000000 4.75000000 0.47500000 2.85000000 6.65000000 4.27500000 1.90000000 5.70000000 3.32500000 3.32500000 0.00000000 4.27500000 12.82500000 6.17500000 8.07500000 6.17500000 4.75000000 10.45000000 7.12500000 4.75000000 9.50000000 5.70000000 4.27500000 9.97500000 7.60000000 7.12500000 9.97500000 8.55000000 9.97500000 8.07500000 7.12500000 10.92500000 10.92500000 6.17500000 9.02500000
11.87500000 8.07500000 7.60000000 6.65000000 6.17500000 11.87500000 9.97500000 9.97500000 9.97500000 5.70000000 9.02500000 11.87500000 5.22500000 4.75000000 9.02500000 3.80000000 6.17500000 7.60000000 6.65000000 5.87500000 10.92500000 3.80000000 4.27500000 6.65000000 5.70000000 6.65000000 5.22500000 5.22500000 2.85000000 6.17500000 5.70000000 4.27500000 6.17500000 3.32500000 3.80000000 4.27500000 0.00000000 8.07500000 3.32500000 4.27500000 2.37500000 0.47500000 6.65000000 3.32500000 4.75000000 5.70000000 1.90000000 2.37500000 6.17500000 3.80000000 3.32500000 6.17500000 4.27500000 5.22500000 4.27500000 3.32500000 6.17500000 7.12500000 2.37500000 5.22500000
8.07500000 9.97500000 5.22500000 2.85000000 3.32500000 18.52500000 5.22500000 6.17500000 6.17500000 13.30000000 3.32500000 5.22500000 3.32500000 4.75000000 3.32500000 4.75000000 3.32500000 6.17500000 2.85000000 6.17500000 6.17500000 7.12500000 2.85000000 7.12500000 9.02500000 3.32500000 5.22500000 8.55000000 5.22500000 2.37500000 2.37500000 8.07500000 1.42500000 6.65000000 3.32500000 10.92500000 6.17500000 0.00000000 4.27500000 3.80000000 4.75000000 5.70000000 1.90000000 7.60000000 11.40000000 5.70000000 8.55000000 9.02500000 4.27500000 9.02500000 5.70000000 11.40000000 4.75000000 3.32500000 11.40000000 8.07500000 4.27500000 5.70000000 7.60000000 8.55000000
12.35000000 7.60000000 4.27500000 6.17500000 5.22500000 12.35000000 8.55000000 5.22500000 9.50000000 4.27500000 7.60000000 4.27500000 4.75000000 4.27500000 7.60000000 2.85000000 5.70000000 6.17500000 6.17500000 7.30000000 6.65000000 2.37500000 3.32500000 3.80000000 3.80000000 5.22500000 3.97500000 4.27500000 2.85000000 4.75000000 3.50000000 3.80000000 3.80000000 2.37500000 2.55000000 7.12500000 2.37500000 6.65000000 0.00000000 2.85000000 2.37500000 1.90000000 4.75000000 2.37500000 7.60000000 3.32500000 3.32500000 3.32500000 3.80000000 3.32500000 4.75000000 5.70000000 5.70000000 2.85000000 3.80000000 4.75000000 3.80000000 3.32500000 3.80000000 4.75000000
8.55000000 9.50000000 4.75000000 2.37500000 2.85000000 18.52500000 5.70000000 5.70000000 5.70000000 6.17500000 3.80000000 5.22500000 2.85000000 4.27500000 3.80000000 4.27500000 2.85000000 5.70000000 2.37500000 8.25000000 5.70000000 4.27500000 2.37500000 5.70000000 6.65000000 2.37500000 4.75000000 6.17500000 3.80000000 2.85000000 1.90000000 5.70000000 1.90000000 4.27500000 2.85000000 8.55000000 3.80000000 3.80000000 2.85000000 0.00000000 2.85000000 3.32500000 2.85000000 2.37500000 8.07500000 1.42500000 3.32500000 4.27500000 1.42500000 5.70000000 3.32500000 8.07500000 2.37500000 0.47500000 6.17500000 5.22500000 1.42500000 1.90000000 3.80000000 6.65000000
10.92500000 7.60000000 3.32500000 5.70000000 4.27500000 10.92500000 7.12500000 4.27500000 9.02500000 3.32500000 6.17500000 3.32500000 3.80000000 2.85000000 7.12500000 1.90000000 4.27500000 5.22500000 5.70000000 4.45000000 8.07500000 1.90000000 2.37500000 2.85000000 3.32500000 4.27500000 3.32500000 3.32500000 0.95000000 4.27500000 2.85000000 2.85000000 3.32500000 1.42500000 1.90000000 6.65000000 1.90000000 7.12500000 1.90000000 2.37500000 0.00000000 1.90000000 4.27500000 1.90000000 4.27500000 4.27500000 0.95000000 3.80000000 4.27500000 3.32500000 3.32500000 6.65000000 4.75000000 3.80000000 4.75000000 2.85000000 4.75000000 4.27500000 2.37500000 5.70000000
11.87500000 8.72500000 8.25000000 5.70000000 13.95000000 11.57500000 9.02500000 10.15000000 9.02500000 6.35000000 8.07500000 12.05000000 7.30000000 8.25000000 8.07500000 3.32500000 8.72500000 8.25000000 5.70000000 6.52500000 9.97500000 6.35000000 3.80000000 7.30000000 5.40000000 5.22500000 4.27500000 5.87500000 2.37500000 4.75000000 4.27500000 5.40000000 6.17500000 5.87500000 3.80000000 3.32500000 0.95000000 7.12500000 2.37500000 4.27500000 1.42500000 0.00000000 7.60000000 3.32500000 5.22500000 5.70000000 0.95000000 1.90000000 6.17500000 2.85000000 2.37500000 5.22500000 3.80000000 5.22500000 3.32500000 1.90000000 6.17500000 6.17500000 1.42500000 4.27500000
8.07500000 11.40000000 6.65000000 2.85000000 3.32500000 19.47500000 4.27500000 7.60000000 6.17500000 14.25000000 3.32500000 6.65000000 3.32500000 6.65000000 3.32500000 6.17500000 4.75000000 7.60000000 2.85000000 10.62500000 6.17500000 8.07500000 4.27500000 8.07500000 9.97500000 3.32500000 7.12500000 9.02500000 8.07500000 1.90000000 3.80000000 8.55000000 2.85000000 7.12500000 4.75000000 11.40000000 6.65000000 1.90000000 4.75000000 3.32500000 5.70000000 6.17500000 0.00000000 3.32500000 11.87500000 1.42500000 4.27500000 9.50000000 3.80000000 6.65000000 4.27500000 9.02500000 3.80000000 2.85000000 7.12500000 7.12500000 3.80000000 4.27500000 6.65000000 8.07500000
10.45000000 7.12500000 3.80000000 4.27500000 4.75000000 11.87500000 6.65000000 4.75000000 7.60000000 3.80000000 5.70000000 4.27500000 4.75000000 3.80000000 6.65000000 2.37500000 4.75000000 5.70000000 4.27500000 5.87500000 7.60000000 2.85000000 2.85000000 3.32500000 4.75000000 4.27500000 3.02500000 4.75000000 3.32500000 3.80000000 3.80000000 4.27500000 2.85000000 2.85000000 2.07500000 7.12500000 2.37500000 6.65000000 2.37500000 2.37500000 0.95000000 2.37500000 4.27500000 0.00000000 7.60000000 2.37500000 1.90000000 4.27500000 2.85000000 3.80000000 3.80000000 6.17500000 4.75000000 2.85000000 5.22500000 3.80000000 2.85000000 2.37500000 2.85000000 5.70000000
8.55000000 7.60000000 7.60000000 6.65000000 13.30000000 11.40000000 9.50000000 9.02500000 6.65000000 5.22500000 8.55000000 11.40000000 6.65000000 8.07500000 8.55000000 6.17500000 7.60000000 7.12500000 6.17500000 5.40000000 9.50000000 4.75000000 5.70000000 6.17500000 3.80000000 5.70000000 5.70000000 3.80000000 3.80000000 9.02500000 5.22500000 5.22500000 8.07500000 4.27500000 4.27500000 2.85000000 2.85000000 11.87500000 7.12500000 7.60000000 4.75000000 5.22500000 8.55000000 5.22500000 0.00000000 8.55000000 3.80000000 0.47500000 9.02500000 5.70000000 5.22500000 8.07500000 6.65000000 8.07500000 6.17500000 5.22500000 9.02500000 9.02500000 4.27500000 7.12500000
11.40000000 9.50000000 6.65000000 4.27500000 4.75000000 13.77500000 6.65000000 7.60000000 7.60000000 6.17500000 5.70000000 7.12500000 4.75000000 6.17500000 5.70000000 6.17500000 4.75000000 6.65000000 4.27500000 8.25000000 13.30000000 5.70000000 4.27500000 5.70000000 7.12500000 4.27500000 6.65000000 7.12500000 4.75000000 4.75000000 3.80000000 6.65000000 7.60000000 5.22500000 4.75000000 10.45000000 5.70000000 6.82500000 3.80000000 2.85000000 4.27500000 5.22500000 1.90000000 2.37500000 10.45000000 0.00000000 3.32500000 7.60000000 2.37500000 5.70000000 3.32500000 8.07500000 2.85000000 1.42500000 6.17500000 5.22500000 2.37500000 1.90000000 5.22500000 7.12500000
13.30000000 7.60000000 5.22500000 8.07500000 6.17500000 12.35000000 9.50000000 6.17500000 11.40000000 4.27500000 8.55000000 5.22500000 8.55000000 5.22500000 9.50000000 3.80000000 6.17500000 6.17500000 8.07500000 6.35000000 10.45000000 3.80000000 4.27500000 3.80000000 5.70000000 7.12500000 5.22500000 7.60000000 2.85000000 6.17500000 3.80000000 7.12500000 5.70000000 3.32500000 3.80000000 6.65000000 1.90000000 8.55000000 2.85000000 3.80000000 1.42500000 0.95000000 4.75000000 1.90000000 6.17500000 3.32500000 0.00000000 2.37500000 3.80000000 2.55000000 2.07500000 4.92500000 3.02500000 2.55000000 3.02500000 1.60000000 5.87500000 4.45000000 1.12500000 3.97500000
10.45000000 8.07500000 7.12500000 8.07500000 7.60000000 11.87500000 11.40000000 9.50000000 11.40000000 5.70000000 10.45000000 11.40000000 7.12500000 7.12500000 10.45000000 5.70000000 7.60000000 7.60000000 8.07500000 5.87500000 12.35000000 5.22500000 5.70000000 6.65000000 7.12500000 7.60000000 6.65000000 5.22500000 4.75000000 7.60000000 6.17500000 4.27500000 8.55000000 5.22500000 5.22500000 2.37500000 3.32500000 9.50000000 4.75000000 6.65000000 3.80000000 2.37500000 9.97500000 5.70000000 0.47500000 8.07500000 3.32500000 0.00000000 8.55000000 5.70000000 4.75000000 8.07500000 6.17500000 7.60000000 6.17500000 4.27500000 8.55000000 8.55000000 3.80000000 7.12500000
11.40000000 9.97500000 7.60000000 4.27500000 4.75000000 13.77500000 7.60000000 8.55000000 7.60000000 6.65000000 6.65000000 8.07500000 4.75000000 7.60000000 6.65000000 7.12500000 4.75000000 7.60000000 4.27500000 8.72500000 11.40000000 6.17500000 4.27500000 6.17500000 8.07500000 4.27500000 5.70000000 7.60000000 6.17500000 5.70000000 3.80000000 7.12500000 5.70000000 5.70000000 4.75000000 10.92500000 6.17500000 6.65000000 3.32500000 1.42500000 5.22500000 6.17500000 3.80000000 2.85000000 11.87500000 2.37500000 3.80000000 9.02500000 0.00000000 7.12500000 4.75000000 9.50000000 3.80000000 1.42500000 6.65000000 6.65000000 2.37500000 2.85000000 6.65000000 7.60000000
14.72500000 8.07500000 7.12500000 7.60000000 8.07500000 8.55000000 9.97500000 8.07500000 10.92500000 6.17500000 9.02500000 7.12500000 8.55000000 6.65000000 9.97500000 5.70000000 8.07500000 8.07500000 7.60000000 8.25000000 10.92500000 5.70000000 7.12500000 5.70000000 7.60000000 7.60000000 8.07500000 8.55000000 4.75000000 8.07500000 6.65000000 8.07500000 7.12500000 5.22500000 6.65000000 9.50000000 3.80000000 10.92500000 6.17500000 6.17500000 4.75000000 2.85000000 7.12500000 4.75000000 8.07500000 5.70000000 2.55000000 4.27500000 6.17500000 0.00000000 3.32500000 0.95000000 4.75000000 3.80000000 1.90000000 3.80000000 8.07500000 7.12500000 1.90000000 1.90000000
11.40000000 9.02500000 6.65000000 4.27500000 7.60000000 13.30000000 7.60000000 7.60000000 7.60000000 5.70000000 6.65000000 7.12500000 4.75000000 6.65000000 6.65000000 5.22500000 4.75000000 7.60000000 4.27500000 7.77500000 12.35000000 5.22500000 6.65000000 5.22500000 6.65000000 3.80000000 7.12500000 8.07500000 4.27500000 5.70000000 3.80000000 7.60000000 6.65000000 4.75000000 5.22500000 8.07500000 3.32500000 6.65000000 5.70000000 2.37500000 3.80000000 2.37500000 4.27500000 3.80000000 7.60000000 2.37500000 2.07500000 3.80000000 1.90000000 2.37500000 0.00000000 4.75000000 0.95000000 1.42500000 2.85000000 3.97500000 3.80000000 2.37500000 2.85000000 3.80000000
17.10000000 10.45000000 9.50000000 9.97500000 9.50000000 16.15000000 12.35000000 10.45000000 13.30000000 9.50000000 11.40000000 9.50000000 10.92500000 9.50000000 12.35000000 8.07500000 10.92500000 10.45000000 9.97500000 10.62500000 13.30000000 8.07500000 9.50000000 8.07500000 9.50000000 9.97500000 9.50000000 11.87500000 7.12500000 10.45000000 9.02500000 11.40000000 9.50000000 7.60000000 9.02500000 11.87500000 6.17500000 13.30000000 8.07500000 9.02500000 6.65000000 5.22500000 9.50000000 6.65000000 10.92500000 8.07500000 4.92500000 8.07500000 7.60000000 0.95000000 5.70000000 0.00000000 6.65000000 6.17500000 0.47500000 5.70000000 9.50000000 9.50000000 4.27500000 1.42500000
11.87500000 9.97500000 7.60000000 4.75000000 5.22500000 12.35000000 8.07500000 8.55000000 8.07500000 6.65000000 7.12500000 8.07500000 5.22500000 7.12500000 7.12500000 6.17500000 5.22500000 8.55000000 4.75000000 8.72500000 12.82500000 6.17500000 4.75000000 6.17500000 8.07500000 4.75000000 8.07500000 9.02500000 5.22500000 6.17500000 4.27500000 8.55000000 7.12500000 5.70000000 7.12500000 9.02500000 4.27500000 7.12500000 6.65000000 2.37500000 4.75000000 3.32500000 4.75000000 5.22500000 8.07500000 2.85000000 3.02500000 5.22500000 2.37500000 4.75000000 0.95000000 7.12500000 0.00000000 0.95000000 5.22500000 2.85000000 5.22500000 2.37500000 2.85000000 6.17500000
9.50000000 7.60000000 6.65000000 3.32500000 3.80000000 10.45000000 5.70000000 7.60000000 6.65000000 5.70000000 4.75000000 6.65000000 3.80000000 6.17500000 5.70000000 6.17500000 3.80000000 6.65000000 3.32500000 7.77500000 4.75000000 5.22500000 3.32500000 5.22500000 6.65000000 2.85000000 5.22500000 7.12500000 4.27500000 3.80000000 2.85000000 7.12500000 3.80000000 5.70000000 3.80000000 9.97500000 5.22500000 5.70000000 2.37500000 0.47500000 3.80000000 5.22500000 2.85000000 1.90000000 10.45000000 1.42500000 3.50000000 8.07500000 1.90000000 3.80000000 1.42500000 6.17500000 0.47500000 0.00000000 4.27500000 4.27500000 3.32500000 0.47500000 4.27500000 5.22500000
16.15000000 8.55000000 7.60000000 9.02500000 7.60000000 14.25000000 12.35000000 8.55000000 12.35000000 6.65000000 11.40000000 7.60000000 9.02500000 7.12500000 11.40000000 6.17500000 9.02500000 8.55000000 8.07500000 8.72500000 13.30000000 6.17500000 7.60000000 6.17500000 7.60000000 8.55000000 8.55000000 9.97500000 5.22500000 8.55000000 7.12500000 9.50000000 8.55000000 5.70000000 7.12500000 10.92500000 4.27500000 11.40000000 6.17500000 6.65000000 5.22500000 3.32500000 6.65000000 5.22500000 8.55000000 5.22500000 3.02500000 6.17500000 4.75000000 1.90000000 3.80000000 2.85000000 4.27500000 3.32500000 0.00000000 1.90000000 6.65000000 6.65000000 1.42500000 0.95000000
13.77500000 8.55000000 6.17500000 9.50000000 7.12500000 13.30000000 11.87500000 7.12500000 12.82500000 4.75000000 10.92500000 6.17500000 9.97500000 6.17500000 11.87500000 4.75000000 7.12500000 7.12500000 9.50000000 7.30000000 15.67500000 4.75000000 6.17500000 4.75000000 6.17500000 9.50000000 7.12500000 7.12500000 3.80000000 9.02500000 4.75000000 6.65000000 10.92500000 4.27500000 5.70000000 8.07500000 2.85000000 11.40000000 4.27500000 6.65000000 3.32500000 1.42500000 8.07500000 3.32500000 4.75000000 6.65000000 1.60000000 2.85000000 6.17500000 2.37500000 2.85000000 5.22500000 3.32500000 4.27500000 1.42500000 0.00000000 7.12500000 4.75000000 0.95000000 2.37500000
11.40000000 9.97500000 7.60000000 4.27500000 4.75000000 14.72500000 7.60000000 8.55000000 7.60000000 7.60000000 6.65000000 8.07500000 4.75000000 7.12500000 6.65000000 7.12500000 4.75000000 7.60000000 4.27500000 8.72500000 11.40000000 6.17500000 4.27500000 6.17500000 8.07500000 4.27500000 5.70000000 7.60000000 6.17500000 5.70000000 3.80000000 7.12500000 5.70000000 5.70000000 4.75000000 9.97500000 5.22500000 6.65000000 4.27500000 1.42500000 4.27500000 5.22500000 3.80000000 2.85000000 10.92500000 2.37500000 5.87500000 8.07500000 2.37500000 7.12500000 4.75000000 9.50000000 3.80000000 3.80000000 7.60000000 5.70000000 0.00000000 0.95000000 5.70000000 8.55000000
10.45000000 7.60000000 6.65000000 3.32500000 3.80000000 13.30000000 6.65000000 7.60000000 6.65000000 5.70000000 5.70000000 6.65000000 3.80000000 6.17500000 5.70000000 6.17500000 3.80000000 6.65000000 3.32500000 7.77500000 10.45000000 5.22500000 3.32500000 5.22500000 6.65000000 3.32500000 4.75000000 6.65000000 5.22500000 5.70000000 2.85000000 7.12500000 5.70000000 5.70000000 3.80000000 10.92500000 5.22500000 6.17500000 2.37500000 1.42500000 3.80000000 4.27500000 3.80000000 1.90000000 11.87500000 1.42500000 3.97500000 9.02500000 1.42500000 6.17500000 2.85000000 8.55000000 2.85000000 0.47500000 6.65000000 4.75000000 0.95000000 0.00000000 4.75000000 7.60000000
13.30000000 6.65000000 5.70000000 7.12500000 6.65000000 10.92500000 9.50000000 6.65000000 7.60000000 4.75000000 8.55000000 6.17500000 6.65000000 5.22500000 9.50000000 4.27500000 6.65000000 6.65000000 7.12500000 6.82500000 10.45000000 4.27500000 5.70000000 4.27500000 5.70000000 6.65000000 5.70000000 7.12500000 3.32500000 6.65000000 4.27500000 6.65000000 6.65000000 3.80000000 5.22500000 8.07500000 2.37500000 10.92500000 4.75000000 4.75000000 2.85000000 1.42500000 7.60000000 2.85000000 4.75000000 6.17500000 1.12500000 2.85000000 5.70000000 1.90000000 2.55000000 5.22500000 2.85000000 3.80000000 1.42500000 1.42500000 6.65000000 4.27500000 0.00000000 2.37500000
15.20000000 8.55000000 7.60000000 8.07500000 7.60000000 14.72500000 10.45000000 8.55000000 11.40000000 6.65000000 9.50000000 8.07500000 9.02500000 7.12500000 10.45000000 6.17500000 9.02500000 8.55000000 8.07500000 8.72500000 11.40000000 6.17500000 7.60000000 6.17500000 7.60000000 7.60000000 8.55000000 9.97500000 5.22500000 8.55000000 7.12500000 9.50000000 7.60000000 5.70000000 7.12500000 9.97500000 4.27500000 12.35000000 6.17500000 7.60000000 4.75000000 3.32500000 7.60000000 6.17500000 9.02500000 6.17500000 3.97500000 6.17500000 5.70000000 2.85000000 4.75000000 0.95000000 5.22500000 4.27500000 0.95000000 3.32500000 7.60000000 7.60000000 2.37500000 0.00000000
