0.00000000 36.36396103 40.60660172 10.60660172 25.09188309 42.72792206 8.12132034 68.22792206 19.09188309 55.45584412 17.74264069 48.93198052 8.43198052 46.60660172 29.22792206 34.24264069 28.97056275 40.60660172 6.36396103 33.18198052 17.17462120 77.90254326 56.23706704 39.05330086 79.65990258 25.40254326 59.23706704 56.90254326 61.60660172 33.78122292 44.80508653 65.79594155 45.15990258 89.69848481 67.77564928 67.87310601 116.44112550 63.78122292 99.53300859 65.95584412 90.10660172 123.26650429 79.87310601 90.47970773 106.09188309 88.56244584 117.32895014 120.73706704 115.19848481 152.61017306 124.72234842 184.11017306 117.73706704 103.56244584 167.55687220 140.65432893 127.15432893 113.38782464 149.45027048 181.78479426
36.36396103 0.00000000 8.48528137 49.09188309 20.59188309 15.36396103 67.65990258 22.60660172 40.60660172 22.09188309 59.43198052 25.34924240 28.24264069 49.81980515 14.84924240 4.24264069 14.84924240 35.33452378 4.24264069 35.30330086 15.05330086 91.35838739 24.67462120 41.79594155 74.38782464 23.28122292 22.03858223 59.64518395 31.60660172 31.65990258 39.00914498 68.53858223 63.53300859 78.57716447 42.67462120 70.61574670 108.15990258 80.96498910 115.72234842 82.51828996 114.16904756 103.14518395 97.05687220 132.43555185 108.83452378 152.35281374 136.41168825 122.85838739 131.76093065 168.17819254 166.26093065 199.67819254 173.24621202 120.12489168 183.12489168 160.62489168 143.71677477 129.95027048 165.01828996 197.35281374
40.60660172 8.48528137 0.00000000 53.33452378 24.83452378 14.84924240 71.90254326 19.09188309 44.84924240 27.57716447 63.67462120 19.34924240 32.48528137 23.48528137 19.09188309 8.48528137 19.09188309 41.18376618 8.48528137 45.60838739 19.29594155 52.14518395 28.91726189 51.47970773 53.90254326 27.52386361 26.28122292 69.32895014 35.84924240 35.90254326 43.25178567 78.22234842 67.77564928 63.94112550 46.91726189 80.29951288 90.68376618 85.20762979 64.97056275 86.76093065 64.34924240 112.82895014 101.29951288 81.68376618 118.51828996 101.60102807 86.59188309 94.97970773 136.00357134 118.35838739 116.44112550 149.85838739 123.42640687 124.36753237 133.30508653 110.80508653 147.95941546 134.19291117 115.19848481 147.53300859
10.60660172 49.09188309 53.33452378 0.00000000 37.81980515 55.45584412 21.36396103 80.95584412 8.48528137 68.18376618 24.10660172 61.65990258 21.15990258 59.33452378 26.22792206 46.97056275 41.69848481 53.33452378 31.24264069 45.90990258 42.93198052 90.63046533 81.99442636 51.78122292 92.38782464 51.15990258 64.76650429 69.63046533 74.33452378 59.53858223 70.56244584 78.52386361 70.91726189 102.42640687 93.53300859 80.60102807 129.16904756 89.53858223 103.45584412 91.71320344 102.83452378 135.99442636 105.63046533 116.23706704 118.81980515 114.31980515 143.08630945 133.46498910 140.95584412 156.84366876 150.47970773 188.34366876 143.49442636 129.31980515 171.79036790 166.41168825 152.91168825 139.14518395 153.68376618 186.01828996
25.09188309 20.59188309 24.83452378 37.81980515 0.00000000 26.95584412 56.38782464 52.45584412 29.33452378 39.68376618 48.15990258 33.15990258 19.97056275 30.83452378 44.95584412 18.47056275 27.36396103 24.83452378 25.45584412 17.40990258 36.26650429 62.13046533 38.90254326 23.28122292 63.88782464 44.49442636 36.26650429 41.13046533 45.83452378 52.87310601 53.23706704 50.02386361 64.25178567 73.92640687 56.90254326 52.10102807 100.66904756 82.87310601 74.95584412 85.04772721 74.33452378 107.49442636 98.96498910 91.66904756 90.31980515 107.65432893 96.57716447 104.96498910 134.29036790 128.34366876 126.42640687 159.84366876 133.41168825 122.65432893 143.29036790 120.79036790 146.24621202 132.47970773 125.18376618 157.51828996
42.72792206 15.36396103 14.84924240 55.45584412 26.95584412 0.00000000 74.02386361 34.24264069 46.97056275 10.24264069 65.79594155 54.47056275 34.60660172 61.45584412 21.21320344 10.60660172 21.21320344 39.94112550 10.60660172 33.90990258 21.41726189 89.96498910 62.85838739 40.40254326 72.99442636 91.05687220 60.22234842 58.25178567 87.94112550 38.02386361 77.19291117 67.14518395 101.71677477 77.18376618 80.85838739 69.22234842 106.76650429 119.14875529 114.32895014 120.70205615 112.77564928 101.75178567 135.24063838 131.04215357 107.44112550 150.95941546 135.01828996 121.46498910 183.49799769 166.78479426 164.86753237 198.28479426 171.85281374 171.86195872 181.73149340 159.23149340 195.45384182 181.06601718 163.62489168 195.95941546
8.12132034 67.65990258 71.90254326 21.36396103 56.38782464 74.02386361 0.00000000 99.52386361 28.60660172 86.75178567 10.86396103 80.22792206 39.72792206 77.90254326 22.34924240 65.53858223 10.60660172 71.90254326 34.81980515 64.47792206 15.05330086 93.58630945 54.11574670 70.34924240 95.34366876 23.28122292 57.11574670 88.19848481 76.66904756 31.65990258 42.68376618 97.09188309 43.03858223 104.76093065 65.65432893 99.16904756 131.50357134 61.65990258 97.41168825 63.83452378 106.30508653 138.32895014 77.75178567 88.35838739 137.38782464 86.44112550 115.20762979 135.79951288 113.07716447 150.48885271 122.60102807 181.98885271 115.61574670 101.44112550 165.43555185 138.53300859 125.03300859 111.26650429 147.32895014 179.66347391
68.22792206 22.60660172 19.09188309 80.95584412 52.45584412 34.24264069 99.52386361 0.00000000 72.47056275 38.48528137 91.29594155 20.22792206 60.10660172 27.21320344 46.71320344 38.95584412 46.71320344 22.24264069 36.10660172 34.63782464 46.91726189 81.84366876 58.61574670 39.26650429 71.85838739 86.81423151 55.97970773 57.11574670 65.54772721 63.52386361 72.95027048 66.00914498 97.47413409 76.04772721 76.61574670 68.08630945 105.63046533 114.90611460 94.66904756 116.45941546 94.04772721 100.61574670 130.99799769 111.38225099 106.30508653 131.29951288 116.29036790 120.32895014 165.70205615 148.05687220 146.13961031 179.55687220 153.12489168 154.06601718 163.00357134 140.50357134 177.65790027 163.89139598 144.89696962 177.23149340
19.09188309 40.60660172 44.84924240 8.48528137 29.33452378 46.97056275 28.60660172 72.47056275 0.00000000 59.69848481 24.10660172 53.17462120 12.67462120 50.84924240 22.71320344 38.48528137 33.21320344 44.84924240 8.48528137 37.42462120 19.29594155 82.14518395 58.91726189 43.29594155 83.90254326 27.52386361 56.28122292 61.14518395 65.84924240 35.90254326 46.92640687 70.03858223 47.28122292 93.94112550 69.89696962 72.11574670 120.68376618 65.90254326 94.97056275 68.07716447 94.34924240 127.50914498 81.99442636 92.60102807 110.33452378 90.68376618 116.59188309 124.97970773 117.31980515 148.35838739 126.84366876 179.85838739 119.85838739 105.68376618 163.30508653 140.80508653 129.27564928 115.50914498 145.19848481 177.53300859
55.45584412 22.09188309 27.57716447 68.18376618 39.68376618 10.24264069 86.75178567 38.48528137 59.69848481 0.00000000 78.52386361 53.74264069 47.33452378 60.72792206 33.94112550 29.69848481 33.94112550 39.21320344 23.33452378 26.15254326 34.14518395 82.20762979 50.13046533 32.64518395 65.23706704 78.32895014 47.49442636 50.49442636 80.18376618 99.01828996 64.46498910 59.38782464 88.98885271 69.42640687 68.13046533 61.46498910 99.00914498 106.42083323 106.57159082 107.97413409 105.01828996 93.99442636 122.51271632 123.28479426 99.68376618 143.20205615 127.26093065 113.70762979 175.74063838 159.02743494 157.11017306 190.52743494 164.09545443 164.10459941 173.97413409 151.47413409 187.69648250 173.30865787 155.86753237 188.20205615
17.74264069 59.43198052 63.67462120 24.10660172 48.15990258 65.79594155 10.86396103 91.29594155 24.10660172 78.52386361 0.00000000 72.00000000 31.50000000 69.67462120 11.48528137 57.31066017 31.81980515 63.67462120 24.83452378 56.25000000 33.78122292 112.31423151 72.84366876 62.12132034 114.07159082 42.00914498 75.84366876 79.97056275 95.39696962 50.38782464 61.41168825 88.86396103 61.76650429 123.48885271 84.38225099 90.94112550 150.23149340 80.38782464 116.13961031 82.56244584 125.03300859 157.05687220 96.47970773 107.08630945 129.15990258 105.16904756 133.93555185 154.52743494 131.80508653 169.21677477 141.32895014 200.71677477 134.34366876 120.16904756 184.16347391 157.26093065 143.76093065 129.99442636 166.05687220 198.39139598
48.93198052 25.34924240 19.34924240 61.65990258 33.15990258 54.47056275 80.22792206 20.22792206 53.17462120 53.74264069 72.00000000 0.00000000 40.81066017 7.86396103 27.41726189 18.72792206 27.41726189 24.47056275 16.81066017 24.39518395 27.62132034 67.87310601 43.76650429 30.26650429 69.63046533 71.96498910 41.13046533 48.11574670 51.57716447 44.22792206 58.10102807 57.00914498 82.62489168 67.04772721 61.76650429 59.08630945 96.63046533 100.05687220 80.69848481 101.61017306 80.07716447 91.61574670 116.14875529 97.41168825 97.30508653 117.32895014 102.31980515 110.70762979 150.85281374 134.08630945 132.16904756 165.58630945 139.15432893 139.21677477 149.03300859 126.53300859 162.80865787 149.04215357 130.92640687 163.26093065
8.43198052 28.24264069 32.48528137 21.15990258 19.97056275 34.60660172 39.72792206 60.10660172 12.67462120 47.33452378 31.50000000 40.81066017 0.00000000 38.48528137 26.74264069 26.12132034 21.72792206 32.48528137 8.48528137 25.06066017 19.29594155 69.78122292 46.55330086 30.93198052 71.53858223 27.52386361 43.91726189 48.78122292 53.48528137 35.90254326 46.92640687 57.67462120 47.28122292 81.57716447 64.55330086 59.75178567 108.31980515 65.90254326 82.60660172 68.07716447 81.98528137 115.14518395 81.99442636 92.60102807 97.97056275 90.68376618 104.22792206 112.61574670 117.31980515 135.99442636 126.84366876 167.49442636 119.85838739 105.68376618 150.94112550 128.44112550 129.27564928 115.50914498 132.83452378 165.16904756
46.60660172 49.81980515 23.48528137 59.33452378 30.83452378 61.45584412 77.90254326 27.21320344 50.84924240 60.72792206 69.67462120 7.86396103 38.48528137 0.00000000 25.09188309 11.74264069 25.09188309 26.48528137 14.48528137 15.90990258 25.29594155 60.00914498 36.78122292 21.78122292 61.76650429 64.97970773 34.14518395 39.63046533 43.71320344 41.90254326 51.11574670 48.52386361 75.63961031 71.80508653 54.78122292 50.60102807 98.54772721 93.07159082 72.83452378 94.62489168 72.21320344 83.13046533 109.16347391 89.54772721 88.81980515 109.46498910 94.45584412 102.84366876 143.86753237 126.22234842 124.30508653 157.72234842 131.29036790 132.23149340 141.16904756 118.66904756 155.82337649 142.05687220 123.06244584 155.39696962
29.22792206 14.84924240 19.09188309 26.22792206 44.95584412 21.21320344 22.34924240 46.71320344 22.71320344 33.94112550 11.48528137 27.41726189 26.74264069 25.09188309 0.00000000 12.72792206 19.09188309 19.09188309 15.10660172 11.66726189 22.29594155 100.82895014 61.35838739 17.53858223 102.58630945 30.52386361 64.35838739 35.38782464 83.91168825 38.90254326 49.92640687 44.28122292 50.28122292 112.00357134 72.89696962 46.35838739 138.74621202 68.90254326 104.65432893 71.07716447 113.54772721 145.57159082 84.99442636 95.60102807 84.57716447 93.68376618 122.45027048 143.04215357 120.31980515 157.73149340 129.84366876 189.23149340 122.85838739 108.68376618 172.67819254 145.77564928 132.27564928 118.50914498 154.57159082 186.90611460
34.24264069 4.24264069 8.48528137 46.97056275 18.47056275 10.60660172 65.53858223 38.95584412 38.48528137 29.69848481 57.31066017 18.72792206 26.12132034 11.74264069 12.72792206 0.00000000 12.72792206 8.48528137 2.12132034 1.06066017 12.93198052 45.78122292 22.55330086 6.93198052 47.53858223 50.75178567 19.91726189 24.78122292 29.48528137 29.53858223 36.88782464 33.67462120 61.41168825 57.57716447 40.55330086 35.75178567 84.31980515 78.84366876 58.60660172 80.39696962 57.98528137 91.14518395 94.93555185 75.31980515 73.97056275 95.23706704 80.22792206 88.61574670 129.63961031 111.99442636 110.07716447 143.49442636 117.06244584 118.00357134 126.94112550 104.44112550 141.59545443 127.82895014 108.83452378 141.16904756
28.97056275 14.84924240 19.09188309 41.69848481 27.36396103 21.21320344 10.60660172 46.71320344 33.21320344 33.94112550 31.81980515 27.41726189 21.72792206 25.09188309 19.09188309 12.72792206 0.00000000 19.09188309 8.48528137 11.66726189 19.29594155 56.38782464 33.15990258 17.53858223 58.14518395 27.52386361 30.52386361 35.38782464 40.09188309 35.90254326 47.49442636 44.28122292 47.28122292 68.18376618 51.15990258 46.35838739 94.92640687 65.90254326 69.21320344 68.07716447 68.59188309 101.75178567 81.99442636 85.92640687 84.57716447 90.68376618 90.83452378 99.22234842 117.31980515 122.60102807 120.68376618 154.10102807 119.85838739 105.68376618 137.54772721 115.04772721 129.27564928 115.50914498 119.44112550 151.77564928
40.60660172 35.33452378 41.18376618 53.33452378 24.83452378 39.94112550 71.90254326 22.24264069 44.84924240 39.21320344 63.67462120 24.47056275 32.48528137 26.48528137 19.09188309 8.48528137 19.09188309 0.00000000 8.48528137 7.42462120 19.29594155 62.85838739 28.91726189 13.29594155 45.88782464 57.11574670 26.28122292 31.14518395 35.84924240 77.80508653 43.25178567 40.03858223 67.77564928 50.07716447 46.91726189 42.11574670 79.65990258 85.20762979 64.97056275 86.76093065 64.34924240 74.64518395 101.29951288 81.68376618 80.33452378 101.60102807 86.59188309 94.35838739 136.00357134 118.35838739 116.44112550 149.85838739 123.42640687 124.36753237 133.30508653 110.80508653 147.95941546 134.19291117 115.19848481 147.53300859
6.36396103 4.24264069 8.48528137 31.24264069 25.45584412 10.60660172 34.81980515 36.10660172 8.48528137 23.33452378 24.83452378 16.81066017 8.48528137 14.48528137 15.10660172 2.12132034 8.48528137 8.48528137 0.00000000 1.06066017 12.93198052 91.46498910 51.99442636 6.93198052 93.22234842 21.15990258 54.99442636 24.78122292 74.54772721 29.53858223 40.56244584 33.67462120 40.91726189 102.63961031 63.53300859 35.75178567 129.38225099 59.53858223 95.29036790 61.71320344 104.18376618 136.20762979 75.63046533 86.23706704 73.97056275 84.31980515 113.08630945 133.67819254 110.95584412 148.36753237 120.47970773 179.86753237 113.49442636 99.31980515 163.31423151 136.41168825 122.91168825 109.14518395 145.20762979 177.54215357
33.18198052 35.30330086 45.60838739 45.90990258 17.40990258 33.90990258 64.47792206 34.63782464 37.42462120 26.15254326 56.25000000 24.39518395 25.06066017 15.90990258 11.66726189 1.06066017 11.66726189 7.42462120 1.06066017 0.00000000 11.87132034 55.43376618 21.49264069 5.87132034 38.46320344 49.69112550 18.85660172 23.72056275 53.40990258 70.38046533 35.82716447 32.61396103 60.35102807 42.65254326 39.49264069 34.69112550 72.23528137 77.78300859 79.79772721 79.33630945 78.24442636 67.22056275 93.87489168 96.51093065 72.90990258 116.42819254 100.48706704 86.93376618 148.96677477 132.25357134 130.33630945 163.75357134 137.32159082 137.33073580 147.20027048 124.70027048 160.92261890 146.53479426 129.09366876 161.42819254
17.17462120 15.05330086 19.29594155 42.93198052 36.26650429 21.41726189 15.05330086 46.91726189 19.29594155 34.14518395 33.78122292 27.62132034 19.29594155 25.29594155 22.29594155 12.93198052 19.29594155 19.29594155 12.93198052 11.87132034 0.00000000 101.03300859 61.56244584 17.74264069 102.79036790 28.09188309 64.56244584 35.59188309 84.11574670 23.12132034 50.13046533 122.85838739 41.33452378 112.20762979 73.10102807 46.56244584 135.32895014 61.19848481 96.95027048 63.37310601 105.84366876 142.15432893 77.29036790 87.89696962 163.88225099 85.97970773 114.74621202 139.62489168 112.61574670 150.02743494 122.13961031 181.52743494 115.15432893 100.97970773 164.97413409 138.07159082 124.57159082 110.80508653 146.86753237 179.20205615
77.90254326 91.35838739 52.14518395 90.63046533 62.13046533 89.96498910 93.58630945 81.84366876 82.14518395 82.20762979 112.31423151 67.87310601 69.78122292 60.00914498 100.82895014 45.78122292 56.38782464 62.85838739 91.46498910 55.43376618 101.03300859 0.00000000 54.06244584 49.56244584 18.72792206 72.94112550 37.09188309 54.57716447 22.86396103 93.00914498 50.90254326 42.63046533 82.97970773 41.95584412 43.14518395 65.60102807 81.94112550 100.41168825 57.15990258 92.49442636 55.60660172 81.58630945 116.50357134 73.87310601 87.27564928 93.79036790 77.84924240 86.23706704 126.32895014 109.61574670 107.69848481 141.11574670 114.68376618 114.69291117 124.56244584 102.06244584 138.28479426 123.89696962 106.45584412 138.79036790
56.23706704 24.67462120 28.91726189 81.99442636 38.90254326 62.85838739 54.11574670 58.61574670 58.91726189 50.13046533 72.84366876 43.76650429 46.55330086 36.78122292 61.35838739 22.55330086 33.15990258 28.91726189 51.99442636 21.49264069 61.56244584 54.06244584 0.00000000 27.36396103 55.81980515 33.47056275 16.97056275 45.21320344 37.76650429 54.15990258 23.12132034 76.50914498 44.13046533 65.85838739 41.33452378 56.18376618 92.60102807 61.56244584 66.88782464 63.11574670 66.26650429 99.42640687 77.65432893 83.60102807 121.15432893 85.72234842 88.50914498 96.89696962 112.35838739 120.27564928 118.35838739 151.77564928 114.89696962 100.72234842 135.22234842 112.72234842 124.31423151 110.54772721 117.11574670 149.45027048
39.05330086 41.79594155 51.47970773 51.78122292 23.28122292 40.40254326 70.34924240 39.26650429 43.29594155 32.64518395 62.12132034 30.26650429 30.93198052 21.78122292 17.53858223 6.93198052 17.53858223 13.29594155 6.93198052 5.87132034 17.74264069 49.56244584 27.36396103 0.00000000 32.59188309 55.56244584 24.72792206 20.59188309 47.53858223 76.25178567 41.69848481 26.74264069 66.22234842 36.78122292 72.52386361 41.07716447 68.22792206 83.65432893 73.92640687 109.26093065 72.37310601 63.21320344 99.74621202 90.63961031 68.90254326 110.55687220 94.61574670 82.92640687 143.09545443 126.38225099 124.46498910 157.88225099 131.45027048 131.45941546 141.32895014 118.82895014 155.05129855 140.66347391 123.22234842 155.55687220
79.65990258 74.38782464 53.90254326 92.38782464 63.88782464 72.99442636 95.34366876 71.85838739 83.90254326 65.23706704 114.07159082 69.63046533 71.53858223 61.76650429 102.58630945 47.53858223 58.14518395 45.88782464 93.22234842 38.46320344 102.79036790 18.72792206 55.81980515 32.59188309 0.00000000 74.69848481 38.84924240 37.60660172 20.22792206 94.76650429 52.65990258 25.65990258 84.73706704 24.98528137 44.90254326 48.63046533 69.63046533 102.16904756 50.13046533 85.46498910 48.57716447 64.61574670 112.51828996 66.84366876 70.30508653 86.76093065 70.81980515 79.20762979 119.29951288 102.58630945 100.66904756 134.08630945 107.65432893 107.66347391 117.53300859 95.03300859 131.25535701 116.86753237 99.42640687 131.76093065
25.40254326 23.28122292 27.52386361 51.15990258 44.49442636 91.05687220 23.28122292 86.81423151 27.52386361 78.32895014 42.00914498 71.96498910 27.52386361 64.97970773 30.52386361 50.75178567 27.52386361 57.11574670 21.15990258 49.69112550 28.09188309 72.94112550 33.47056275 55.56244584 74.69848481 0.00000000 36.47056275 73.41168825 56.02386361 24.72792206 22.03858223 94.76650429 23.48528137 84.11574670 45.00914498 117.73706704 110.85838739 41.79594155 76.92640687 43.34924240 85.81980515 117.68376618 57.88782464 67.87310601 139.41168825 65.95584412 94.72234842 115.15432893 92.59188309 130.00357134 102.11574670 161.50357134 95.13046533 80.95584412 144.95027048 118.04772721 104.54772721 90.78122292 126.84366876 159.17819254
59.23706704 22.03858223 26.28122292 64.76650429 36.26650429 60.22234842 57.11574670 55.97970773 56.28122292 47.49442636 75.84366876 41.13046533 43.91726189 34.14518395 64.35838739 19.91726189 30.52386361 26.28122292 54.99442636 18.85660172 64.56244584 37.09188309 16.97056275 24.72792206 38.84924240 36.47056275 0.00000000 71.48528137 20.79594155 57.15990258 22.60660172 59.53858223 47.13046533 48.88782464 24.36396103 82.50914498 75.63046533 64.56244584 49.91726189 66.11574670 49.29594155 82.45584412 80.65432893 66.63046533 104.18376618 88.72234842 71.53858223 79.92640687 115.35838739 103.30508653 101.38782464 134.80508653 108.37310601 103.72234842 118.25178567 95.75178567 127.31423151 113.54772721 100.14518395 132.47970773
56.90254326 59.64518395 69.32895014 69.63046533 41.13046533 58.25178567 88.19848481 57.11574670 61.14518395 50.49442636 79.97056275 48.11574670 48.78122292 39.63046533 35.38782464 24.78122292 35.38782464 31.14518395 24.78122292 23.72056275 35.59188309 54.57716447 45.21320344 20.59188309 37.60660172 73.41168825 71.48528137 0.00000000 52.55330086 94.10102807 85.29594155 22.97056275 84.07159082 41.79594155 77.53858223 21.36396103 54.41726189 101.50357134 78.94112550 114.27564928 77.38782464 49.40254326 141.32895014 95.65432893 54.47056275 115.57159082 88.04772721 69.11574670 148.11017306 113.91168825 112.92640687 145.41168825 119.91168825 136.47413409 128.85838739 107.29036790 160.06601718 145.67819254 111.68376618 143.08630945
61.60660172 31.60660172 35.84924240 74.33452378 45.83452378 87.94112550 76.66904756 65.54772721 65.84924240 80.18376618 95.39696962 51.57716447 53.48528137 43.71320344 83.91168825 29.48528137 40.09188309 35.84924240 74.54772721 53.40990258 84.11574670 22.86396103 37.76650429 47.53858223 20.22792206 56.02386361 20.79594155 52.55330086 0.00000000 76.09188309 33.98528137 39.98528137 66.06244584 28.09188309 26.22792206 62.95584412 59.07716447 83.49442636 34.29594155 69.63046533 32.74264069 65.90254326 96.68376618 51.00914498 84.63046533 70.92640687 54.98528137 63.37310601 103.46498910 86.75178567 84.83452378 118.25178567 91.81980515 91.82895014 101.69848481 79.19848481 115.42083323 101.03300859 83.59188309 115.92640687
33.78122292 31.65990258 35.90254326 59.53858223 52.87310601 38.02386361 31.65990258 63.52386361 35.90254326 99.01828996 50.38782464 44.22792206 35.90254326 41.90254326 38.90254326 29.53858223 35.90254326 77.80508653 29.53858223 70.38046533 23.12132034 93.00914498 54.15990258 76.25178567 94.76650429 24.72792206 57.15990258 94.10102807 76.09188309 0.00000000 42.10660172 114.83452378 19.97056275 104.18376618 65.07716447 137.80508653 113.08630945 38.95584412 74.70762979 41.13046533 83.60102807 119.91168825 55.04772721 65.65432893 141.63961031 63.73706704 92.50357134 117.38225099 90.37310601 127.78479426 99.89696962 159.28479426 92.91168825 78.73706704 142.73149340 115.82895014 102.32895014 88.56244584 124.62489168 156.95941546
44.80508653 39.00914498 43.25178567 70.56244584 53.23706704 77.19291117 42.68376618 72.95027048 46.92640687 64.46498910 61.41168825 58.10102807 46.92640687 51.11574670 49.92640687 36.88782464 47.49442636 43.25178567 40.56244584 35.82716447 50.13046533 50.90254326 23.12132034 41.69848481 52.65990258 22.03858223 22.60660172 85.29594155 33.98528137 42.10660172 0.00000000 72.72792206 32.07716447 62.07716447 22.97056275 95.69848481 88.81980515 49.50914498 63.10660172 51.06244584 62.48528137 95.64518395 65.60102807 75.58630945 117.37310601 73.66904756 84.72792206 93.11574670 100.30508653 116.49442636 109.82895014 147.99442636 102.84366876 88.66904756 131.44112550 108.94112550 112.26093065 98.49442636 113.33452378 145.66904756
65.79594155 68.53858223 78.22234842 78.52386361 50.02386361 67.14518395 97.09188309 66.00914498 70.03858223 59.38782464 88.86396103 57.00914498 57.67462120 48.52386361 44.28122292 33.67462120 44.28122292 40.03858223 33.67462120 32.61396103 122.85838739 42.63046533 76.50914498 26.74264069 25.65990258 94.76650429 59.53858223 22.97056275 39.98528137 114.83452378 72.72792206 0.00000000 104.80508653 29.22792206 64.97056275 25.60660172 44.84924240 122.23706704 66.37310601 101.70762979 64.81980515 39.83452378 128.76093065 83.08630945 45.52386361 103.00357134 78.47970773 59.54772721 135.54215357 104.34366876 103.35838739 135.84366876 110.34366876 123.90611460 119.29036790 97.72234842 147.49799769 133.11017306 102.11574670 133.51828996
45.15990258 63.53300859 67.77564928 70.91726189 64.25178567 101.71677477 43.03858223 97.47413409 47.28122292 88.98885271 61.76650429 82.62489168 47.28122292 75.63961031 50.28122292 61.41168825 47.28122292 67.77564928 40.91726189 60.35102807 41.33452378 82.97970773 44.13046533 66.22234842 84.73706704 23.48528137 47.13046533 84.07159082 66.06244584 19.97056275 32.07716447 104.80508653 0.00000000 94.15432893 55.04772721 127.77564928 93.99442636 19.86396103 55.61574670 22.03858223 64.50914498 100.81980515 35.95584412 46.56244584 122.54772721 44.64518395 73.41168825 98.29036790 71.28122292 108.69291117 80.80508653 140.19291117 73.81980515 59.64518395 123.63961031 96.73706704 83.23706704 69.47056275 105.53300859 137.86753237
89.69848481 78.57716447 63.94112550 102.42640687 73.92640687 77.18376618 104.76093065 76.04772721 93.94112550 69.42640687 123.48885271 67.04772721 81.57716447 71.80508653 112.00357134 57.57716447 68.18376618 50.07716447 102.63961031 42.65254326 112.20762979 41.95584412 65.85838739 36.78122292 24.98528137 84.11574670 48.88782464 41.79594155 28.09188309 104.18376618 62.07716447 29.22792206 94.15432893 0.00000000 54.31980515 52.19848481 68.07716447 105.47970773 43.29594155 78.63046533 41.74264069 68.18376618 105.68376618 60.00914498 73.87310601 79.92640687 63.98528137 72.37310601 112.46498910 95.75178567 93.83452378 127.25178567 100.81980515 100.82895014 110.69848481 88.19848481 124.42083323 110.03300859 92.59188309 124.92640687
67.77564928 42.67462120 46.91726189 93.53300859 56.90254326 80.85838739 65.65432893 76.61574670 69.89696962 68.13046533 84.38225099 61.76650429 64.55330086 54.78122292 72.89696962 40.55330086 51.15990258 46.91726189 63.53300859 39.49264069 73.10102807 43.14518395 41.33452378 72.52386361 44.90254326 45.00914498 24.36396103 77.53858223 26.22792206 65.07716447 22.97056275 64.97056275 55.04772721 54.31980515 0.00000000 87.94112550 81.06244584 72.47970773 55.34924240 74.03300859 54.72792206 87.88782464 88.57159082 72.06244584 109.61574670 91.97970773 76.97056275 85.35838739 123.27564928 108.73706704 106.81980515 140.23706704 113.80508653 111.63961031 123.68376618 101.18376618 135.23149340 121.46498910 105.57716447 137.91168825
67.87310601 70.61574670 80.29951288 80.60102807 52.10102807 69.22234842 99.16904756 68.08630945 72.11574670 61.46498910 90.94112550 59.08630945 59.75178567 50.60102807 46.35838739 35.75178567 46.35838739 42.11574670 35.75178567 34.69112550 46.56244584 65.60102807 56.18376618 41.07716447 48.63046533 117.73706704 82.50914498 21.36396103 62.95584412 137.80508653 95.69848481 25.60660172 127.77564928 52.19848481 87.94112550 0.00000000 42.05330086 139.10102807 86.85838739 112.25178567 67.50914498 37.03858223 139.30508653 90.11574670 42.10660172 113.54772721 75.68376618 56.75178567 146.08630945 101.54772721 100.56244584 133.04772721 107.54772721 134.45027048 116.49442636 94.92640687 158.04215357 134.70762979 99.31980515 130.72234842
116.44112550 108.15990258 90.68376618 129.16904756 100.66904756 106.76650429 131.50357134 105.63046533 120.68376618 99.00914498 150.23149340 96.63046533 108.31980515 98.54772721 138.74621202 84.31980515 94.92640687 79.65990258 129.38225099 72.23528137 135.32895014 81.94112550 92.60102807 68.22792206 69.63046533 110.85838739 75.63046533 54.41726189 59.07716447 113.08630945 88.81980515 44.84924240 93.99442636 68.07716447 81.06244584 42.05330086 0.00000000 102.31980515 50.07716447 75.47056275 30.72792206 24.83452378 102.52386361 53.33452378 46.56244584 76.76650429 38.90254326 35.48528137 109.30508653 64.76650429 63.78122292 96.26650429 70.76650429 97.66904756 79.71320344 58.14518395 121.26093065 97.92640687 62.53858223 93.94112550
63.78122292 80.96498910 85.20762979 89.53858223 82.87310601 119.14875529 61.65990258 114.90611460 65.90254326 106.42083323 80.38782464 100.05687220 65.90254326 93.07159082 68.90254326 78.84366876 65.90254326 85.20762979 59.53858223 77.78300859 61.19848481 100.41168825 61.56244584 83.65432893 102.16904756 41.79594155 64.56244584 101.50357134 83.49442636 38.95584412 49.50914498 122.23706704 19.86396103 105.47970773 72.47970773 139.10102807 102.31980515 0.00000000 63.94112550 26.84924240 72.83452378 109.14518395 22.24264069 54.88782464 130.87310601 47.69848481 81.73706704 106.61574670 69.06244584 117.01828996 78.58630945 148.51828996 71.60102807 57.42640687 131.96498910 94.51828996 81.01828996 67.25178567 105.63961031 146.19291117
99.53300859 115.72234842 64.97056275 103.45584412 74.95584412 114.32895014 97.41168825 94.66904756 94.97056275 106.57159082 116.13961031 80.69848481 82.60660172 72.83452378 104.65432893 58.60660172 69.21320344 64.97056275 95.29036790 79.79772721 96.95027048 57.15990258 66.88782464 73.92640687 50.13046533 76.92640687 49.91726189 78.94112550 34.29594155 74.70762979 63.10660172 66.37310601 55.61574670 43.29594155 55.34924240 86.85838739 50.07716447 63.94112550 0.00000000 37.09188309 19.34924240 56.90254326 64.14518395 22.86396103 78.63046533 38.38782464 38.95584412 54.37310601 70.92640687 70.72234842 68.80508653 102.22234842 75.79036790 59.29036790 85.66904756 63.16904756 82.88225099 68.49442636 67.56244584 99.89696962
65.95584412 82.51828996 86.76093065 91.71320344 85.04772721 120.70205615 63.83452378 116.45941546 68.07716447 107.97413409 82.56244584 101.61017306 68.07716447 94.62489168 71.07716447 80.39696962 68.07716447 86.76093065 61.71320344 79.33630945 63.37310601 92.49442636 63.11574670 109.26093065 85.46498910 43.34924240 66.11574670 114.27564928 69.63046533 41.13046533 51.06244584 101.70762979 22.03858223 78.63046533 74.03300859 112.25178567 75.47056275 26.84924240 37.09188309 0.00000000 45.98528137 82.29594155 29.84924240 28.03858223 104.02386361 22.60660172 54.88782464 79.76650429 49.24264069 90.16904756 58.76650429 121.66904756 51.78122292 37.60660172 105.11574670 74.69848481 61.19848481 47.43198052 85.81980515 119.34366876
90.10660172 114.16904756 64.34924240 102.83452378 74.33452378 112.77564928 106.30508653 94.04772721 94.34924240 105.01828996 125.03300859 80.07716447 81.98528137 72.21320344 113.54772721 57.98528137 68.59188309 64.34924240 104.18376618 78.24442636 105.84366876 55.60660172 66.26650429 72.37310601 48.57716447 85.81980515 49.29594155 77.38782464 32.74264069 83.60102807 62.48528137 64.81980515 64.50914498 41.74264069 54.72792206 67.50914498 30.72792206 72.83452378 19.34924240 45.98528137 0.00000000 37.55330086 73.03858223 23.84924240 59.28122292 47.28122292 22.24264069 35.02386361 79.81980515 54.00914498 52.09188309 85.50914498 59.07716447 68.18376618 68.95584412 46.45584412 91.77564928 77.38782464 50.84924240 83.18376618
123.26650429 103.14518395 112.82895014 135.99442636 107.49442636 101.75178567 138.32895014 100.61574670 127.50914498 93.99442636 157.05687220 91.61574670 115.14518395 83.13046533 145.57159082 91.14518395 101.75178567 74.64518395 136.20762979 67.22056275 142.15432893 81.58630945 99.42640687 63.21320344 64.61574670 117.68376618 82.45584412 49.40254326 65.90254326 119.91168825 95.64518395 39.83452378 100.81980515 68.18376618 87.88782464 37.03858223 24.83452378 109.14518395 56.90254326 82.29594155 37.55330086 0.00000000 109.34924240 60.15990258 21.72792206 83.59188309 45.10660172 21.47056275 116.13046533 70.97056275 69.98528137 102.47056275 76.97056275 104.49442636 85.91726189 64.34924240 128.08630945 104.13046533 68.74264069 100.14518395
79.87310601 97.05687220 101.29951288 105.63046533 98.96498910 135.24063838 77.75178567 130.99799769 81.99442636 122.51271632 96.47970773 116.14875529 81.99442636 109.16347391 84.99442636 94.93555185 81.99442636 101.29951288 75.63046533 93.87489168 77.29036790 116.50357134 77.65432893 99.74621202 112.51828996 57.88782464 80.65432893 141.32895014 96.68376618 55.04772721 65.60102807 128.76093065 35.95584412 105.68376618 88.57159082 139.30508653 102.52386361 22.24264069 64.14518395 29.84924240 73.03858223 109.34924240 0.00000000 54.47056275 131.07716447 36.72792206 81.31980515 106.81980515 58.09188309 112.72234842 67.61574670 144.22234842 60.63046533 46.45584412 127.66904756 83.54772721 70.04772721 56.28122292 94.66904756 141.89696962
90.47970773 132.43555185 81.68376618 116.23706704 91.66904756 131.04215357 88.35838739 111.38225099 92.60102807 123.28479426 107.08630945 97.41168825 92.60102807 89.54772721 95.60102807 75.31980515 85.92640687 81.68376618 86.23706704 96.51093065 87.89696962 73.87310601 83.60102807 90.63961031 66.84366876 67.87310601 66.63046533 95.65432893 51.00914498 65.65432893 75.58630945 83.08630945 46.56244584 60.00914498 72.06244584 90.11574670 53.33452378 54.88782464 22.86396103 28.03858223 23.84924240 60.15990258 54.47056275 0.00000000 81.88782464 28.71320344 26.84924240 57.63046533 61.25178567 62.13046533 60.21320344 93.63046533 67.19848481 49.61574670 77.07716447 54.57716447 73.20762979 58.81980515 58.97056275 91.30508653
106.09188309 108.83452378 118.51828996 118.81980515 90.31980515 107.44112550 137.38782464 106.30508653 110.33452378 99.68376618 129.15990258 97.30508653 97.97056275 88.81980515 84.57716447 73.97056275 84.57716447 80.33452378 73.97056275 72.90990258 163.88225099 87.27564928 121.15432893 68.90254326 70.30508653 139.41168825 104.18376618 54.47056275 84.63046533 141.63961031 117.37310601 45.52386361 122.54772721 73.87310601 109.61574670 42.10660172 46.56244584 130.87310601 78.63046533 104.02386361 59.28122292 21.72792206 131.07716447 81.88782464 0.00000000 105.31980515 66.83452378 33.10660172 137.85838739 92.69848481 91.71320344 124.19848481 98.69848481 126.22234842 107.64518395 86.07716447 149.81423151 125.85838739 90.47056275 121.87310601
88.56244584 152.35281374 101.60102807 114.31980515 107.65432893 150.95941546 86.44112550 131.29951288 90.68376618 143.20205615 105.16904756 117.32895014 90.68376618 109.46498910 93.68376618 95.23706704 90.68376618 101.60102807 84.31980515 116.42819254 85.97970773 93.79036790 85.72234842 110.55687220 86.76093065 65.95584412 88.72234842 115.57159082 70.92640687 63.73706704 73.66904756 103.00357134 44.64518395 79.92640687 91.97970773 113.54772721 76.76650429 47.69848481 38.38782464 22.60660172 47.28122292 83.59188309 36.72792206 28.71320344 105.31980515 0.00000000 55.56244584 81.06244584 35.17462120 89.18376618 44.07716447 120.68376618 37.09188309 23.53858223 104.13046533 60.00914498 47.13046533 32.74264069 71.13046533 118.35838739
117.32895014 136.41168825 86.59188309 143.08630945 96.57716447 135.01828996 115.20762979 116.29036790 116.59188309 127.26093065 133.93555185 102.31980515 104.22792206 94.45584412 122.45027048 80.22792206 90.83452378 86.59188309 113.08630945 100.48706704 114.74621202 77.84924240 88.50914498 94.61574670 70.81980515 94.72234842 71.53858223 88.04772721 54.98528137 92.50357134 84.72792206 78.47970773 73.41168825 63.98528137 76.97056275 75.68376618 38.90254326 81.73706704 38.95584412 54.88782464 22.24264069 45.10660172 81.31980515 26.84924240 66.83452378 55.56244584 0.00000000 42.57716447 88.10102807 35.28122292 33.36396103 66.78122292 40.34924240 72.47056275 50.22792206 27.72792206 98.38782464 67.50914498 32.12132034 64.45584412
120.73706704 122.85838739 94.97970773 133.46498910 104.96498910 121.46498910 135.79951288 120.32895014 124.97970773 113.70762979 154.52743494 110.70762979 112.61574670 102.84366876 143.04215357 88.61574670 99.22234842 94.35838739 133.67819254 86.93376618 139.62489168 86.23706704 96.89696962 82.92640687 79.20762979 115.15432893 79.92640687 69.11574670 63.37310601 117.38225099 93.11574670 59.54772721 98.29036790 72.37310601 85.35838739 56.75178567 35.48528137 106.61574670 54.37310601 79.76650429 35.02386361 21.47056275 106.81980515 57.63046533 33.10660172 81.06244584 42.57716447 0.00000000 113.60102807 68.44112550 67.45584412 99.94112550 74.44112550 101.96498910 83.38782464 61.81980515 125.55687220 101.60102807 66.21320344 97.61574670
115.19848481 131.76093065 136.00357134 140.95584412 134.29036790 183.49799769 113.07716447 165.70205615 117.31980515 175.74063838 131.80508653 150.85281374 117.31980515 143.86753237 120.31980515 129.63961031 117.31980515 136.00357134 110.95584412 148.96677477 112.61574670 126.32895014 112.35838739 143.09545443 119.29951288 92.59188309 115.35838739 148.11017306 103.46498910 90.37310601 100.30508653 135.54215357 71.28122292 112.46498910 123.27564928 146.08630945 109.30508653 69.06244584 70.92640687 49.24264069 79.81980515 116.13046533 58.09188309 61.25178567 137.85838739 35.17462120 88.10102807 113.60102807 0.00000000 105.94112550 60.83452378 137.44112550 53.84924240 22.60660172 120.88782464 76.76650429 19.86396103 38.07716447 87.88782464 135.11574670
152.61017306 168.17819254 118.35838739 156.84366876 128.34366876 166.78479426 150.48885271 148.05687220 148.35838739 159.02743494 169.21677477 134.08630945 135.99442636 126.22234842 157.73149340 111.99442636 122.60102807 118.35838739 148.36753237 132.25357134 150.02743494 109.61574670 120.27564928 126.38225099 102.58630945 130.00357134 103.30508653 113.91168825 86.75178567 127.78479426 116.49442636 104.34366876 108.69291117 95.75178567 108.73706704 101.54772721 64.76650429 117.01828996 70.72234842 90.16904756 54.00914498 70.97056275 112.72234842 62.13046533 92.69848481 89.18376618 35.28122292 68.44112550 105.94112550 0.00000000 47.59188309 36.98528137 52.09188309 84.21320344 24.47056275 31.03858223 110.13046533 79.25178567 26.28122292 38.69848481
124.72234842 166.26093065 116.44112550 150.47970773 126.42640687 164.86753237 122.60102807 146.13961031 126.84366876 157.11017306 141.32895014 132.16904756 126.84366876 124.30508653 129.84366876 110.07716447 120.68376618 116.44112550 120.47970773 130.33630945 122.13961031 107.69848481 118.35838739 124.46498910 100.66904756 102.11574670 101.38782464 112.92640687 84.83452378 99.89696962 109.82895014 103.35838739 80.80508653 93.83452378 106.81980515 100.56244584 63.78122292 78.58630945 68.80508653 58.76650429 52.09188309 69.98528137 67.61574670 60.21320344 91.71320344 44.07716447 33.36396103 67.45584412 60.83452378 47.59188309 0.00000000 79.09188309 7.86396103 39.10660172 62.53858223 22.60660172 65.02386361 34.14518395 34.45584412 76.76650429
184.11017306 199.67819254 149.85838739 188.34366876 159.84366876 198.28479426 181.98885271 179.55687220 179.85838739 190.52743494 200.71677477 165.58630945 167.49442636 157.72234842 189.23149340 143.49442636 154.10102807 149.85838739 179.86753237 163.75357134 181.52743494 141.11574670 151.77564928 157.88225099 134.08630945 161.50357134 134.80508653 145.41168825 118.25178567 159.28479426 147.99442636 135.84366876 140.19291117 127.25178567 140.23706704 133.04772721 96.26650429 148.51828996 102.22234842 121.66904756 85.50914498 102.47056275 144.22234842 93.63046533 124.19848481 120.68376618 66.78122292 99.94112550 137.44112550 36.98528137 79.09188309 0.00000000 83.59188309 115.71320344 18.72792206 62.53858223 141.63046533 110.75178567 57.78122292 19.86396103
117.73706704 173.24621202 123.42640687 143.49442636 133.41168825 171.85281374 115.61574670 153.12489168 119.85838739 164.09545443 134.34366876 139.15432893 119.85838739 131.29036790 122.85838739 117.06244584 119.85838739 123.42640687 113.49442636 137.32159082 115.15432893 114.68376618 114.89696962 131.45027048 107.65432893 95.13046533 108.37310601 119.91168825 91.81980515 92.91168825 102.84366876 110.34366876 73.81980515 100.81980515 113.80508653 107.54772721 70.76650429 71.60102807 75.79036790 51.78122292 59.07716447 76.97056275 60.63046533 67.19848481 98.69848481 37.09188309 40.34924240 74.44112550 53.84924240 52.09188309 7.86396103 83.59188309 0.00000000 32.12132034 67.03858223 24.47056275 58.03858223 27.15990258 35.59188309 81.26650429
103.56244584 120.12489168 124.36753237 129.31980515 122.65432893 171.86195872 101.44112550 154.06601718 105.68376618 164.10459941 120.16904756 139.21677477 105.68376618 132.23149340 108.68376618 118.00357134 105.68376618 124.36753237 99.31980515 137.33073580 100.97970773 114.69291117 100.72234842 131.45941546 107.66347391 80.95584412 103.72234842 136.47413409 91.82895014 78.73706704 88.66904756 123.90611460 59.64518395 100.82895014 111.63961031 134.45027048 97.66904756 57.42640687 59.29036790 37.60660172 68.18376618 104.49442636 46.45584412 49.61574670 126.22234842 23.53858223 72.47056275 101.96498910 22.60660172 84.21320344 39.10660172 115.71320344 32.12132034 0.00000000 99.15990258 55.03858223 26.22792206 16.34924240 66.15990258 113.38782464
167.55687220 183.12489168 133.30508653 171.79036790 143.29036790 181.73149340 165.43555185 163.00357134 163.30508653 173.97413409 184.16347391 149.03300859 150.94112550 141.16904756 172.67819254 126.94112550 137.54772721 133.30508653 163.31423151 147.20027048 164.97413409 124.56244584 135.22234842 141.32895014 117.53300859 144.95027048 118.25178567 128.85838739 101.69848481 142.73149340 131.44112550 119.29036790 123.63961031 110.69848481 123.68376618 116.49442636 79.71320344 131.96498910 85.66904756 105.11574670 68.95584412 85.91726189 127.66904756 77.07716447 107.64518395 104.13046533 50.22792206 83.38782464 120.88782464 24.47056275 62.53858223 18.72792206 67.03858223 99.15990258 0.00000000 45.36396103 125.07716447 94.19848481 40.60660172 14.22792206
140.65432893 160.62489168 110.80508653 166.41168825 120.79036790 159.23149340 138.53300859 140.50357134 140.80508653 151.47413409 157.26093065 126.53300859 128.44112550 118.66904756 145.77564928 104.44112550 115.04772721 110.80508653 136.41168825 124.70027048 138.07159082 102.06244584 112.72234842 118.82895014 95.03300859 118.04772721 95.75178567 107.29036790 79.19848481 115.82895014 108.94112550 97.72234842 96.73706704 88.19848481 101.18376618 94.92640687 58.14518395 94.51828996 63.16904756 74.69848481 46.45584412 64.34924240 83.54772721 54.57716447 86.07716447 60.00914498 27.72792206 61.81980515 76.76650429 31.03858223 22.60660172 62.53858223 24.47056275 55.03858223 45.36396103 0.00000000 80.33452378 49.45584412 13.60660172 59.59188309
127.15432893 143.71677477 147.95941546 152.91168825 146.24621202 195.45384182 125.03300859 177.65790027 129.27564928 187.69648250 143.76093065 162.80865787 129.27564928 155.82337649 132.27564928 141.59545443 129.27564928 147.95941546 122.91168825 160.92261890 124.57159082 138.28479426 124.31423151 155.05129855 131.25535701 104.54772721 127.31423151 160.06601718 115.42083323 102.32895014 112.26093065 147.49799769 83.23706704 124.42083323 135.23149340 158.04215357 121.26093065 81.01828996 82.88225099 61.19848481 91.77564928 128.08630945 70.04772721 73.20762979 149.81423151 47.13046533 98.38782464 125.55687220 19.86396103 110.13046533 65.02386361 141.63046533 58.03858223 26.22792206 125.07716447 80.33452378 0.00000000 34.24264069 91.45584412 139.30508653
113.38782464 129.95027048 134.19291117 139.14518395 132.47970773 181.06601718 111.26650429 163.89139598 115.50914498 173.30865787 129.99442636 149.04215357 115.50914498 142.05687220 118.50914498 127.82895014 115.50914498 134.19291117 109.14518395 146.53479426 110.80508653 123.89696962 110.54772721 140.66347391 116.86753237 90.78122292 113.54772721 145.67819254 101.03300859 88.56244584 98.49442636 133.11017306 69.47056275 110.03300859 121.46498910 134.70762979 97.92640687 67.25178567 68.49442636 47.43198052 77.38782464 104.13046533 56.28122292 58.81980515 125.85838739 32.74264069 67.50914498 101.60102807 38.07716447 79.25178567 34.14518395 110.75178567 27.15990258 16.34924240 94.19848481 49.45584412 34.24264069 0.00000000 60.57716447 108.42640687
149.45027048 165.01828996 115.19848481 153.68376618 125.18376618 163.62489168 147.32895014 144.89696962 145.19848481 155.86753237 166.05687220 130.92640687 132.83452378 123.06244584 154.57159082 108.83452378 119.44112550 115.19848481 145.20762979 129.09366876 146.86753237 106.45584412 117.11574670 123.22234842 99.42640687 126.84366876 100.14518395 111.68376618 83.59188309 124.62489168 113.33452378 102.11574670 105.53300859 92.59188309 105.57716447 99.31980515 62.53858223 105.63961031 67.56244584 85.81980515 50.84924240 68.74264069 94.66904756 58.97056275 90.47056275 71.13046533 32.12132034 66.21320344 87.88782464 26.28122292 34.45584412 57.78122292 35.59188309 66.15990258 40.60660172 13.60660172 91.45584412 60.57716447 0.00000000 54.83452378
181.78479426 197.35281374 147.53300859 186.01828996 157.51828996 195.95941546 179.66347391 177.23149340 177.53300859 188.20205615 198.39139598 163.26093065 165.16904756 155.39696962 186.90611460 141.16904756 151.77564928 147.53300859 177.54215357 161.42819254 179.20205615 138.79036790 149.45027048 155.55687220 131.76093065 159.17819254 132.47970773 143.08630945 115.92640687 156.95941546 145.66904756 133.51828996 137.86753237 124.92640687 137.91168825 130.72234842 93.94112550 146.19291117 99.89696962 119.34366876 83.18376618 100.14518395 141.89696962 91.30508653 121.87310601 118.35838739 64.45584412 97.61574670 135.11574670 38.69848481 76.76650429 19.86396103 81.26650429 113.38782464 14.22792206 59.59188309 139.30508653 108.42640687 54.83452378 0.00000000
