0.00000000 65.32434539 46.53871471 10.75317479 32.68939749 72.44526417 5.07607512 59.35505847 15.63978773 77.62370180 10.32528205 48.40556578 23.30549815 47.23562929 16.83360816 42.64780321 35.00171111 61.05581622 24.11205175 64.69462074 29.92894723 74.96424075 53.93331451 68.17120773 75.43656750 34.35834183 55.27638686 78.57041746 65.29317460 38.84486585 47.31373214 83.51094664 45.73385866 81.54774439 60.65963230 91.00783888 100.92481662 58.16267848 80.03232909 58.92448832 83.72595740 104.31469557 66.70088123 74.75376421 108.07728260 72.09644806 90.43318850 103.64162330 89.69888221 113.65174748 95.66565229 131.31496670 91.57209201 81.72888150 121.93049412 104.89072965 95.72340279 87.73607617 110.10117106 130.40954494
65.32434539 0.00000000 20.29170836 56.78183180 38.36875134 8.96699021 67.32966420 13.07115327 51.89521887 12.91471355 62.40642940 24.54029415 42.82653515 28.49196855 58.42390942 30.86896864 36.46773773 20.27518455 50.40192190 20.94081018 60.20157845 56.51455125 48.17457205 26.09589627 46.31557718 64.18744690 45.76358449 36.05157984 53.51434003 69.11749707 55.49331356 41.43563517 71.33746625 49.41216148 57.75189347 48.48900126 67.02806757 83.29199387 72.32122085 83.42388145 70.66722997 62.19556538 91.83019662 81.20852542 65.55844498 94.73468809 83.70827620 73.97259845 114.20904184 105.10819135 102.98213560 122.74943810 106.05042068 106.23904114 113.38693799 98.72164435 120.23356243 112.24623581 101.55761493 121.86598881
46.53871471 20.29170836 0.00000000 37.99620112 19.58312066 27.41262714 48.54403352 16.80107591 33.10958819 32.59106476 43.62079873 11.09603610 24.04090447 13.43979151 39.63827874 12.08333796 17.68210705 23.52068392 31.61629123 32.30807136 41.41594778 44.39977550 29.38894137 35.78465836 44.87210225 45.40181622 26.97795381 46.18386808 34.72870935 50.33186639 36.70768289 51.12439726 52.55183557 50.98327914 38.96626280 58.62128950 70.36035137 64.50636319 54.33854330 64.63825078 53.16149215 72.32785362 73.04456594 63.22636563 75.70149973 76.75201054 66.19177188 73.07715805 95.42341116 87.59168702 85.46563128 105.24370029 88.54468286 87.45341046 95.87043366 81.20514003 101.44793175 93.46060513 84.04111060 104.34948449
10.75317479 56.78183180 37.99620112 0.00000000 24.14688390 63.90275058 12.36740833 50.81254488 4.88661293 69.08118821 13.70043493 39.86305219 14.76298457 38.69311570 14.89079274 34.10528962 26.45919752 52.51330263 18.09859804 56.15210715 27.08557680 66.41285116 50.64641793 59.62869415 66.89405391 31.07144524 48.99990547 70.02790387 56.75066101 36.00149541 44.02683555 74.96843305 42.44696207 73.00523081 57.37273571 82.46532529 92.38230303 54.87578189 76.36049496 55.63759174 75.18344381 95.77218198 63.41398464 71.46686762 99.53476901 68.80955147 87.14629191 95.09910971 86.42275212 109.61363868 92.37875570 127.26565195 88.29596193 78.45275142 117.89238533 101.61459957 92.44727271 84.45994609 106.06306227 126.37143615
32.68939749 38.41335327 19.62772259 24.14688390 0.00000000 45.53427205 34.74761255 32.44406634 19.26027097 50.71270967 29.82437775 21.58368438 11.37704492 20.47632373 27.59056753 15.82592181 15.57457545 34.23393482 22.33629792 37.87273934 32.13595447 48.14235936 33.10467531 41.34932634 48.61468611 36.15273665 30.69368775 51.74853606 38.44444329 41.05187309 40.42341682 56.68906524 47.52825348 54.72586300 42.68199674 64.18595748 74.07608531 59.95707330 58.05427724 60.71888314 56.87722609 77.49281417 68.49527605 66.94209957 81.25540120 73.89084288 69.90750581 76.79289199 91.49327702 91.30742096 89.18136522 108.98628414 92.26041680 83.52327632 99.58616760 84.92087397 97.51779761 89.53047099 87.75684454 108.09206834
72.44526417 8.96699021 27.41262714 63.90275058 45.48967012 0.00000000 74.45058298 19.40416306 59.01613765 5.93939723 69.52734818 30.86665222 49.94745393 34.82497834 65.54482820 37.98988742 43.58865651 22.67333174 57.52284068 20.04717066 67.32249724 55.54058389 51.63456311 25.18450474 45.40418566 68.25794337 49.22357556 35.14018831 54.08943445 76.23841585 58.95330463 40.52424365 74.79745732 48.50076996 61.21188454 47.57760974 66.11667605 86.75198493 71.40982932 86.88387252 69.75583844 61.28417385 95.29018769 80.29713389 64.64705345 93.82329657 82.79688467 73.06120693 115.10468291 104.19679982 102.07074408 121.83804658 105.13902915 107.13468221 112.47554646 97.81025283 121.12920350 112.50067035 100.64622340 120.95459729
5.07607512 67.29290274 48.50727207 12.35853233 34.71085109 74.41382152 0.00000000 61.32361582 16.46092762 79.59225915 6.41699021 50.01970771 24.89663403 48.84977122 12.92531632 44.26194514 35.44932789 62.66995815 20.39315509 66.30876267 26.38598033 74.66654377 50.39034761 69.78534966 75.13887052 30.81537492 51.73341995 80.18455939 64.36555536 35.30189894 43.77076523 85.12508857 42.19089175 80.62012515 57.11666539 92.62198081 99.99719738 54.61971157 76.48936219 55.38152142 81.09661348 103.38707633 63.15791433 71.21079730 109.69142452 68.56468711 86.89022160 102.71400406 86.16668181 110.10878057 92.12268538 127.77199979 88.03989161 78.19668110 118.38752721 101.35852925 92.19120240 84.20387577 106.55820416 126.86657804
59.35505847 13.07115327 16.80107591 50.81254488 32.39946442 19.40416306 61.36037727 0.00000000 45.92593195 21.94356028 56.43714248 11.46248917 36.85724823 15.42081528 52.45462250 22.48270116 30.49845080 12.63246663 44.43263498 20.48564400 54.23229153 52.90928237 38.34345372 24.24986436 44.46954528 54.96683398 35.93246616 34.64907409 43.23821622 63.14821015 45.66219524 39.58960327 61.50634793 47.56612958 47.92077515 47.08649551 65.62556182 73.46087554 62.84805016 73.59276313 61.67099901 60.79305962 81.99907829 71.73587250 64.15593922 85.26151741 74.69007278 72.57009270 104.37792352 96.08998793 93.96393219 113.75320715 97.04298377 96.40792281 104.36873457 89.70344094 110.40244411 102.41511749 92.53941151 112.84778540
15.63978773 51.89521887 33.10958819 4.88661293 19.26027097 59.01613765 16.47032139 45.92593195 0.00000000 64.19457528 13.68746121 34.97643925 9.87637163 33.80650277 12.90907481 29.21867668 21.57258458 47.62668970 14.46001325 51.26549422 24.25966980 61.53511423 46.52428010 54.74208121 62.00744098 28.24553824 44.11329254 65.14129094 51.86404808 33.17558842 41.20092856 70.08182012 39.62105507 68.11861787 54.54682871 77.57871236 87.49569010 52.04987490 71.47388202 52.81168474 70.29683088 90.88556905 60.58807765 68.64096062 94.64815607 66.02170034 83.32711060 90.21249678 83.59684513 104.72702575 89.55284870 122.37903901 85.47005493 75.62684443 113.00577239 98.34047876 89.62136572 81.63403910 101.17644933 121.48482321
77.62370180 12.87510438 32.59106476 69.08118821 50.66810775 5.93939723 79.62902060 21.90395111 64.19457528 0.00000000 74.70578581 30.54978806 55.12589156 34.50811417 70.72326583 38.18572724 48.76709413 22.35646757 62.70127831 15.78656789 72.50093486 51.33135100 48.89321462 20.92390197 41.14358289 65.51659488 46.48222706 30.87958554 49.82883167 77.36870798 56.21195614 36.26364088 72.05610883 44.24016719 58.47053605 43.31700696 61.85607328 84.01063644 67.14922655 84.14252403 65.49523567 57.02357108 92.54883919 76.03653112 60.38645068 89.56269379 78.52507595 68.76384270 110.84408014 99.92499109 97.79893535 117.57744381 100.86722042 102.87407944 108.20373773 93.53844410 116.86860073 108.24006758 96.37441468 116.68278856
10.32528205 62.40642940 43.62079873 13.70043493 29.82437775 69.52734818 6.41699021 56.43714248 13.69866717 74.70578581 0.00000000 45.13323437 20.01016069 43.96329788 6.50832611 39.37547180 30.09371141 57.78348481 14.47408335 61.42228933 21.76846456 70.00442608 45.72822992 64.89887632 70.47675283 26.19785916 47.07130226 75.29808605 59.70343767 30.68438318 39.15324947 80.23861523 37.57337599 75.95800746 52.49914963 87.73550747 95.37968161 50.00219581 71.87184642 50.76400565 76.47909771 98.76956056 58.54039856 66.59328154 104.80495118 63.97402126 82.27270583 98.09648829 81.54916604 105.49126481 87.50516962 123.15448403 83.42237584 73.57916534 113.77001145 96.74101348 87.57368663 79.58636001 101.94068839 122.24906227
48.40556578 24.55201788 11.10775982 39.86305219 21.53908246 30.86665222 50.05646916 11.46248917 34.97643925 30.58939723 45.13323437 0.00000000 25.55334011 4.45624458 41.15071438 11.00900603 19.19454269 13.90667952 33.12872686 21.78072794 42.92838342 43.36741515 28.64329853 25.25731494 43.83974190 45.26667879 26.23231097 35.65652466 33.69634900 51.84430203 35.96204005 40.59705384 51.80619274 48.57358015 38.22061996 48.09394608 66.63301240 63.76072035 53.30618294 63.89260794 52.12913180 61.80051020 72.29892310 62.19400528 65.16338980 75.71965019 65.15941152 72.04479770 94.66700182 86.55932667 84.43327093 104.21133993 87.51232251 86.69700112 94.83807331 80.17277968 100.69152241 92.70419579 83.00875025 103.31712413
23.30549815 42.82653515 24.04090447 14.76298457 11.37704492 49.94745393 24.89663403 36.85724823 9.87637163 55.12589156 20.01016069 25.55334011 0.00000000 24.38340363 17.08248335 19.79557754 12.37288187 38.20359056 11.60291245 41.84239508 21.40256900 52.11201509 37.10118096 45.31898207 52.58434184 25.40016117 34.69019340 55.71819180 42.44094894 30.31848762 38.35555148 60.65872098 36.77567800 58.69551873 46.67850238 68.15561322 78.07259096 49.20449782 62.05078288 49.96630767 60.87373174 81.46246991 57.74270057 65.79558355 85.22505693 63.17632327 73.90401146 80.78939764 80.75146805 95.30392661 86.70747163 112.95593987 82.62467785 72.78146735 103.58267325 88.91737962 86.77598864 78.78866202 91.75335019 112.06172407
47.23562929 28.49196855 13.45151524 38.69311570 20.36914597 34.82497834 48.88653267 15.42081528 33.80650277 34.54772334 43.96329788 4.45624458 24.38340363 0.00000000 39.98077789 7.02383001 18.02460620 15.04835341 31.95879038 20.76731300 41.75844693 38.89996461 24.33413596 24.24389999 39.37229136 40.95751622 21.92314840 34.64310972 29.22889846 50.67436555 31.65287748 39.58363890 47.49703017 45.48346825 33.91145739 47.08053114 64.86054048 59.45155778 48.83873240 59.58344537 47.66168126 60.78709525 67.98976053 57.72655474 64.14997485 71.25219965 60.69196098 67.57734716 90.36860576 82.09187613 79.96582039 99.74388939 83.04487197 82.39860506 90.37062277 75.70532914 96.39312635 88.40579973 78.54129971 98.84967359
16.84533188 58.42390942 39.63827874 14.89079274 27.59056753 65.54482820 12.92531632 52.45462250 12.90907481 70.72326583 6.50832611 41.15071438 17.08248335 39.98077789 0.00000000 35.39295181 23.95552481 53.80096482 8.96159418 57.43976934 15.24893249 63.46037405 39.18417789 60.91635634 63.93270079 19.67832709 40.52725023 71.31556606 53.15938564 24.17561762 32.63371740 76.25609524 31.05384392 69.41395543 45.97961756 83.75298748 88.86014954 43.48266374 65.35231435 44.24447358 69.95956565 92.25002849 52.02086649 60.07374947 100.82243120 57.45448919 75.75317376 91.57695623 75.02963397 98.97173274 80.98563755 116.63495196 76.90284377 67.05963327 107.25047938 90.22148142 81.05415456 73.02119048 95.42115632 115.72953020
42.64780321 30.86896864 12.08333796 34.10528962 15.82592181 37.98988742 44.29870659 22.44464529 29.21867668 38.18572724 39.37547180 10.98215612 19.79557754 7.02383001 35.39295181 0.00000000 13.43678012 19.46311944 27.37096429 23.10192396 37.17062085 33.37154397 18.36070984 26.57851095 33.84387072 34.98409010 15.96092823 36.97772068 23.70047782 46.08653946 25.67945135 41.91824986 41.52360404 39.95504761 27.93803126 49.41514210 59.33211984 53.47813166 43.31031176 53.61001924 42.13326062 62.72199879 62.01633441 52.19813410 66.48458581 65.72377901 55.16354034 62.02074520 84.39517963 76.56345549 74.43739975 94.21546875 77.51645133 76.42517893 84.84220213 70.17690850 90.41970022 82.43237360 73.01287907 93.32125295
35.00171111 36.46773773 17.68210705 26.45919752 15.57457545 43.58865651 35.44932789 30.49845080 21.57258458 48.76709413 30.09371141 19.19454269 12.37288187 18.02460620 23.95552481 13.43678012 0.00000000 31.84479313 15.93353729 35.48359765 25.73319384 45.75321767 30.74238353 38.96018465 46.22554441 29.71906229 28.33139597 49.35939437 36.08215151 34.64911246 38.06112505 54.29992355 41.09457912 52.33672130 40.31970496 61.79681579 71.71379353 53.52339894 55.69198546 54.28520878 54.51493431 75.10367248 62.06160169 64.57980779 78.86625951 67.49522439 67.54521404 74.43060021 85.07036917 88.94512918 86.81907344 106.59714245 86.94357897 77.10036847 97.22387582 82.55858219 91.09488976 83.10756314 85.39455277 105.70292665
61.05581622 20.28690827 23.52068392 52.51330263 34.18933290 22.67333174 62.70671960 12.63246663 47.62668970 22.39607675 57.78348481 13.90667952 38.20359056 15.04835341 53.80096482 19.46311944 31.84479313 0.00000000 45.77897731 9.39274458 55.57863386 43.32138253 30.17060682 12.86933158 33.08901249 46.79398708 27.75961926 23.26854130 35.06536932 58.64610017 37.48934834 28.20907048 53.33350103 36.18559679 39.74792825 35.70596272 54.24502904 65.28802864 54.67520326 65.41991623 53.49815212 49.41252684 73.82623139 63.56302560 52.77540644 77.08867051 66.52843184 61.18955992 96.20507662 87.92834699 85.80229125 105.58036025 88.88134283 88.23507592 96.20709363 81.54180000 102.22959721 94.24227059 84.37777057 104.68614446
24.11205175 50.40192190 31.61629123 18.02999392 22.32760248 57.52284068 20.38238858 44.43263498 14.46001325 62.70127831 14.47408335 33.12872686 11.63079790 31.95879038 8.96159418 27.37096429 15.93353729 45.77897731 0.00000000 49.41778183 10.85295079 58.68998808 34.41379192 52.89436882 59.16231483 14.83881924 35.75686426 63.29357855 48.38899967 19.77963592 27.79420955 68.23410773 26.21433607 64.64356947 41.14010971 75.73099997 84.02064169 38.64315589 60.51280650 39.40496573 65.12005779 87.41052064 47.18135864 55.23424162 92.80044368 52.61498133 70.91366591 86.73744837 70.19012612 94.13222489 76.14612970 111.79544411 72.06333592 62.22012542 102.41097153 85.38197356 76.21464671 68.22732009 90.58164847 110.89002235
64.69462074 20.98041935 32.30807136 56.15210715 37.82813742 19.96684282 66.31763867 20.48564400 51.26549422 15.78002184 61.42228933 21.78072794 41.84239508 20.76731300 57.43976934 23.10192396 35.48359765 9.39274458 49.41778183 0.00000000 59.21743838 35.75211330 33.80941134 5.30006235 25.51974326 50.43279160 31.39842378 15.25574592 34.20499205 62.28490469 41.12815286 20.63980125 56.97230555 28.61632756 43.38673277 27.69316734 46.23223365 68.92683316 51.52538693 69.05872075 49.87139605 41.39973146 77.46503591 60.41269150 44.76261106 73.93885417 62.91244228 53.17676453 95.22024052 84.31235743 82.18630168 101.95360418 85.25458676 87.25023982 92.59110407 77.92581044 101.24476111 92.61622796 80.76178101 101.07015489
29.92894723 60.20157845 41.41594778 27.08557680 32.16686820 67.32249724 26.38598033 54.23229153 24.25966980 72.50093486 21.66128680 42.92838342 21.44217818 41.75844693 15.21553652 37.17062085 25.73319384 55.57863386 10.85295079 59.21743838 0.00000000 61.41642184 37.14022568 62.69402537 61.88874858 16.32999211 38.48329802 73.09323510 51.11543343 13.39663510 30.52064330 74.86932204 24.07485600 67.37000322 43.86654346 85.53065652 82.45355406 37.17524335 59.04489396 37.93705319 63.65214525 85.84343301 45.71344610 53.76632907 98.15592217 51.14706879 69.44575337 85.15915478 68.72221358 92.66431234 74.67821715 110.32753156 70.59542338 60.75221287 100.94305898 83.91406102 74.74673417 66.74165554 89.11373593 109.42210981
74.93032702 56.57919816 44.36586177 66.38781343 48.06384370 55.54058389 74.63263003 52.87536863 61.50120050 51.27998112 69.97051234 43.32229546 52.07810136 38.86605088 63.42646031 33.33763024 45.71930393 43.32138253 58.65607435 35.75211330 61.37174159 0.00000000 32.85084873 30.48105000 11.14226511 45.05251599 22.97345088 33.04752972 13.37772828 56.27470683 30.96546558 26.69914935 50.96210769 24.36498223 27.02044781 40.26162293 50.72425774 62.91663530 35.17938940 56.22240976 33.52539852 50.21789351 71.45483805 44.06669397 53.58077311 57.59285665 46.55567825 53.41288311 78.87424300 67.95559340 65.82953766 85.60760666 68.90858924 70.90424229 76.23434004 61.56904641 84.89876359 76.27023044 64.40501698 84.71339086
53.93331451 48.17457205 29.38894137 50.64641793 33.08692330 51.63456311 50.39034761 38.34345372 46.52428010 48.89321462 45.65444813 28.64329853 37.10118096 24.33413596 39.18417789 18.36070984 30.74238353 30.17060682 34.41379192 33.80941134 37.12945917 32.89552898 0.00000000 37.28599834 33.36785572 20.81023357 9.87739785 47.68520806 23.22446282 32.66234666 13.32471606 46.97835143 27.34974752 39.47903262 24.02383346 60.12262948 58.85610484 39.30427513 42.83429677 39.43616272 41.65724562 62.24598379 47.84247788 51.72211911 73.85997520 52.64617832 54.68752535 61.50952205 70.22132311 76.08744049 73.96138475 93.73945376 72.09453291 62.25132240 84.36618714 69.71166001 76.24584369 68.21287962 72.53686408 92.84523796
68.17120773 26.10210947 35.78465836 59.62869415 41.30472441 25.08853294 69.82211112 24.24986436 54.74208121 20.89050600 64.89887632 25.25731494 45.31898207 24.24389999 60.91635634 26.57851095 38.96018465 12.86933158 52.89436882 5.30006235 62.69402537 30.48105000 37.28599834 0.00000000 20.24867996 53.90937860 34.87501078 11.79566388 28.93392875 65.76149169 44.60473985 15.37950446 60.44889254 23.35603077 44.91908465 23.82967501 42.27423314 72.40342016 46.26509013 67.31931645 44.61109925 37.44173095 80.94162291 55.15239470 40.80461055 68.66735142 57.65214549 49.21876402 89.95994373 79.05206063 76.92600489 96.69330739 79.99428997 81.98994303 87.33080728 72.66551364 95.98446432 87.35593117 75.50148422 95.80985810
75.44733401 46.34682812 44.88286876 66.90482042 48.58085069 45.30821386 75.14963702 44.46954528 62.01820749 41.04761108 70.53212126 43.83930245 52.59510835 39.38305787 63.94346730 33.85463723 46.23631092 33.08901249 59.17308134 25.51974326 61.88874858 11.14226511 33.36785572 20.24867996 0.00000000 45.56952298 23.49045787 22.81515969 11.58941929 56.79171382 31.48247257 16.46677931 51.47911468 14.44205271 27.53745480 30.02925289 44.81802567 63.43364229 30.90148806 51.94450841 29.24749718 39.98552347 67.41363260 39.78879263 43.34840307 53.31495530 42.27777690 49.09977361 74.59634165 63.67769205 61.55163631 81.31798159 64.63068789 66.62634095 71.95643869 57.29114506 80.62086224 71.94669163 60.12711563 80.43548951
34.35834183 64.18744690 45.40181622 31.07144524 36.15273665 68.25794337 30.81537492 54.96683398 28.24553824 65.51659488 26.07947544 45.26667879 25.42804662 40.95751622 19.60920520 34.98409010 29.71906229 46.79398708 14.83881924 50.43279160 16.32999211 45.09719624 20.81023357 53.90937860 45.56952298 0.00000000 22.15330591 64.30858832 34.79620783 14.01248917 14.19065119 58.55009644 13.54273499 51.05077762 27.54731786 72.11257002 70.42784985 25.90857029 47.14829865 26.04045787 51.75554994 73.81772879 34.44677304 41.86973376 85.43172020 39.25047348 57.54915805 73.14465653 56.82561826 80.76771703 62.78162184 98.43093625 58.69882806 48.85561756 89.04646367 72.01746571 62.85013885 54.86281223 77.21714061 97.52551449
55.27638686 45.76358449 26.97795381 48.99990547 30.67593574 49.22357556 51.73341995 35.93246616 44.11329254 46.48222706 46.99752047 26.23231097 34.69019340 21.92314840 40.52725023 15.94972228 28.33139597 27.75961926 35.75686426 31.39842378 38.47253151 23.00736462 9.87739785 34.87501078 23.47969137 22.15330591 0.00000000 43.43856745 13.33629847 34.00541900 12.84866717 37.09018708 28.69281986 29.59086826 14.14928333 50.65266066 48.96794049 40.64734747 32.94613241 40.77923506 31.76908126 52.35781943 49.18555022 41.83395475 63.97181084 53.98925066 44.79936099 51.65656585 71.56439545 66.19927614 64.07322040 83.85128940 67.15227198 63.59439474 74.47802278 59.81272915 77.58891604 69.60158942 62.64869972 82.95707360
78.57041746 36.08283077 46.18386808 70.02790387 51.70393414 35.04421651 80.22132084 34.64907409 65.14129094 30.78361374 75.29808605 35.65652466 55.71819180 34.64310972 71.31556606 36.97772068 49.35939437 23.26854130 63.29357855 15.25574592 73.09323510 33.05829623 47.68520806 11.79566388 22.82592619 64.30858832 43.44933396 0.00000000 31.51117498 76.16070141 51.44134866 13.15011863 70.84810227 25.93327700 47.49633088 12.53192960 34.50913917 82.80262988 48.84233636 69.89656267 47.18834548 29.67663698 85.36568686 57.72964093 32.40959432 71.25580361 54.45519837 41.45367005 92.53718996 72.76603868 71.13140329 90.44002441 74.21045487 84.56718925 81.05555183 66.88167854 98.56171055 89.93317740 69.69611610 89.53460266
65.29317460 53.51434003 34.72870935 56.75066101 38.42669128 53.99346264 64.37632187 43.23821622 51.86404808 49.73285987 59.64042239 33.68514304 42.44094894 29.22889846 53.17015215 23.70047782 36.08215151 35.06536932 48.39976618 34.20499205 51.11543343 13.41448974 23.22446282 28.93392875 11.58941929 34.79620783 13.34706497 31.50040847 0.00000000 46.01839866 20.70915742 24.52210584 40.70579952 16.33239122 16.75337313 38.08457942 37.90746158 52.66032713 22.36259324 43.41681955 20.70860236 41.29734053 58.88594373 31.24989781 51.40372960 44.77606048 33.73888209 40.56087879 66.05744683 55.13879723 53.01274149 72.77908677 56.09179307 58.08744613 63.41754387 48.75225024 72.08196742 63.45343427 51.58822082 71.89659470
38.85563236 69.12826358 50.34263290 36.01226192 41.09355333 76.24918236 35.31266545 63.15897666 33.18635492 77.37947448 30.57676597 51.85506854 30.36886330 50.68513205 24.10649573 46.09730597 34.65987897 58.65686668 19.77963592 62.29567120 13.43339655 56.31938707 32.67311317 65.77225820 56.79171382 14.01248917 34.01618551 76.17146792 46.01839866 0.00000000 25.42360854 69.77228727 11.56855901 62.27296846 38.76950870 83.33476086 69.62145181 24.34358055 46.21323116 25.10539039 50.82048245 73.01133076 32.88178330 40.93466628 85.32381993 38.31540600 56.61409057 72.33825849 55.89055078 79.83264955 61.84655436 97.49586877 57.76376058 47.92055008 88.11139619 71.08239822 61.91507137 53.92774475 76.28207313 96.59044701
47.31373214 55.49331356 36.70768289 44.02683555 40.40566482 58.95330463 43.77076523 45.66219524 41.20092856 56.21195614 39.03486575 35.96204005 38.38343693 31.65287748 32.56459551 25.67945135 38.06112505 37.48934834 27.79420955 41.12815286 30.52064330 31.01014583 13.32471606 44.60473985 31.48247257 14.19065119 12.84866717 51.44134866 20.70915742 25.41284203 0.00000000 44.46304603 20.10024289 36.96372721 13.46026745 58.02551961 56.34079944 32.05477050 40.31899136 32.18665809 39.14194022 59.73067838 40.59297325 48.01593397 71.34466979 45.39667369 52.17221994 58.99421665 62.97181848 73.57213509 68.92782205 91.22414835 64.84502828 55.00181777 81.85088173 67.19635460 68.99633906 61.00901244 70.02155867 90.32993255
83.51094664 41.46688611 51.12439726 74.96843305 56.64446332 40.42827184 85.16185002 39.58960327 70.08182012 36.16766907 80.23861523 40.59705384 60.65872098 39.58363890 76.25609524 41.91824986 54.29992355 28.20907048 68.23410773 20.63980125 74.85855553 26.69914935 46.96758493 15.37950446 16.46677931 58.53932993 37.09018708 13.15011863 24.52210584 69.76152077 44.45227952 0.00000000 64.44892162 18.94420786 40.50726174 15.30877619 29.16118757 76.40344924 41.85326722 62.90749353 40.19927634 24.34484709 78.37661772 50.74057179 27.70772669 64.26673447 49.10724676 36.08511872 85.54812082 67.43424880 65.78345168 85.10823453 68.86250326 77.57812011 75.72376195 61.52296043 91.57264140 82.94410825 64.36432622 84.20281277
45.73385866 71.33746625 52.55183557 42.44696207 47.52825348 74.79745732 42.19089175 61.50634793 39.62105507 72.05610883 37.45499227 51.80619274 36.80356345 47.49703017 30.98472203 41.52360404 41.09457912 53.33350103 26.21433607 56.97230555 24.08606195 50.99602142 27.34974752 60.44889254 51.46834817 13.51687086 28.69281986 70.84810227 40.69503301 11.56855901 20.10024289 64.44892162 0.00000000 56.94960280 33.44614305 78.01139520 58.49306535 13.21519409 35.08484470 13.97700393 39.69209599 61.88294430 21.75339684 29.80627982 74.19543347 27.18701954 45.48570411 61.18169072 44.76216432 68.70426309 50.71816790 86.36748231 46.63537412 36.79216362 76.98300973 59.95401176 50.78668491 42.79935829 65.15368667 85.46206055
81.54774439 49.45417892 50.98327914 73.00523081 54.68126107 48.46693454 80.62012515 47.57689608 68.11861787 44.20633177 75.94680151 48.58434666 58.69551873 45.48346825 69.43847539 39.95504761 52.33672130 36.19636330 64.64356947 28.62709407 67.35923671 24.39889596 39.46826611 23.35603077 14.43032898 51.04001111 29.59086826 25.92251049 16.33239122 62.26220195 36.95296070 18.94420786 56.94960280 0.00000000 33.00794293 32.50668144 43.83876835 64.82344264 28.29390001 49.34812632 26.63990913 42.46295202 64.81725050 37.18120458 45.82583162 50.70736725 39.67018885 46.52739371 71.98875360 61.07010400 58.94404826 78.71039354 62.02309984 64.01875290 69.34885064 54.68355701 78.01327419 69.33910358 57.51952758 77.82790146
60.67039881 57.75189347 38.96626280 57.38350222 42.66424473 61.21188454 57.12743190 47.92077515 54.55759522 58.47053605 52.39153242 38.22061996 46.67850238 33.91145739 45.92126218 27.93803126 40.31970496 39.74792825 41.15087621 43.38673277 43.86654346 27.05436154 23.97819601 44.91908465 27.52668829 27.54731786 14.10079816 47.48556438 16.75337313 38.76950870 13.47147341 40.50726174 33.45690955 33.00794293 0.00000000 54.06973532 52.38501515 45.41143717 36.36320708 45.54332475 35.18615593 55.77489410 53.94963992 45.25102942 67.38888550 58.77667432 48.21643566 55.03843236 76.32848514 69.61635080 67.49029506 87.26836407 70.56934664 68.35848444 77.89509744 63.22980381 82.35300573 74.32004165 66.06577439 86.37414827
91.00783888 48.52025219 58.62128950 82.46532529 64.14135556 47.48163793 92.65874226 47.08649551 77.57871236 43.22103516 87.73550747 48.09394608 68.15561322 47.08053114 83.75298748 49.41514210 61.79681579 35.70596272 75.73099997 27.69316734 85.53065652 40.26162293 60.12262948 23.82967501 30.02925289 72.10180351 50.65266066 12.53192960 38.08457942 83.32399435 58.01475310 15.32049991 78.01139520 32.50668144 54.06973532 0.00000000 27.93768719 84.83044385 53.73962711 69.35512753 42.51431078 23.10518499 84.81348520 55.36297795 25.83814233 70.70360195 47.88374638 34.84545661 91.98498830 66.19458670 64.55995130 83.87933893 67.63900288 84.01498760 74.48409984 60.29946005 98.00950889 85.14516433 63.12466412 82.96315067
100.92481662 67.00639533 70.36035137 92.38230303 74.05833330 66.02070425 99.99719738 65.62556182 87.49569010 61.76010147 95.36847566 66.63301240 78.07259096 64.86054048 88.86014954 59.33211984 71.71379353 54.24502904 84.02064169 46.23223365 82.45355406 50.75868925 58.84533833 42.28499965 44.81802567 70.41708334 48.96794049 34.50913917 37.90746158 69.61068531 56.33003293 29.17734929 58.48229884 43.83876835 52.38501515 27.93768719 0.00000000 61.79973246 30.71968223 46.32441614 19.49436591 14.49564565 61.79354033 32.34303307 26.80813482 47.68365708 24.86380150 21.03166067 68.96504342 43.18540832 41.54000642 60.84862755 44.61905800 60.99504272 51.46415497 37.27951517 74.98956401 62.12521945 40.11548574 59.94320579
58.16267848 83.29199387 64.50636319 54.87578189 59.95707330 86.75198493 54.61971157 73.46087554 52.04987490 84.01063644 49.88381209 63.76072035 49.23238327 59.45155778 43.41354185 53.47813166 53.52339894 65.28802864 38.64315589 68.92683316 37.17568279 62.95054903 39.30427513 72.40342016 63.42287578 25.90857029 40.64734747 82.80262988 52.64956063 24.34358055 32.05477050 76.40344924 13.21519409 64.82292487 45.40067066 84.81967734 61.81049897 0.00000000 38.40227832 15.47531632 43.00952961 65.20037792 12.78853806 33.12371343 77.51286709 27.70026149 48.80313773 64.52730565 42.41196292 72.02169670 48.37873301 89.68491593 44.28517272 34.44196222 80.30044335 57.60381037 48.43648351 40.44915689 64.70144329 88.77949417
79.99556764 72.33535284 54.33854330 76.36049496 58.03652523 71.33539053 76.45260074 62.84805016 71.47388202 67.07426999 71.75475713 53.29497699 62.05078288 48.83873240 65.24643101 43.31031176 55.69198546 54.67520326 60.47604505 51.54640217 58.99780545 35.21382091 42.82353026 46.27533887 30.89028210 47.11153719 32.94613241 48.84181860 22.36259324 46.18630293 40.30822486 41.86351596 35.05791647 28.29338224 36.36320708 53.72886060 30.71968223 38.37535009 0.00000000 22.90003377 11.22531632 34.10956118 38.36915795 13.17887911 46.42205034 24.23867497 22.72507918 33.43648891 45.52006132 44.12499433 41.99893858 61.81376904 45.07799016 37.55006062 52.40374097 37.73844733 51.54458191 42.92733303 40.57441791 60.88279179
58.92448832 83.42388145 64.63825078 55.63759174 60.71888314 86.88387252 55.38152142 73.59276313 52.81168474 84.14252403 50.64562194 63.89260794 49.99419311 59.58344537 44.17535170 53.61001924 54.28520878 65.41991623 39.40496573 69.05872075 37.93749264 56.26804722 39.43616272 67.32956519 51.94450841 26.04045787 40.77923506 69.89604491 43.41681955 25.10539039 32.18665809 62.91774227 13.97700393 49.34760855 45.53255825 69.34436102 46.33518265 15.47531632 22.90192427 0.00000000 27.53421329 49.72506160 16.91457070 17.64839711 62.03755076 13.20957616 33.32782141 49.02380801 30.78516039 56.54638038 36.75193047 74.19787588 32.65837019 22.81515969 64.82512702 45.97700783 36.80968098 28.82235436 53.07464075 73.30417785
83.72595740 70.64460050 53.16149215 75.18344381 56.85947408 69.68139965 81.10737999 61.67099901 70.29683088 65.42079688 76.43405634 52.11792584 60.87373174 47.66168126 69.92573023 42.13326062 54.51493431 53.49815212 65.13082430 49.89292906 63.65258470 33.55983003 41.64647911 44.62186576 29.23629122 51.76631644 31.76908126 47.18834548 20.70860236 50.82048245 39.13117371 40.21004285 39.69209599 26.63990913 35.18615593 42.51431078 19.50513241 43.00952961 11.22531632 27.53421329 0.00000000 22.89501136 43.00333747 13.55283022 35.20750053 28.89345422 13.01907377 22.22193910 50.17484057 34.41898892 32.29293317 52.08220814 35.37198476 42.20483987 42.69773556 28.03244193 56.19936116 47.57134578 30.86841250 51.17678638
104.31469557 62.22681631 72.32785362 95.77218198 77.48160822 61.18820205 103.38707633 60.79305962 90.88556905 56.92759928 98.75835460 61.80051020 81.46246991 60.78709525 92.25002849 62.72199879 75.10367248 49.41252684 87.41052064 41.39973146 85.83266650 50.21789351 62.23521728 37.45249745 39.98552347 73.80696229 52.35781943 29.67663698 41.29734053 73.00056425 59.71991188 24.34484709 61.87217779 42.46295202 55.77489410 23.10518499 14.49564565 65.18961141 34.10956118 49.71429509 22.88424485 0.00000000 65.18341927 35.73291202 12.31248917 51.07353602 27.62375819 12.72723256 72.35492237 45.94536502 44.29996311 63.60858424 47.37901469 64.38492167 54.22411166 40.03947186 78.37944296 64.88517614 42.87544244 62.70316248
66.70088123 91.83019662 73.04456594 63.41398464 68.49527605 95.29018769 63.15791433 81.99907829 60.58807765 92.54883919 58.42201484 72.29892310 57.77058602 67.98976053 51.95174460 62.01633441 62.06160169 73.82623139 47.18135864 77.46503591 45.71388554 71.48875179 47.84247788 80.94162291 67.41363260 34.44677304 49.18555022 85.35440258 58.89671024 32.88178330 40.59297325 78.37609995 21.75339684 64.81673273 53.93887341 84.81348520 61.80430683 12.82529951 38.39608618 16.91457070 43.00333747 65.19418578 0.00000000 32.48759904 77.50667495 21.22286364 48.16702333 64.50232597 35.98305025 69.18085088 41.94982034 86.84407011 37.85626005 28.01304955 77.45959753 51.17489769 42.00757084 34.02024422 58.27253062 85.93864835
74.75376421 81.25106062 63.22636563 71.46686762 66.96894949 80.31918467 71.21079730 71.73587250 68.64096062 76.05806413 66.51295369 62.18279932 65.82346900 57.72655474 60.00462758 52.19813410 64.57980779 63.56302560 55.23424162 60.43422451 53.76676852 44.10164324 51.71135260 55.16316121 39.77810444 41.86973376 41.83395475 57.72964093 31.25041558 40.93466628 48.01593397 50.75133830 29.80627982 37.18120458 45.25102942 55.36297795 32.35379958 33.11294693 13.22736429 17.63763061 13.55283022 35.74367853 32.47683253 0.00000000 48.05616770 18.35574333 15.84077100 35.04242495 39.64833563 39.05932997 36.94448019 56.72254919 40.02353177 31.67833493 47.33807661 32.67278298 45.67285622 37.05560735 35.50875356 55.81712744
108.07728260 65.58969591 75.69073322 99.53476901 81.24419524 64.55108165 109.72818598 64.15593922 94.64815607 60.29047888 104.80495118 65.16338980 85.22505693 64.14997485 100.82243120 66.48458581 78.86625951 52.77540644 92.80044368 44.76261106 98.15592217 53.58077311 73.84920869 40.81537705 43.34840307 85.42095369 63.97181084 32.40959432 51.40372960 85.32381993 71.33390328 27.70772669 74.19543347 45.82583162 67.38888550 25.83814233 26.80813482 77.51286709 46.43281685 62.03755076 35.20750053 12.31248917 77.50667495 48.05616770 0.00000000 63.39679170 39.94701387 19.36662544 84.67817805 58.26862069 56.62321879 75.92011619 59.70227037 76.70817735 66.54736733 52.36272754 90.70269864 77.20843182 55.19869811 75.02641816
72.10721456 94.78158298 76.75201054 68.82031798 73.90160938 93.83406307 68.56424766 85.26151741 65.99441098 89.57294253 63.82834818 75.70844423 63.17691935 71.25219965 57.35807794 65.72377901 67.46793502 77.07790400 52.58769197 73.94910291 51.12021888 57.62728815 52.61888896 68.67803961 53.29298284 39.22318411 53.96196130 71.24451933 44.77606048 38.28811663 45.36938433 64.26621670 27.15973017 50.69608298 58.77667432 70.69283545 47.68365708 27.66350004 24.25039870 13.18272624 28.88268772 51.07353602 21.22286364 18.36694928 63.38602519 0.00000000 34.04637358 50.33707429 23.09213850 55.66001687 28.42898632 73.31151237 24.33542604 15.12213779 63.93876351 37.65406368 29.11665908 20.49941021 44.75169660 72.41781434
90.43318850 83.75473164 66.19133243 87.14629191 69.88931436 82.80721173 86.89022160 74.70083929 83.32667115 78.54660896 82.26149987 65.14776612 73.90357201 60.69152153 75.75317376 55.16310089 67.54477459 66.52799239 70.91366591 62.92276934 69.42422035 46.58967030 54.67631939 57.65170604 42.26613150 57.54915805 44.79892154 54.44443186 33.73844264 56.60332406 52.16101399 49.12340848 45.47493760 39.66974940 48.21599621 47.87297987 24.86380150 48.79237122 22.75063468 33.31705490 13.01907377 27.62375819 48.15625683 15.85197695 39.93624736 34.04637358 0.00000000 26.95068592 55.32775993 23.77057763 21.64452189 41.43379685 24.72357347 44.40154218 32.04932427 17.39479715 59.37010007 42.22973492 20.22000122 40.52837510
103.54069573 73.94996899 72.97623048 94.99818214 76.70760838 73.03857747 102.61307649 72.58085921 90.11156921 68.77797469 97.98435477 71.93266417 80.68847007 67.47641959 91.47602865 61.94799895 74.32967264 61.20032642 86.63652080 53.18753104 85.05866666 53.37456836 61.46121744 49.24029704 49.05102955 73.03296245 51.58381959 41.46443656 40.52334069 72.32749199 58.94591204 36.13264668 61.19910553 46.45464746 55.00089426 34.89298457 20.93047421 64.51653914 33.33556134 49.04122282 22.11024502 12.72723256 64.51034701 35.05983976 19.36662544 50.40046376 26.95068592 0.00000000 71.68185011 45.17136518 43.62689085 62.83458440 46.70594243 63.71184940 53.45011182 39.26547202 77.70637069 64.13935762 42.10144260 61.92916264
89.70964871 114.20904184 95.42341116 86.42275212 91.46443436 115.11544942 86.16668181 104.37792352 83.59684513 110.85432888 81.53796008 94.67776833 80.76762978 90.36860576 75.02963397 84.39517963 85.07036917 96.20507662 70.19012612 95.23048926 68.72265303 78.86303704 70.22132311 89.95942596 74.57436919 56.82561826 71.56439545 92.52590568 66.05744683 55.89055078 62.97181848 85.54760305 44.76216432 71.97746933 76.32848514 91.98498830 68.96504342 42.46044810 45.55682278 30.78516039 50.16407407 72.35492237 35.98305025 39.64833563 84.66741154 23.09213850 55.32775993 71.68185011 0.00000000 63.97204433 36.74101378 81.63430634 32.64745350 13.46740327 72.25079097 45.96609114 11.57208498 22.21760569 53.06372406 80.72984180
113.65174748 105.15464679 87.59124757 109.61319923 91.32262547 104.20712688 110.10878057 96.10075444 104.72658630 99.94652411 105.48005885 86.54768126 95.30348716 82.09143668 98.97173274 76.56301604 88.94468973 87.92790754 94.13222489 84.32268449 92.65398528 67.98958545 76.08700105 79.05162119 63.66604664 80.76771703 66.20960320 72.76603868 55.13835778 79.82188304 73.56092913 67.44501531 68.69349658 61.06966455 69.61591135 66.19458670 43.18540832 72.01093020 44.15054982 56.53561388 34.41898892 45.94536502 69.18085088 39.07053593 58.25785419 55.66001687 23.77057763 45.24411143 63.96127783 0.00000000 28.89905850 21.35760821 31.31382433 50.99179303 14.13446892 19.52254087 65.96035092 48.81998578 17.27622740 22.61351974
95.68718530 103.02859105 85.46519183 92.40028872 89.19656973 102.08107114 92.14421840 93.97469870 89.57438172 97.82046837 87.51549668 84.42162552 86.74516637 79.96538094 81.00717056 74.43696030 86.81863399 85.80185180 76.16766271 82.19662874 74.68898366 65.85465370 73.96094530 76.92556544 61.53999090 62.80315486 64.07278095 71.12063678 53.01230204 61.86808737 68.94935507 65.79961340 50.73970091 58.94360881 67.48985561 64.54918479 41.54000642 48.43798469 42.02449408 36.76269698 32.29293317 44.29996311 41.96058684 36.94448019 56.61245228 28.43975283 21.64452189 43.59870953 36.74101378 28.90982500 0.00000000 46.57304423 4.56359331 23.77152899 37.18857165 12.94564181 38.74008688 21.59972174 20.08296135 45.66762247
131.31400948 122.81690880 105.25350958 127.27546124 108.98488748 121.86938888 127.77104258 113.76301644 122.38884831 117.60878611 123.14232086 104.20994327 112.96574917 99.75369869 116.63399474 94.22527805 106.60695174 105.59016955 111.79448689 101.98494649 110.31624729 85.65184746 93.73849654 96.71388319 81.32830865 98.42997903 83.86109869 90.42830069 72.80061979 97.48414504 91.22319114 85.10727731 86.35575858 78.73192656 87.27817336 83.85684870 60.84767033 89.67319220 61.81281183 74.19787588 52.08125092 63.60762702 86.84311289 56.73279793 75.92011619 73.32227888 41.43283964 62.87116529 81.62353983 21.35760821 46.56132050 0.00000000 48.97608633 68.65405504 10.74395457 37.18480287 83.63337944 66.47337178 34.93848940 11.73074873
91.59362502 106.10764263 88.54424341 88.30672843 92.27562131 105.16012272 88.05065811 97.05375028 85.48082144 100.89951995 83.42193639 87.50067710 82.65160609 83.04443252 76.91361028 77.51601188 86.95434548 88.88090338 72.07410243 85.27568032 70.60662933 68.94258129 72.10529941 80.00461702 64.61904248 58.70959457 67.15183253 74.19968836 56.09135362 57.77452709 64.85579478 68.87866498 46.64614063 62.02266039 70.56890719 67.62823637 44.61905800 44.34442441 45.10354566 32.66913670 35.37198476 47.37901469 37.86702656 40.02353177 59.69150386 24.34619255 24.72357347 46.64255296 32.64745350 31.32459083 4.59147876 48.98781005 0.00000000 19.67796871 39.60333747 14.05992110 34.64652660 17.50616145 21.15755402 48.08238830
81.73964801 106.23904114 87.45341046 78.45275142 83.49443366 107.14544872 78.19668110 96.40792281 75.62684443 102.88432818 73.56795938 86.70776763 72.79762908 82.39860506 67.05963327 76.42517893 77.10036847 88.23507592 62.22012542 87.26048856 60.75265232 70.89303634 62.25132240 81.98942526 66.60436848 48.85561756 63.59439474 84.55590498 58.08744613 47.92055008 55.00181777 77.57760235 36.79216362 64.00746862 68.34771793 84.00422109 60.99504272 34.49044740 37.58682207 22.81515969 42.19407336 64.38492167 28.01304955 31.67833493 76.69741084 15.12213779 44.39077567 63.68366809 13.46740327 50.99179303 23.76076248 68.64328853 19.66720220 0.00000000 59.27053967 32.98583984 15.00567829 9.63549489 40.08347276 67.74959050
121.93049412 113.43339343 95.86999421 117.89194588 99.60137211 112.48587352 118.38752721 104.37950108 113.00533294 108.22527075 113.75880549 94.82642791 103.58223380 90.37018332 107.25047938 84.84176268 97.22343638 96.20665418 102.41097153 92.60143113 100.93273193 76.22269463 84.35498118 87.33036783 71.95599924 89.04646367 74.47758333 81.04478532 63.41710443 88.10062968 81.83967577 75.72376195 76.97224322 69.34841119 77.89465800 74.47333334 51.46415497 80.28967684 52.42929646 64.81436052 42.69773556 54.22411166 77.45959753 47.34928257 66.53660083 63.93876351 32.04932427 53.48764992 72.24002447 14.13446892 37.17780514 10.74395457 39.59257097 59.27053967 0.00000000 27.17136526 74.23909756 57.09873242 24.92505178 8.47905082
104.90149616 98.77886631 81.21546709 101.61459957 84.94684499 97.83134640 101.35852925 89.72497395 98.35080582 93.57074362 96.72980753 80.17190078 88.92770668 75.71565620 90.22148142 70.18723556 82.56890925 81.55212706 85.38197356 77.94690400 83.92526698 61.61380497 69.71122056 72.67584070 57.29026616 72.01746571 59.82305620 66.87091204 48.76257730 71.08239822 67.18514865 61.54988866 59.95401176 54.69388407 63.24013087 60.29946005 37.29028168 57.65229554 37.77476934 45.97700783 28.04320843 40.05023837 51.17489769 32.69475544 52.35196103 37.65406368 17.39479715 39.31377664 45.95532464 19.53330738 12.94564181 37.19652660 14.05992110 32.98583984 27.18213176 0.00000000 47.32447548 30.18411033 8.13315648 35.66118259
95.73416930 120.23356243 101.44793175 92.44727271 97.48895495 121.13997001 92.19120240 110.40244411 89.62136572 116.87884947 87.56248067 100.70228892 86.79215037 96.39312635 81.05415456 90.41970022 91.09488976 102.22959721 76.21464671 101.25500985 74.73596766 84.93319509 76.24584369 95.98394655 80.59888978 62.85013885 77.58891604 98.55042627 72.08196742 61.91507137 68.99633906 91.57212364 50.78668491 78.00198991 82.34223922 97.99874238 74.98956401 48.48496869 51.58134336 36.80968098 56.18859465 78.37944296 42.00757084 45.67285622 90.69193213 29.11665908 59.37010007 77.70637069 11.60884644 65.97111743 38.74008688 83.64510316 34.64652660 15.00567829 74.24986407 47.33524198 0.00000000 21.25182983 54.43287491 82.72891490
87.70120522 112.20059835 93.41496767 84.41430863 89.45599087 112.47708368 84.15823832 102.36948003 81.58840164 108.21596314 79.52951659 92.66932484 78.75918629 88.36016227 73.02119048 82.38673614 83.06192568 94.19663313 68.18168263 92.59212351 66.71420954 76.22467130 68.21287962 87.32106022 71.94720940 54.81717477 69.55595196 89.88753994 63.41908109 53.88210729 60.96337499 82.90923730 42.75372083 69.33910358 74.30927515 85.12363132 62.11445294 40.45200461 42.91845703 28.77671690 47.52570832 64.87440964 33.97460676 37.00996989 77.18689881 20.45377275 42.21896842 64.17315605 22.25436715 48.81998578 21.58895523 66.47148127 17.49539494 9.68113235 57.09873242 30.18411033 21.25182983 0.00000000 37.28174325 65.57778324
110.10117106 101.60407037 84.04067116 106.06262282 87.77204905 100.65655046 106.55820416 92.55017802 101.17600988 96.39594769 101.92948243 82.99710485 91.75291074 78.54086026 95.42115632 73.01243962 85.39411332 84.37733112 90.58164847 80.77210807 89.10340887 64.43900903 72.52565812 75.50104477 60.11547023 77.21714061 62.64826027 69.69611610 51.58778137 76.27130662 70.01035272 64.37509273 65.14292016 57.51908813 66.06533494 63.12466412 40.11548574 64.76069497 40.59997341 53.08540726 30.86841250 42.87544244 58.28329712 35.51995951 55.18793161 44.76246311 20.22000122 42.13898070 53.06372406 17.27622740 20.08296135 34.93944662 21.15755402 40.09423927 24.92505178 8.13315648 54.43287491 37.29250976 0.00000000 33.40410261
130.40954494 121.91244426 104.34904504 126.37099670 108.08042294 120.96492434 126.86657804 112.85855190 121.48438377 116.70432157 122.23785632 103.30547873 112.06128463 98.84923415 115.72953020 93.32081351 105.70248720 104.68570501 110.89002235 101.08048195 109.41178275 84.74738292 92.83403200 95.80941865 80.42384411 97.52551449 82.95663415 89.52383615 71.89615525 96.57968050 90.31872660 84.20281277 85.45129404 77.82746202 86.37370882 82.95238416 59.94320579 88.76872766 60.90834729 73.29341134 51.17678638 62.70316248 85.93864835 55.82833339 75.01565165 72.41781434 40.52837510 61.96670075 80.71907529 22.61351974 45.65685596 11.69398728 48.07162179 67.74959050 8.47905082 35.65041608 82.71814839 65.57778324 33.40410261 0.00000000
