0.00000000 200.15432893 45.00000000 188.74011537 46.41421356 55.24264069 177.15432893 71.14213562 91.18376618 163.32590181 83.24264069 87.62741700 88.45584412 84.11269837 104.52691193 98.48528137 154.74011537 112.01219331 117.35533906 110.45584412 135.11269837 133.52691193 137.91168825
200.15432893 0.00000000 184.42640687 14.72792206 207.84062043 170.52691193 23.00000000 183.35533906 109.55634919 45.89949494 149.55634919 196.28427125 167.79898987 213.21320344 135.04163056 155.87005769 70.48528137 192.28427125 120.69848481 223.35533906 138.59797975 156.32590181 206.08326112
45.00000000 184.42640687 0.00000000 173.01219331 31.89949494 16.24264069 161.42640687 31.07106781 75.45584412 147.59797975 44.24264069 71.31370850 46.97056275 92.38477631 64.69848481 57.82842712 139.01219331 74.76955262 89.42640687 105.84062043 106.01219331 92.87005769 101.11269837
188.74011537 14.72792206 173.01219331 0.00000000 196.42640687 159.11269837 15.72792206 171.94112550 98.14213562 32.82842712 138.14213562 184.87005769 156.38477631 201.79898987 123.62741700 144.45584412 59.07106781 180.87005769 109.28427125 211.94112550 127.18376618 144.91168825 194.66904756
46.41421356 207.84062043 31.89949494 196.42640687 0.00000000 37.07106781 184.84062043 26.48528137 97.21320344 171.01219331 60.14213562 43.65685425 40.62741700 59.89949494 79.42640687 61.42640687 160.76955262 56.14213562 104.15432893 81.94112550 117.22539674 99.98275606 88.62741700
55.24264069 170.52691193 16.24264069 159.11269837 37.07106781 0.00000000 147.52691193 27.65685425 60.97056275 133.69848481 34.82842712 64.38477631 40.04163056 85.45584412 56.11269837 50.07106781 125.11269837 67.84062043 80.84062043 98.91168825 97.42640687 85.11269837 94.18376618
177.15432893 23.00000000 161.42640687 15.72792206 184.84062043 147.52691193 0.00000000 160.35533906 86.55634919 22.89949494 126.55634919 173.28427125 144.79898987 190.21320344 112.04163056 132.87005769 47.48528137 169.28427125 97.69848481 200.35533906 115.59797975 133.32590181 183.08326112
71.14213562 183.35533906 31.07106781 171.94112550 26.48528137 27.65685425 160.35533906 0.00000000 78.82842712 146.52691193 33.89949494 39.65685425 22.00000000 61.55634919 54.94112550 42.79898987 136.28427125 47.45584412 79.66904756 77.94112550 95.08326112 77.84062043 76.62741700
91.18376618 109.55634919 75.45584412 98.14213562 97.21320344 60.97056275 86.55634919 78.82842712 0.00000000 72.72792206 51.89949494 107.79898987 83.45584412 128.87005769 63.04163056 81.52691193 64.14213562 111.25483400 55.04163056 142.32590181 75.28427125 90.66904756 130.56854249
163.32590181 45.89949494 147.59797975 32.82842712 171.01219331 133.69848481 22.89949494 146.52691193 72.72792206 0.00000000 112.72792206 159.45584412 130.97056275 176.38477631 98.21320344 119.04163056 33.65685425 155.45584412 83.87005769 186.52691193 101.76955262 119.49747468 169.25483400
83.24264069 149.55634919 44.24264069 138.14213562 60.14213562 34.82842712 126.55634919 33.89949494 51.89949494 112.72792206 0.00000000 55.89949494 31.55634919 76.97056275 34.21320344 33.72792206 101.21320344 59.35533906 54.55634919 90.42640687 72.31370850 62.97056275 78.66904756
87.62741700 196.28427125 71.31370850 184.87005769 43.65685425 64.38477631 173.28427125 39.65685425 107.79898987 159.45584412 55.89949494 0.00000000 28.48528137 21.89949494 67.87005769 48.69848481 149.21320344 27.31370850 92.59797975 42.38477631 105.66904756 88.42640687 58.72792206
88.45584412 167.79898987 46.97056275 156.38477631 40.62741700 40.04163056 144.79898987 22.00000000 83.45584412 130.97056275 31.55634919 28.48528137 0.00000000 45.41421356 39.38477631 20.79898987 120.72792206 27.79898987 64.11269837 58.87005769 77.18376618 59.94112550 54.62741700
84.11269837 213.21320344 92.38477631 201.79898987 59.89949494 85.45584412 190.21320344 61.55634919 128.87005769 176.38477631 76.97056275 21.89949494 45.41421356 0.00000000 84.79898987 64.79898987 166.14213562 40.48528137 109.52691193 31.07106781 122.59797975 105.35533906 64.04163056
104.52691193 135.04163056 64.69848481 123.62741700 79.42640687 56.11269837 112.04163056 54.94112550 63.04163056 98.21320344 34.21320344 67.87005769 39.38477631 84.79898987 0.00000000 20.82842712 86.31370850 63.04163056 24.72792206 85.72792206 41.31370850 40.31370850 71.04163056
98.48528137 155.87005769 57.82842712 144.45584412 61.42640687 50.07106781 132.87005769 42.79898987 81.52691193 119.04163056 33.72792206 48.69848481 20.79898987 64.79898987 20.82842712 0.00000000 107.14213562 43.87005769 45.55634919 64.89949494 56.97056275 39.72792206 50.21320344
154.74011537 70.48528137 139.01219331 59.07106781 160.76955262 125.11269837 47.48528137 136.28427125 64.14213562 33.65685425 101.21320344 149.21320344 120.72792206 166.14213562 86.31370850 107.14213562 0.00000000 145.21320344 71.14213562 176.28427125 89.04163056 106.76955262 157.35533906
112.01219331 192.28427125 74.76955262 180.87005769 56.14213562 67.84062043 169.28427125 47.45584412 111.25483400 155.45584412 59.35533906 27.31370850 27.79898987 40.48528137 63.04163056 43.87005769 145.21320344 0.00000000 87.76955262 31.07106781 100.84062043 83.59797975 36.38477631
117.35533906 120.69848481 89.42640687 109.28427125 104.15432893 80.84062043 97.69848481 79.66904756 55.04163056 83.87005769 54.55634919 92.59797975 64.11269837 109.52691193 24.72792206 45.55634919 71.14213562 87.76955262 0.00000000 112.94112550 23.41421356 35.62741700 94.59797975
110.45584412 223.35533906 105.84062043 211.94112550 81.94112550 98.91168825 200.35533906 77.94112550 142.32590181 186.52691193 90.42640687 42.38477631 58.87005769 31.07106781 85.72792206 64.89949494 176.28427125 31.07106781 112.94112550 0.00000000 117.52691193 95.69848481 36.72792206
135.11269837 138.59797975 106.01219331 127.18376618 117.22539674 97.42640687 115.59797975 95.08326112 75.28427125 101.76955262 72.31370850 105.66904756 77.18376618 122.59797975 41.31370850 56.97056275 89.04163056 100.84062043 23.41421356 117.52691193 0.00000000 21.82842712 80.79898987
133.52691193 156.32590181 92.87005769 144.91168825 99.98275606 85.11269837 133.32590181 77.84062043 90.66904756 119.49747468 62.97056275 88.42640687 59.94112550 105.35533906 40.31370850 39.72792206 106.76955262 83.59797975 35.62741700 95.69848481 21.82842712 0.00000000 58.97056275
137.91168825 206.08326112 101.11269837 194.66904756 88.62741700 94.18376618 183.08326112 76.62741700 130.56854249 169.25483400 78.66904756 58.72792206 54.62741700 64.04163056 71.04163056 50.21320344 157.35533906 36.38477631 94.59797975 36.72792206 80.79898987 58.97056275 0.00000000
