0.00000000 69.52234274 14.90747450 67.56215797 16.65644856 17.46522049 65.28417348 26.90356525 40.79203091 62.81350034 30.85950899 26.64884602 27.51098316 26.09868306 41.23287702 33.55577349 59.93817173 31.15506011 60.00781114 30.60332205 63.67130747 43.94193936 34.76319349
69.52234274 0.00000000 62.53619104 2.69320543 92.90024098 49.15526252 4.54885650 76.16305060 28.89371867 8.55015491 49.27635073 76.65308732 70.47165084 79.47211189 45.45834639 55.21006356 13.09162094 75.85403537 31.78001924 81.34329072 34.11315089 39.16543661 79.70416978
14.90747450 62.53619104 0.00000000 60.57600627 24.87994560 4.20747642 58.29802178 9.13074027 33.80587921 55.82734864 17.53296842 19.59393920 13.59358218 22.59404323 26.60807128 18.73353523 52.95202003 19.88395462 38.22271359 25.37320997 41.32448106 29.15838860 36.90238013
67.56215797 2.69320543 60.57600627 0.00000000 90.94005621 47.19507775 3.11205835 74.20286583 26.93353390 6.23572107 47.31616595 74.69290254 68.51146606 77.51192711 43.49816161 53.24987879 11.18478708 73.89385060 29.81983447 79.38310595 32.15296611 37.20525183 77.74398500
16.65644856 92.90024098 24.87994560 90.94005621 0.00000000 12.32723425 88.66207172 10.33820268 32.37070446 86.19139858 24.43067940 22.53157969 22.46871165 19.82239986 35.08992644 28.47607240 80.12781491 25.11642074 46.70456875 28.51475269 43.26635939 40.01432264 43.17887861
17.46522049 49.15526252 4.20747642 47.19507775 12.32723425 0.00000000 44.91709326 8.23157516 20.26092420 42.44642012 15.17129599 17.82895213 11.82859512 20.82905617 25.54893151 17.87338545 39.57109151 18.11896755 37.16357382 23.60822291 40.26534130 28.25955132 35.13739306
65.28417348 4.54885650 58.29802178 3.11205835 88.66207172 44.91709326 0.00000000 71.92488134 24.65554941 4.31198565 45.03818147 72.41491806 66.23348157 75.23394263 41.22017712 50.97189430 8.81269767 71.61586611 27.54184998 77.10512146 29.87498163 34.92726735 75.46600052
26.90356525 76.16305060 9.13074027 74.20286583 10.33820268 8.23157516 71.92488134 0.00000000 39.24393049 69.45420820 15.60270229 11.62386116 7.05885950 14.79669281 18.44752545 12.99682265 63.39062453 12.72791335 30.06216776 17.18917437 26.79141871 23.53938196 29.51025700
40.79203091 28.89371867 33.80587921 26.93353390 32.37070446 20.26092420 24.65554941 39.24393049 0.00000000 22.18487627 19.78600033 41.16523392 35.15670179 44.15716284 46.13251554 46.78169266 19.30954766 41.44707423 18.41223600 46.93632958 23.20093637 25.79765336 58.94629582
62.81350034 8.55015491 55.82734864 6.23572107 86.19139858 42.44642012 4.31198565 69.45420820 22.18487627 0.00000000 42.56750832 69.94424492 63.76280843 72.76326948 38.74950398 48.50122116 6.43612945 69.14519297 25.07117684 74.63444832 27.40430849 32.45659421 72.99532738
30.85950899 49.27635073 17.53296842 47.31616595 24.43067940 15.17129599 45.03818147 15.60270229 19.78600033 42.56750832 0.00000000 21.37923359 15.37070147 24.37116252 19.79125374 19.19426003 56.73452451 21.66107390 35.28456337 27.15032926 38.86713931 26.98194375 39.03375755
26.64884602 76.65308732 19.59393920 74.69290254 22.53157969 17.82895213 72.41491806 11.62386116 41.16523392 69.94424492 21.37923359 0.00000000 6.18143648 3.86626140 18.84277277 11.93580007 63.88066124 5.33813057 30.45741508 7.41483749 27.01920572 23.76716897 9.88863214
27.51098316 70.47165084 13.59358218 68.51146606 22.46871165 11.82859512 66.23348157 7.05885950 35.15670179 63.76280843 15.37070147 6.18143648 0.00000000 9.00046105 12.66133629 5.89465082 57.69922476 6.29037244 24.27597860 11.77962779 20.83776924 17.58573249 22.51921438
26.09868306 79.47211189 22.59404323 77.51192711 19.82239986 20.82905617 75.23394263 14.79669281 44.15716284 72.76326948 24.37116252 3.86626140 9.00046105 0.00000000 21.66179734 14.51402067 66.69968581 7.46627693 33.27643965 5.61490778 29.83823029 26.58619354 10.67419984
41.23287702 45.45834639 26.60807128 43.49816161 35.08992644 25.54893151 41.22017712 18.44752545 46.13251554 38.74950398 19.79125374 18.84277277 12.66133629 21.66179734 0.00000000 7.12072032 35.19165790 17.82930806 9.43294714 33.23183383 12.58093556 11.70042959 28.86104122
33.55577349 55.21006356 18.73353523 53.24987879 28.47607240 17.87338545 50.97189430 12.99682265 46.78169266 48.50122116 19.19426003 11.93580007 5.89465082 14.51402067 7.12072032 0.00000000 44.94337508 11.08287648 16.55366746 26.50294006 15.61812719 12.36609044 22.13214746
59.93817173 13.09162094 52.95202003 11.18478708 80.12781491 39.57109151 8.81269767 63.39062453 19.30954766 6.43612945 56.73452451 63.88066124 57.69922476 66.69968581 35.19165790 44.94337508 0.00000000 63.08160929 20.92028088 68.57086465 23.97238313 28.30569824 69.43748129
31.15506011 75.85403537 19.88395462 73.89385060 25.11642074 18.11896755 71.61586611 12.72791335 41.44707423 69.14519297 21.66107390 5.33813057 6.29037244 7.46627693 17.82930806 11.08287648 63.08160929 0.00000000 29.44395037 5.48925536 26.00574101 22.75370426 6.65144281
60.00781114 31.78001924 38.22271359 29.81983447 46.70456875 37.16357382 27.54184998 30.06216776 18.41223600 25.07117684 35.28456337 30.45741508 24.27597860 33.27643965 9.43294714 16.55366746 20.92028088 29.44395037 0.00000000 45.02922982 5.01343949 7.31611032 23.13278323
30.60332205 81.34329072 25.37320997 79.38310595 28.51475269 23.60822291 77.10512146 17.18917437 46.93632958 74.63444832 27.15032926 7.41483749 11.77962779 5.61490778 33.23183383 26.50294006 68.57086465 5.48925536 45.02922982 0.00000000 25.92746038 21.70245595 5.86763029
63.67130747 34.11315089 41.32448106 32.15296611 43.26635939 40.26534130 29.87498163 26.79141871 23.20093637 27.40430849 38.86713931 27.01920572 20.83776924 29.83823029 12.58093556 15.61812719 23.97238313 26.00574101 5.01343949 25.92746038 0.00000000 4.20893087 19.98914871
43.94193936 39.16543661 29.15838860 37.20525183 40.01432264 28.25955132 34.92726735 23.53938196 25.79765336 32.45659421 26.98194375 23.76716897 17.58573249 26.58619354 11.70042959 12.36609044 28.30569824 22.75370426 7.31611032 21.70245595 4.20893087 0.00000000 15.76414429
34.76319349 79.70416978 36.90238013 77.74398500 43.17887861 35.13739306 75.46600052 29.51025700 58.94629582 72.99532738 39.03375755 9.88863214 22.51921438 10.67419984 28.86104122 22.13214746 69.43748129 6.65144281 23.13278323 5.86763029 19.98914871 15.76414429 0.00000000
