0.00000000 150.76975558 35.98805308 143.37947195 37.35900021 43.69727669 134.96003970 57.17606906 71.70573976 125.76961625 66.53048215 64.52942636 67.43696160 60.88804016 80.75783582 74.57567965 118.86600980 80.89059612 92.89457201 80.35728230 105.72701597 100.45455072 100.80972713
150.76975558 0.00000000 138.38155213 10.47353930 153.55606281 127.16607756 16.83467318 134.38308510 79.57529532 32.30723867 113.32230313 140.54935709 121.73997402 151.11199010 99.52573291 114.84674201 49.21273142 139.98588664 86.81237351 163.46011543 100.57799773 112.30058903 153.64407277
35.98805308 138.38155213 0.00000000 130.99126850 27.78311797 12.31768039 122.57183625 24.25837233 59.31753631 113.38141279 34.62766999 51.91345944 34.39331852 63.76533460 48.31645406 41.93533032 106.47780634 53.77717111 67.16248892 77.25139990 79.02015925 67.82193890 76.24496661
143.37947195 10.47353930 130.99126850 0.00000000 146.16577918 119.77579393 11.11233670 126.99280147 72.18501170 24.41720147 105.93201950 133.15907346 114.34969040 143.72170647 92.13544928 107.45645838 41.88933422 132.59560302 79.42208989 156.06983181 93.18771410 104.91030541 146.25378914
37.35900021 153.55606281 27.78311797 146.16577918 0.00000000 29.14823749 137.74634693 21.19106313 76.11093249 128.55592347 47.91063887 35.63230597 32.12032973 46.23892158 58.46704133 46.78726502 120.75802708 43.57593562 77.31307619 62.39520627 86.17006870 74.57067622 69.22262931
43.69727669 127.16607756 12.31768039 119.77579393 29.14823749 0.00000000 111.35636168 21.77493920 47.63232412 102.16593823 28.18394170 46.86706913 29.34692822 58.71894429 42.53621791 36.48564626 95.26233178 48.73078081 61.38225277 72.20500960 73.23992309 62.36451733 71.19857630
134.96003970 16.83467318 122.57183625 11.11233670 137.74634693 111.35636168 0.00000000 118.57336922 63.76557944 16.49752279 97.51258725 124.73964121 105.93025814 135.30227422 83.71601703 99.03702613 33.38257035 124.17617076 71.00265763 147.65039956 84.76828185 96.49087316 137.83435689
57.17606906 134.38308510 24.25837233 126.99280147 21.19106313 21.77493920 118.57336922 0.00000000 65.51867672 109.38294577 27.75070851 30.34157396 16.58275059 42.33458809 39.31302150 30.67657165 101.58504937 34.37097075 58.15905636 56.18645871 68.27278616 56.67339369 58.02758998
71.70573976 79.57529532 59.31753631 72.18501170 76.11093249 47.63232412 63.76557944 65.51867672 0.00000000 54.57515599 41.60115582 83.16650606 65.64473012 95.01674620 52.85433979 64.48123998 47.67154954 85.02858271 42.25284307 108.50281150 58.43922265 67.74105859 103.10708660
125.76961625 32.30723867 113.38141279 24.41720147 128.55592347 102.16593823 16.49752279 109.38294577 54.57515599 0.00000000 88.32216380 115.54921775 96.73983469 126.11185077 74.52559357 89.84660268 24.27947851 114.98574731 61.81223418 138.45997610 75.57785840 87.30044970 128.64393344
66.53048215 113.32230313 34.62766999 105.93201950 47.91063887 28.18394170 97.51258725 27.75070851 41.60115582 88.32216380 0.00000000 41.56535024 24.04357430 53.41559038 27.17321677 26.32097982 80.81819715 43.42742689 44.53621107 66.90165568 57.11898771 48.33843446 61.76647925
64.52942636 140.54935709 51.91345944 133.15907346 35.63230597 46.86706913 124.73964121 30.34157396 83.16650606 115.54921775 41.56535024 0.00000000 18.80938306 14.74869689 45.46033561 33.42247056 107.75132136 19.70037436 64.30637047 30.38847453 73.16336298 61.56397050 43.11187193
67.43696160 121.73997402 34.39331852 114.34969040 32.12032973 29.34692822 105.93025814 16.58275059 65.64473012 96.73983469 24.04357430 18.80938306 0.00000000 29.37201608 26.65095254 14.77978274 88.94193829 19.38385259 45.49698740 42.85808138 54.35397991 42.75458744 41.98923943
60.88804016 151.11199010 63.76533460 143.72170647 46.23892158 58.71894429 135.30227422 42.33458809 95.01674620 126.11185077 53.41559038 14.74869689 29.37201608 0.00000000 56.02296862 43.93618704 118.31395437 28.42719782 74.86900348 22.86115207 83.72599599 72.12660352 46.98204537
80.75783582 99.52573291 48.31645406 92.13544928 58.46704133 42.53621791 83.71601703 39.31302150 52.85433979 74.52559357 27.17321677 45.46033561 26.65095254 56.02296862 0.00000000 15.87564185 66.47483973 44.57534688 18.99493475 66.53838619 30.82102646 30.83651916 55.43343005
74.57567965 114.84674201 41.93533032 107.45645838 46.78726502 36.48564626 99.03702613 30.67657165 64.48123998 89.84660268 26.32097982 33.42247056 14.77978274 43.93618704 15.87564185 0.00000000 81.79584884 31.85645356 34.87057661 51.09288496 41.67805729 30.07866481 39.98792882
118.86600980 49.21273142 106.47780634 41.88933422 120.75802708 95.26233178 33.38257035 101.58504937 47.67154954 24.27947851 80.81819715 107.75132136 88.94193829 118.31395437 66.47483973 81.79584884 0.00000000 107.18785092 53.63619794 130.66207971 67.11007435 79.12441347 120.59317960
80.89059612 139.98588664 53.77717111 132.59560302 43.57593562 48.73078081 124.17617076 34.37097075 85.02858271 114.98574731 43.42742689 19.70037436 19.38385259 28.42719782 44.57534688 31.85645356 107.18785092 0.00000000 63.42138174 23.47422879 72.27837425 60.67898177 27.00043481
92.89457201 86.81237351 67.16248892 79.42208989 77.31307619 61.38225277 71.00265763 58.15905636 42.25284307 61.81223418 44.53621107 64.30637047 45.49698740 74.86900348 18.99493475 34.87057661 53.63619794 63.42138174 0.00000000 85.63943519 17.08343393 25.68532209 70.00395377
80.35728230 163.46011543 77.25139990 156.06983181 62.39520627 72.20500960 147.65039956 56.18645871 108.50281150 138.45997610 66.90165568 30.38847453 42.85808138 22.86115207 66.53838619 51.09288496 130.66207971 23.47422879 85.63943519 0.00000000 87.52407110 71.91635779 27.49449559
105.72701597 100.57799773 79.02015925 93.18771410 86.17006870 73.23992309 84.76828185 68.27278616 58.43922265 75.57785840 57.11898771 73.16336298 54.35397991 83.72599599 30.82102646 41.67805729 67.11007435 72.27837425 17.08343393 87.52407110 0.00000000 15.85261632 60.44692558
100.45455072 112.30058903 67.82193890 104.91030541 74.57067622 62.36451733 96.49087316 56.67339369 67.74105859 87.30044970 48.33843446 61.56397050 42.75458744 72.12660352 30.83651916 30.07866481 79.12441347 60.67898177 25.68532209 71.91635779 15.85261632 0.00000000 44.83921226
100.80972713 153.64407277 76.24496661 146.25378914 69.22262931 71.19857630 137.83435689 58.02758998 103.10708660 128.64393344 61.76647925 43.11187193 41.98923943 46.98204537 55.43343005 39.98792882 120.59317960 27.00043481 70.00395377 27.49449559 60.44692558 44.83921226 0.00000000
