0.00000000 204.32590181 132.53910524 77.32590181 75.84062043 174.23759005 248.89444430 146.50966799 133.26702730 145.85281374 201.69343418 279.67619023 204.06601718 193.30865787 259.73506474 260.53405461 247.87720036 240.86500705 314.47518011 293.63455967 337.36248173
204.32590181 0.00000000 128.88225099 255.22539674 193.15432893 92.15432893 100.66904756 166.99494937 276.96551211 212.48023074 174.09545443 169.85281374 205.37972568 327.49242405 215.45079349 210.99494937 302.94826817 307.77669530 252.99494937 406.01933598 318.87720036
132.53910524 128.88225099 0.00000000 147.79898987 85.72792206 41.69848481 116.35533906 79.38477631 169.53910524 105.63961031 134.61017306 147.13708499 138.01219331 220.65180362 175.96551211 184.76450199 196.10764774 196.02438662 226.76450199 258.29141392 284.26197667
77.32590181 255.22539674 147.79898987 0.00000000 63.72792206 167.21320344 241.87005769 148.59797975 57.69848481 99.39696962 203.78174593 274.16652224 157.61017306 117.74011537 213.27922061 262.62236636 172.30865787 250.49242405 311.97770542 218.06601718 328.50461736
75.84062043 193.15432893 85.72792206 63.72792206 0.00000000 105.14213562 179.79898987 86.52691193 83.81118318 72.35533906 141.71067812 212.09545443 130.56854249 135.99494937 186.23759005 200.55129855 159.02438662 167.36753237 254.49242405 218.37972568 263.86500705
174.23759005 92.15432893 41.69848481 167.21320344 105.14213562 0.00000000 78.79898987 74.25483400 188.95331881 124.46803743 101.25483400 113.78174593 112.63961031 239.48023074 142.61017306 151.40916293 214.93607486 170.65180362 193.40916293 282.00714267 250.90663761
248.89444430 100.66904756 116.35533906 241.87005769 179.79898987 78.79898987 0.00000000 136.02438662 263.61017306 199.24978336 76.74011537 76.01219331 142.81118318 330.06096654 118.09545443 113.63961031 278.42135624 210.42135624 155.63961031 308.66399692 221.52186130
146.50966799 166.99494937 79.38477631 148.59797975 86.52691193 74.25483400 136.02438662 0.00000000 149.06601718 65.56854249 59.28427125 129.66904756 58.62741700 180.58073580 107.56854249 118.12489168 156.03657993 116.63961031 172.06601718 227.99494937 194.02438662
133.26702730 276.96551211 169.53910524 57.69848481 83.81118318 188.95331881 263.61017306 149.06601718 0.00000000 91.29646456 206.00714267 276.39191899 149.50966799 68.42640687 205.17871555 263.09040380 104.56854249 130.61017306 303.87720036 150.81118318 260.76450199
145.85281374 212.48023074 105.63961031 99.39696962 72.35533906 124.46803743 199.24978336 65.56854249 91.29646456 0.00000000 122.50966799 192.89444430 50.59797975 116.18376618 106.26702730 164.17871555 91.63961031 93.49747468 204.96551211 153.82337649 183.89444430
201.69343418 174.09545443 134.61017306 203.78174593 141.71067812 101.25483400 76.74011537 59.28427125 206.00714267 122.50966799 0.00000000 70.38477631 66.89949494 265.17871555 53.21320344 62.35533906 213.53910524 145.53910524 116.29646456 243.78174593 161.50966799
279.67619023 169.85281374 147.13708499 274.16652224 212.09545443 113.78174593 76.01219331 129.66904756 276.39191899 192.89444430 70.38477631 0.00000000 136.45584412 318.83556980 111.74011537 55.91168825 267.19595949 199.19595949 97.91168825 297.43860018 163.79393924
204.06601718 205.37972568 138.01219331 157.61017306 130.56854249 112.63961031 142.81118318 58.62741700 149.50966799 50.59797975 66.89949494 136.45584412 0.00000000 144.01219331 58.59797975 116.50966799 138.53910524 57.42640687 157.29646456 168.78174593 136.22539674
193.30865787 327.49242405 220.65180362 117.74011537 135.99494937 239.48023074 330.06096654 180.58073580 68.42640687 116.18376618 265.17871555 318.83556980 144.01219331 0.00000000 212.55129855 261.75230868 59.25483400 133.33809512 281.16652224 100.32590181 211.35028843
259.73506474 215.45079349 175.96551211 213.27922061 186.23759005 142.61017306 118.09545443 107.56854249 205.17871555 106.26702730 53.21320344 111.74011537 58.59797975 212.55129855 0.00000000 57.32590181 160.91168825 92.91168825 115.04163056 191.15432893 108.88225099
260.53405461 210.99494937 184.76450199 262.62236636 200.55129855 151.40916293 113.63961031 118.12489168 263.09040380 164.17871555 62.35533906 55.91168825 116.50966799 261.75230868 57.32590181 0.00000000 210.11269837 142.11269837 54.52691193 240.35533906 106.71067812
247.87720036 302.94826817 196.10764774 172.30865787 159.02438662 214.93607486 278.42135624 156.03657993 104.56854249 91.63961031 213.53910524 267.19595949 138.53910524 59.25483400 160.91168825 210.11269837 0.00000000 81.69848481 229.52691193 62.18376618 159.71067812
240.86500705 307.77669530 196.02438662 250.49242405 167.36753237 170.65180362 210.42135624 116.63961031 130.61017306 93.49747468 145.53910524 199.19595949 57.42640687 133.33809512 92.91168825 142.11269837 81.69848481 0.00000000 161.52691193 111.94112550 91.71067812
314.47518011 252.99494937 226.76450199 311.97770542 254.49242405 193.40916293 155.63961031 172.06601718 303.87720036 204.96551211 116.29646456 97.91168825 157.29646456 281.16652224 115.04163056 54.52691193 229.52691193 161.52691193 0.00000000 259.76955262 126.12489168
293.63455967 406.01933598 258.29141392 218.06601718 218.37972568 282.00714267 308.66399692 227.99494937 150.81118318 153.82337649 243.78174593 297.43860018 168.78174593 100.32590181 191.15432893 240.35533906 62.18376618 111.94112550 259.76955262 0.00000000 177.81118318
337.36248173 318.87720036 284.26197667 328.50461736 263.86500705 250.90663761 221.52186130 194.02438662 260.76450199 183.89444430 161.50966799 163.79393924 136.22539674 211.35028843 108.88225099 106.71067812 159.71067812 91.71067812 126.12489168 177.81118318 0.00000000
