0.00000000 81.30000083 45.41877920 32.95453322 31.54376723 58.86556959 75.29289155 73.14597112 52.58689306 55.66774485 95.43698893 89.39990724 85.65966533 59.09249147 96.90776847 115.15008475 67.62323873 93.50916412 130.61207289 68.07879681 105.42038041
81.30000083 0.00000000 39.02813665 110.89290317 83.34491702 29.35776219 20.25039392 62.42875756 112.44935491 75.28830408 31.63214421 24.47658888 84.09796670 115.55685220 43.84233618 34.42813204 115.24603549 55.43523467 44.42820949 71.25895635 56.13863765
45.41877920 39.02813665 0.00000000 80.90404377 53.35605761 13.44740594 29.87472791 30.41456357 82.46049550 45.60769123 45.59174161 43.98174360 55.49031134 85.87623935 57.80193358 50.02284825 85.56542264 68.76866626 60.02292571 93.51710892 71.95375206
32.95453322 110.89290317 80.90404377 0.00000000 27.92790534 85.13131525 101.78987201 72.09481409 21.94139990 37.57361685 94.38583190 104.69483261 67.46794032 28.74361723 78.71604346 114.09892772 37.27436449 51.58565447 94.52975387 37.72992257 62.98278901
31.54376723 83.34491702 53.35605761 27.92790534 0.00000000 57.58332910 74.24188585 44.54682794 29.10719431 24.75720367 66.83784574 77.14684646 54.74912415 58.96056209 65.99722729 86.55094157 61.33532070 62.59862293 102.01292971 69.26366733 74.50983922
58.86556959 29.35776219 13.44740594 85.13131525 57.58332910 0.00000000 20.10008839 34.70559102 86.68776699 49.52671615 39.04584910 37.43585108 56.37480016 89.79526428 51.25604107 43.47695574 89.48444756 69.65315508 53.47703319 87.91619123 65.40785955
75.29289155 20.25039392 29.87472791 101.78987201 74.24188585 20.10008839 0.00000000 36.33939276 103.34632374 59.63803807 11.73902164 8.49390481 42.55197440 55.43891312 23.94921361 14.53500946 50.56311921 35.54211209 24.53508692 51.36583377 36.24551507
73.14597112 62.42875756 30.41456357 72.09481409 44.54682794 34.70559102 36.33939276 0.00000000 56.96547457 24.52122957 24.41861536 34.72761607 25.04209290 64.78977770 43.61386705 44.13171118 64.47896098 38.32044782 59.59369932 56.58348398 45.65250250
52.58689306 112.44935491 82.46049550 21.94139990 29.10719431 86.68776699 103.34632374 56.96547457 0.00000000 34.42594305 80.16150566 90.47050637 64.32026652 30.29107693 75.56836966 92.76290907 36.62073157 77.51613583 91.38208007 40.59418217 62.33258385
55.66774485 75.28830408 45.60769123 37.57361685 24.75720367 49.52671615 59.63803807 24.52122957 34.42594305 0.00000000 47.71726066 58.02626138 37.82464087 39.85821947 49.06058376 66.25512317 39.54740275 48.68275285 64.87429417 47.49908904 57.57319570
95.43698893 31.63214421 45.59174161 94.38583190 66.83784574 39.04584910 11.73902164 24.41861536 80.16150566 47.71726066 0.00000000 10.12724494 28.74667633 49.24612399 17.75642449 18.31200906 44.37033009 29.34932297 33.77399721 45.17304465 31.90824297
89.39990724 24.47658888 43.98174360 104.69483261 77.14684646 37.43585108 8.49390481 34.72761607 90.47050637 58.02626138 10.12724494 0.00000000 40.94019770 49.18258779 22.33743691 7.60610808 44.30679389 29.28578677 17.59276191 45.10950845 29.30319007
85.65966533 84.09796670 55.49031134 67.46794032 54.74912415 56.37480016 42.55197440 25.04209290 64.32026652 37.82464087 28.74667633 40.94019770 0.00000000 55.83612725 12.10085109 29.29539049 31.42929285 13.96897126 27.91456149 32.23200741 20.61346302
59.09249147 115.55685220 85.87623935 28.74361723 58.96056209 89.79526428 55.43891312 64.78977770 30.29107693 39.85821947 49.24612399 49.18258779 55.83612725 0.00000000 33.77684680 43.69185269 8.54672738 22.37684206 46.24200957 8.98630534 33.77397660
96.90776847 43.84233618 57.80193358 78.71604346 65.99722729 51.25604107 23.94921361 43.61386705 75.56836966 49.06058376 17.75642449 22.33743691 12.10085109 33.77684680 0.00000000 18.05116719 28.90105289 13.88004577 21.75696267 29.70376745 16.43896577
115.15008475 34.42813204 50.02284825 114.09892772 86.55094157 43.47695574 14.53500946 44.13171118 92.76290907 66.25512317 18.31200906 7.60610808 29.29539049 43.69185269 18.05116719 0.00000000 38.81605878 23.79505167 15.17990045 39.61877335 23.81245496
67.62323873 115.24603549 85.56542264 37.27436449 61.33532070 89.48444756 50.56311921 64.47896098 36.62073157 39.54740275 44.37033009 44.30679389 31.42929285 8.54672738 28.90105289 38.81605878 0.00000000 17.50104815 41.36621566 8.42566512 28.89818269
93.50916412 55.43523467 68.76866626 51.58565447 62.59862293 69.65315508 35.54211209 38.32044782 77.51613583 48.68275285 29.34932297 29.28578677 13.96897126 22.37684206 13.88004577 23.79505167 17.50104815 0.00000000 26.34520854 18.30376271 13.87717558
130.61207289 44.42820949 60.02292571 94.52975387 102.01292971 53.47703319 24.53508692 59.59369932 91.38208007 64.87429417 33.77399721 17.59276191 27.91456149 46.24200957 21.75696267 15.17990045 41.36621566 26.34520854 0.00000000 42.16893022 26.36261184
68.07879681 71.25895635 93.51710892 37.72992257 69.26366733 87.91619123 51.36583377 56.58348398 40.59418217 47.49908904 45.17304465 45.10950845 32.23200741 8.98630534 29.70376745 39.61877335 8.42566512 18.30376271 42.16893022 0.00000000 23.15358928
105.42038041 56.13863765 71.95375206 62.98278901 74.50983922 65.40785955 36.24551507 45.65250250 62.33258385 57.57319570 31.90824297 29.30319007 20.61346302 33.77397660 16.43896577 23.81245496 28.89818269 13.87717558 26.36261184 23.15358928 0.00000000
