0.00000000 102.91388626 63.28556084 41.77590860 40.70395209 83.29724081 114.84753729 82.25258768 69.76844602 76.06023906 113.10250520 133.45626332 111.74734312 93.20801536 135.46009985 140.43978054 114.67220869 129.28910918 166.35414304 129.74204013 164.36101609
102.91388626 0.00000000 59.07494586 133.72257932 100.19264972 42.60419732 42.54169704 85.14319479 142.32001568 104.99541030 72.26369593 68.71957785 109.17499336 164.40897347 91.01505690 86.91363060 154.93371704 127.47240875 105.59306119 168.38576329 131.63056420
63.28556084 59.07494586 0.00000000 86.27055629 52.74062668 20.01299367 51.56329015 41.50972542 94.86799264 57.73253218 68.26265952 70.17201618 74.65574197 117.14609536 87.01402049 86.72224627 107.67083893 98.70821662 105.40167686 132.88149395 129.27215681
41.77590860 133.72257932 86.27055629 0.00000000 34.27031520 94.32167038 125.98758426 81.91759724 29.40490892 54.21062099 112.76751477 140.58551336 89.89802084 52.86727056 113.61077758 140.10479011 74.33146389 106.52004985 153.27301213 89.40129533 136.48643475
40.70395209 100.19264972 52.74062668 34.27031520 0.00000000 60.79174078 92.45765465 48.38766764 42.43016078 36.57542401 79.23758516 107.05558375 72.26252807 74.07198169 95.97528480 106.57486050 84.23828437 89.80429413 132.48922300 107.75645122 124.87620104
83.29724081 42.60419732 20.01299367 94.32167038 60.79174078 0.00000000 34.79188093 43.14059306 102.91910674 65.59450136 53.42362104 55.33297770 67.17239162 125.00806453 72.17498201 71.88320779 115.53280810 91.22486627 90.56263838 138.18135907 114.43311833
114.84753729 42.54169704 51.56329015 125.98758426 92.45765465 34.79188093 0.00000000 63.71683225 134.58502062 95.96978996 30.80065283 28.90035741 69.12441021 135.17211232 49.55201380 45.45058750 116.04263011 86.00936565 64.13001809 126.92272019 90.16752110
82.25258768 85.14319479 41.50972542 81.91759724 48.38766764 43.14059306 63.71683225 0.00000000 79.08147515 34.01659223 32.96601582 60.78401441 33.40965834 93.43015541 56.37888685 60.30329116 83.95489898 57.46213300 86.21765366 104.41862579 87.20798955
69.76844602 142.32001568 94.86799264 29.40490892 42.43016078 102.91910674 134.58502062 79.08147515 0.00000000 48.04162495 110.28385646 138.10185504 83.72902480 39.15095681 107.44178153 135.62879669 55.41484087 83.67121509 147.10401609 72.83542634 117.57051969
76.06023906 104.99541030 57.73253218 54.21062099 36.57542401 65.59450136 95.96978996 34.01659223 48.04162495 0.00000000 65.21897353 93.03697212 35.73207038 59.57608060 59.79171936 87.97873453 50.10082417 54.96110503 99.45395392 75.31147919 88.69263561
113.10250520 72.26369593 68.26265952 112.76751477 79.23758516 53.42362104 30.80065283 32.96601582 110.28385646 65.21897353 0.00000000 27.86783499 38.49783654 110.81396286 25.19386434 28.69538878 91.68448065 61.65121619 54.60975128 102.56457073 67.45200066
133.45626332 68.71957785 70.17201618 140.58551336 107.05558375 55.33297770 28.90035741 60.78401441 138.10185504 93.03697212 27.86783499 0.00000000 66.19159237 127.47495869 46.61919596 21.82488776 108.34547649 78.31221202 40.49878505 119.22556656 66.53628806
111.74734312 109.17499336 74.65574197 89.89802084 72.26252807 67.17239162 69.12441021 33.40965834 83.72902480 35.73207038 38.49783654 66.19159237 0.00000000 78.61162458 25.01781036 53.20482552 60.37890535 24.30250263 64.68004492 71.25899542 53.91872660
93.20801536 164.40897347 117.14609536 52.86727056 74.07198169 125.00806453 135.17211232 93.43015541 39.15095681 59.57608060 110.81396286 127.47495869 78.61162458 0.00000000 86.49705288 108.53075042 23.15652186 55.30999313 115.95617024 36.53402477 85.27637804
135.46009985 91.01505690 87.01402049 113.61077758 95.97528480 72.17498201 49.55201380 56.37888685 107.44178153 59.79171936 25.19386434 46.61919596 25.01781036 86.49705288 0.00000000 28.36216869 67.36757068 37.33430621 49.41889963 78.24766075 43.13509068
140.43978054 86.91363060 86.72224627 140.10479011 106.57486050 71.88320779 45.45058750 60.30329116 135.62879669 87.97873453 28.69538878 21.82488776 53.20482552 108.53075042 28.36216869 0.00000000 89.40126821 59.36800375 26.02870044 100.28135829 47.59207978
114.67220869 154.93371704 107.67083893 74.33146389 84.23828437 115.53280810 116.04263011 83.95489898 55.41484087 50.10082417 91.68448065 108.34547649 60.37890535 23.15652186 67.36757068 89.40126821 0.00000000 36.18051092 96.82668803 25.22216061 66.14689583
129.28910918 127.47240875 98.70821662 106.52004985 89.80429413 91.22486627 86.00936565 57.46213300 83.67121509 54.96110503 61.65121619 78.31221202 24.30250263 55.30999313 37.33430621 59.36800375 36.18051092 0.00000000 66.79342357 47.06060100 36.11363137
166.35414304 105.59306119 105.40167686 153.27301213 132.48922300 90.56263838 64.13001809 86.21765366 147.10401609 99.45395392 54.60975128 40.49878505 64.68004492 115.95617024 49.41889963 26.02870044 96.82668803 66.79342357 0.00000000 107.70677811 55.01749960
129.74204013 168.38576329 132.88149395 89.40129533 107.75645122 138.18135907 126.92272019 104.41862579 72.83542634 75.31147919 102.56457073 119.22556656 71.25899542 36.53402477 78.24766075 100.28135829 25.22216061 47.06060100 107.70677811 0.00000000 66.93100180
164.36101609 131.63056420 129.27215681 136.48643475 124.87620104 114.43311833 90.16752110 87.20798955 117.57051969 88.69263561 67.45200066 66.53628806 53.91872660 85.27637804 43.13509068 47.59207978 66.14689583 36.11363137 55.01749960 66.93100180 0.00000000
