0.00000000 36.31370850 29.48528137 8.41421356 47.31370850 9.82842712 26.07106781 17.24264069 31.65685425 17.82842712 21.48528137 36.07106781 22.24264069 23.07106781 23.65685425 54.72792206 29.65685425 25.65685425 39.89949494 37.07106781 62.31370850 52.89949494 52.89949494 66.55634919 58.31370850 84.04163056 58.55634919 64.72792206 66.97056275 81.62741700 62.14213562 101.69848481 92.11269837 79.62741700 72.21320344 97.28427125 83.45584412 95.69848481 83.45584412 94.28427125
36.31370850 0.00000000 6.82842712 44.72792206 11.00000000 29.07106781 13.65685425 53.55634919 9.82842712 27.89949494 57.79898987 13.65685425 20.65685425 59.38477631 33.72792206 22.65685425 25.48528137 30.89949494 41.72792206 42.31370850 67.55634919 54.72792206 58.14213562 71.79898987 60.14213562 89.28427125 63.79898987 66.55634919 72.21320344 86.87005769 67.38477631 71.97056275 97.35533906 84.87005769 77.45584412 102.52691193 88.69848481 100.94112550 88.69848481 99.52691193
29.48528137 6.82842712 0.00000000 37.89949494 17.82842712 22.24264069 6.82842712 46.72792206 20.65685425 21.07106781 50.97056275 25.07106781 13.82842712 52.55634919 26.89949494 34.07106781 18.65685425 24.07106781 34.89949494 35.48528137 60.72792206 47.89949494 51.31370850 64.97056275 53.31370850 82.45584412 56.97056275 59.72792206 65.38477631 80.04163056 60.55634919 65.14213562 90.52691193 78.04163056 70.62741700 95.69848481 81.87005769 94.11269837 81.87005769 92.69848481
8.41421356 44.72792206 37.89949494 0.00000000 55.72792206 18.24264069 34.48528137 8.82842712 40.07106781 26.24264069 13.07106781 44.48528137 30.65685425 14.65685425 24.89949494 63.14213562 38.07106781 34.07106781 48.31370850 26.89949494 42.72792206 61.31370850 33.31370850 46.97056275 66.72792206 64.45584412 38.97056275 73.14213562 47.38477631 62.04163056 42.55634919 82.11269837 72.52691193 60.04163056 52.62741700 77.69848481 63.87005769 76.11269837 63.87005769 74.69848481
47.31370850 11.00000000 17.82842712 55.72792206 0.00000000 40.07106781 16.41421356 64.55634919 15.41421356 38.89949494 68.79898987 13.82842712 23.41421356 70.38477631 44.72792206 22.82842712 23.41421356 41.89949494 31.65685425 53.31370850 67.97056275 35.48528137 69.14213562 62.55634919 40.89949494 45.89949494 74.79898987 46.48528137 65.55634919 65.97056275 78.38477631 51.89949494 45.72792206 56.31370850 84.45584412 58.31370850 61.31370850 61.31370850 67.79898987 78.62741700
9.82842712 29.07106781 22.24264069 18.24264069 40.07106781 0.00000000 18.82842712 27.07106781 24.41421356 8.82842712 31.31370850 28.82842712 15.00000000 32.89949494 14.65685425 47.48528137 22.41421356 18.41421356 32.65685425 29.82842712 55.07106781 45.65685425 45.65685425 59.31370850 51.07106781 76.79898987 51.31370850 57.48528137 59.72792206 74.38477631 54.89949494 94.45584412 84.87005769 72.38477631 64.97056275 90.04163056 76.21320344 88.45584412 76.21320344 87.04163056
26.07106781 13.65685425 6.82842712 34.48528137 16.41421356 18.82842712 0.00000000 43.31370850 13.24264069 17.65685425 47.55634919 17.65685425 6.41421356 49.14213562 23.48528137 26.65685425 11.24264069 20.65685425 28.07106781 32.07106781 57.31370850 41.07106781 47.89949494 61.55634919 46.48528137 79.04163056 53.55634919 52.89949494 61.97056275 76.62741700 57.14213562 58.31370850 87.11269837 74.62741700 67.21320344 92.28427125 78.45584412 90.69848481 78.45584412 89.28427125
17.24264069 53.55634919 46.72792206 8.82842712 64.55634919 27.07106781 43.31370850 0.00000000 48.89949494 35.07106781 5.41421356 53.31370850 39.48528137 5.82842712 16.07106781 71.97056275 46.89949494 42.89949494 57.14213562 18.07106781 33.89949494 70.14213562 24.48528137 38.14213562 82.52691193 55.62741700 30.14213562 78.69848481 38.55634919 53.21320344 33.72792206 73.28427125 63.69848481 51.21320344 43.79898987 68.87005769 55.04163056 67.28427125 55.04163056 65.87005769
31.65685425 9.82842712 20.65685425 40.07106781 15.41421356 24.41421356 13.24264069 48.89949494 0.00000000 23.24264069 53.14213562 5.82842712 9.41421356 54.72792206 29.07106781 14.82842712 9.41421356 26.24264069 23.65685425 37.65685425 62.89949494 27.48528137 53.48528137 67.14213562 32.89949494 37.89949494 59.14213562 38.48528137 67.55634919 57.97056275 62.72792206 43.89949494 37.72792206 48.31370850 76.45584412 50.31370850 53.31370850 53.31370850 59.79898987 70.62741700
17.82842712 27.89949494 21.07106781 26.24264069 38.89949494 8.82842712 17.65685425 35.07106781 23.24264069 0.00000000 39.31370850 27.65685425 13.82842712 40.89949494 5.82842712 45.48528137 21.24264069 11.82842712 30.65685425 26.65685425 51.89949494 43.65685425 42.48528137 56.14213562 49.07106781 73.62741700 48.14213562 55.48528137 56.55634919 71.21320344 51.72792206 91.28427125 81.69848481 69.21320344 61.79898987 86.87005769 73.04163056 85.28427125 73.04163056 83.87005769
21.48528137 57.79898987 50.97056275 13.07106781 68.79898987 31.31370850 47.55634919 5.41421356 53.14213562 39.31370850 0.00000000 57.55634919 43.72792206 5.82842712 16.07106781 76.21320344 51.14213562 47.14213562 61.38477631 18.07106781 31.07106781 74.38477631 20.82842712 35.31370850 79.69848481 52.79898987 27.31370850 75.87005769 35.72792206 50.38477631 30.89949494 70.45584412 60.87005769 48.38477631 40.97056275 66.04163056 52.21320344 64.45584412 52.21320344 63.04163056
36.07106781 13.65685425 25.07106781 44.48528137 13.82842712 28.82842712 17.65685425 53.31370850 5.82842712 27.65685425 57.55634919 0.00000000 13.82842712 59.14213562 33.48528137 9.00000000 13.82842712 30.65685425 17.82842712 42.07106781 54.14213562 21.65685425 57.89949494 48.72792206 27.07106781 32.07106781 63.55634919 32.65685425 51.72792206 52.14213562 67.14213562 38.07106781 31.89949494 42.48528137 70.62741700 44.48528137 47.48528137 47.48528137 53.97056275 64.79898987
22.24264069 20.65685425 13.82842712 30.65685425 23.41421356 15.00000000 6.41421356 39.48528137 9.41421356 13.82842712 43.72792206 13.82842712 0.00000000 45.31370850 19.65685425 36.48528137 7.41421356 16.82842712 21.65685425 28.24264069 53.48528137 34.65685425 44.07106781 57.72792206 40.07106781 75.21320344 49.72792206 46.48528137 58.14213562 72.79898987 53.31370850 51.89949494 83.28427125 70.79898987 63.38477631 88.45584412 74.62741700 86.87005769 74.62741700 85.45584412
23.07106781 59.38477631 52.55634919 14.65685425 70.38477631 32.89949494 49.14213562 5.82842712 54.72792206 40.89949494 5.82842712 59.14213562 45.31370850 0.00000000 10.82842712 77.79898987 52.72792206 29.65685425 62.97056275 12.82842712 28.65685425 75.97056275 19.24264069 32.89949494 77.28427125 50.38477631 24.89949494 73.45584412 33.31370850 47.97056275 28.48528137 68.04163056 58.45584412 45.97056275 38.55634919 63.62741700 49.79898987 62.04163056 49.79898987 60.62741700
23.65685425 33.72792206 26.89949494 24.89949494 44.72792206 14.65685425 23.48528137 16.07106781 29.07106781 5.82842712 16.07106781 33.48528137 19.65685425 10.82842712 0.00000000 51.31370850 27.07106781 8.82842712 36.48528137 8.82842712 31.48528137 49.48528137 22.07106781 35.72792206 80.11269837 53.21320344 27.72792206 76.28427125 36.14213562 50.79898987 31.31370850 70.87005769 61.28427125 48.79898987 41.38477631 66.45584412 52.62741700 64.87005769 52.62741700 63.45584412
54.72792206 22.65685425 34.07106781 63.14213562 22.82842712 47.48528137 26.65685425 71.97056275 14.82842712 45.48528137 76.21320344 9.00000000 36.48528137 77.79898987 51.31370850 0.00000000 22.24264069 48.48528137 14.82842712 59.89949494 50.55634919 18.07106781 75.72792206 45.14213562 23.48528137 28.48528137 67.87005769 29.07106781 48.14213562 48.55634919 59.79898987 34.48528137 28.31370850 38.89949494 67.04163056 40.89949494 43.89949494 43.89949494 50.38477631 61.21320344
29.65685425 25.48528137 18.65685425 38.07106781 23.41421356 22.41421356 11.24264069 46.89949494 9.41421356 21.24264069 51.14213562 13.82842712 7.41421356 52.72792206 27.07106781 22.24264069 0.00000000 24.24264069 7.41421356 35.65685425 60.89949494 21.24264069 51.48528137 65.14213562 26.65685425 31.65685425 57.14213562 33.07106781 65.55634919 51.72792206 60.72792206 38.48528137 31.48528137 42.07106781 70.79898987 44.89949494 47.07106781 47.89949494 53.55634919 64.38477631
25.65685425 30.89949494 24.07106781 34.07106781 41.89949494 18.41421356 20.65685425 42.89949494 26.24264069 11.82842712 47.14213562 30.65685425 16.82842712 29.65685425 8.82842712 48.48528137 24.24264069 0.00000000 33.65685425 16.82842712 42.07106781 46.65685425 32.65685425 46.31370850 52.07106781 63.79898987 38.31370850 58.48528137 46.72792206 61.38477631 41.89949494 81.45584412 71.87005769 59.38477631 51.97056275 77.04163056 63.21320344 75.45584412 63.21320344 74.04163056
39.89949494 41.72792206 34.89949494 48.31370850 31.65685425 32.65685425 28.07106781 57.14213562 23.65685425 30.65685425 61.38477631 17.82842712 21.65685425 62.97056275 36.48528137 14.82842712 7.41421356 33.65685425 0.00000000 45.07106781 46.31370850 13.82842712 60.89949494 40.89949494 19.24264069 24.24264069 66.55634919 25.65685425 43.89949494 44.31370850 70.14213562 31.07106781 24.07106781 34.65685425 62.79898987 37.48528137 39.65685425 40.48528137 46.14213562 56.97056275
37.07106781 42.31370850 35.48528137 26.89949494 53.31370850 29.82842712 32.07106781 18.07106781 37.65685425 26.65685425 18.07106781 42.07106781 28.24264069 12.82842712 8.82842712 59.89949494 35.65685425 16.82842712 45.07106781 0.00000000 25.82842712 58.07106781 16.41421356 30.07106781 74.45584412 47.55634919 22.07106781 70.62741700 30.48528137 45.14213562 25.65685425 65.21320344 55.62741700 43.14213562 35.72792206 60.79898987 46.97056275 59.21320344 46.97056275 57.79898987
62.31370850 67.55634919 60.72792206 42.72792206 67.97056275 55.07106781 57.31370850 33.89949494 62.89949494 51.89949494 31.07106781 54.14213562 53.48528137 28.65685425 31.48528137 50.55634919 60.89949494 42.07106781 46.31370850 25.82842712 0.00000000 34.48528137 16.82842712 5.41421356 50.38477631 23.48528137 19.07106781 46.55634919 9.82842712 21.07106781 22.65685425 41.14213562 31.55634919 19.07106781 39.55634919 36.72792206 22.89949494 35.14213562 22.89949494 33.72792206
52.89949494 54.72792206 47.89949494 61.31370850 35.48528137 45.65685425 41.07106781 70.14213562 27.48528137 43.65685425 74.38477631 21.65685425 34.65685425 75.97056275 49.48528137 18.07106781 21.24264069 46.65685425 13.82842712 58.07106781 34.48528137 0.00000000 49.55634919 29.07106781 7.41421356 12.41421356 51.79898987 11.82842712 32.07106781 32.48528137 43.72792206 16.65685425 12.24264069 22.82842712 50.97056275 23.07106781 21.48528137 26.07106781 34.31370850 45.14213562
52.89949494 58.14213562 51.31370850 33.31370850 69.14213562 45.65685425 47.89949494 24.48528137 53.48528137 42.48528137 20.82842712 57.89949494 44.07106781 19.24264069 22.07106781 75.72792206 51.48528137 32.65685425 60.89949494 16.41421356 16.82842712 49.55634919 0.00000000 21.07106781 65.45584412 38.55634919 7.41421356 61.62741700 21.48528137 36.14213562 11.82842712 56.21320344 46.62741700 34.14213562 21.07106781 51.79898987 37.97056275 50.21320344 37.97056275 26.89949494
66.55634919 71.79898987 64.97056275 46.97056275 62.55634919 59.31370850 61.55634919 38.14213562 67.14213562 56.14213562 35.31370850 48.72792206 57.72792206 32.89949494 35.72792206 45.14213562 65.14213562 46.31370850 40.89949494 30.07106781 5.41421356 29.07106781 21.07106781 0.00000000 44.97056275 18.07106781 23.31370850 41.14213562 5.82842712 15.65685425 16.65685425 35.72792206 26.14213562 13.65685425 34.14213562 31.31370850 17.48528137 29.72792206 17.48528137 28.31370850
58.31370850 60.14213562 53.31370850 66.72792206 40.89949494 51.07106781 46.48528137 82.52691193 32.89949494 49.07106781 79.69848481 27.07106781 40.07106781 77.28427125 80.11269837 23.48528137 26.65685425 52.07106781 19.24264069 74.45584412 50.38477631 7.41421356 65.45584412 44.97056275 0.00000000 13.24264069 67.69848481 4.41421356 47.97056275 47.55634919 58.79898987 9.24264069 7.65685425 32.48528137 66.04163056 15.65685425 28.07106781 18.65685425 49.38477631 60.21320344
84.04163056 89.28427125 82.45584412 64.45584412 45.89949494 76.79898987 79.04163056 55.62741700 37.89949494 73.62741700 52.79898987 32.07106781 75.21320344 50.38477631 53.21320344 28.48528137 31.65685425 63.79898987 24.24264069 47.55634919 23.48528137 12.41421356 38.55634919 18.07106781 13.24264069 0.00000000 40.79898987 40.48528137 21.07106781 21.48528137 32.72792206 35.07106781 25.48528137 11.82842712 39.97056275 30.65685425 16.82842712 29.07106781 23.31370850 34.14213562
58.55634919 63.79898987 56.97056275 38.97056275 74.79898987 51.31370850 53.55634919 30.14213562 59.14213562 48.14213562 27.31370850 63.55634919 49.72792206 24.89949494 27.72792206 67.87005769 57.14213562 38.31370850 66.55634919 22.07106781 19.07106781 51.79898987 7.41421356 23.31370850 67.69848481 40.79898987 0.00000000 63.87005769 23.72792206 39.55634919 7.82842712 58.45584412 48.87005769 36.38477631 13.65685425 54.04163056 40.21320344 52.45584412 30.31370850 19.48528137
64.72792206 66.55634919 59.72792206 73.14213562 46.48528137 57.48528137 52.89949494 78.69848481 38.48528137 55.48528137 75.87005769 32.65685425 46.48528137 73.45584412 76.28427125 29.07106781 33.07106781 58.48528137 25.65685425 70.62741700 46.55634919 11.82842712 61.62741700 41.14213562 4.41421356 40.48528137 63.87005769 0.00000000 44.14213562 43.72792206 54.97056275 5.41421356 19.82842712 28.65685425 62.21320344 11.82842712 24.24264069 14.82842712 45.55634919 56.38477631
66.97056275 72.21320344 65.38477631 47.38477631 65.55634919 59.72792206 61.97056275 38.55634919 67.55634919 56.55634919 35.72792206 51.72792206 58.14213562 33.31370850 36.14213562 48.14213562 65.55634919 46.72792206 43.89949494 30.48528137 9.82842712 32.07106781 21.48528137 5.82842712 47.97056275 21.07106781 23.72792206 44.14213562 0.00000000 5.00000000 10.82842712 38.72792206 29.14213562 16.65685425 28.89949494 34.31370850 20.48528137 32.72792206 12.24264069 23.07106781
81.62741700 86.87005769 80.04163056 62.04163056 65.97056275 74.38477631 76.62741700 53.21320344 57.97056275 71.21320344 50.38477631 52.14213562 72.79898987 47.97056275 50.79898987 48.55634919 51.72792206 61.38477631 44.31370850 45.14213562 21.07106781 32.48528137 36.14213562 15.65685425 47.55634919 21.48528137 39.55634919 43.72792206 5.00000000 0.00000000 11.24264069 38.31370850 28.72792206 16.24264069 25.89949494 33.89949494 20.07106781 32.31370850 9.24264069 20.07106781
62.14213562 67.38477631 60.55634919 42.55634919 78.38477631 54.89949494 57.14213562 33.72792206 62.72792206 51.72792206 30.89949494 67.14213562 53.31370850 28.48528137 31.31370850 59.79898987 60.72792206 41.89949494 70.14213562 25.65685425 22.65685425 43.72792206 11.82842712 16.65685425 58.79898987 32.72792206 7.82842712 54.97056275 10.82842712 11.24264069 0.00000000 49.55634919 39.97056275 27.48528137 16.07106781 45.14213562 31.31370850 43.55634919 20.48528137 21.89949494
101.69848481 71.97056275 65.14213562 82.11269837 51.89949494 94.45584412 58.31370850 73.28427125 43.89949494 91.28427125 70.45584412 38.07106781 51.89949494 68.04163056 70.87005769 34.48528137 38.48528137 81.45584412 31.07106781 65.21320344 41.14213562 16.65685425 56.21320344 35.72792206 9.24264069 35.07106781 58.45584412 5.41421356 38.72792206 38.31370850 49.55634919 0.00000000 14.41421356 23.24264069 56.79898987 6.41421356 18.82842712 9.41421356 40.14213562 50.97056275
92.11269837 97.35533906 90.52691193 72.52691193 45.72792206 84.87005769 87.11269837 63.69848481 37.72792206 81.69848481 60.87005769 31.89949494 83.28427125 58.45584412 61.28427125 28.31370850 31.48528137 71.87005769 24.07106781 55.62741700 31.55634919 12.24264069 46.62741700 26.14213562 7.65685425 25.48528137 48.87005769 19.82842712 29.14213562 28.72792206 39.97056275 14.41421356 0.00000000 13.65685425 47.21320344 10.00000000 9.24264069 9.24264069 30.55634919 41.38477631
79.62741700 84.87005769 78.04163056 60.04163056 56.31370850 72.38477631 74.62741700 51.21320344 48.31370850 69.21320344 48.38477631 42.48528137 70.79898987 45.97056275 48.79898987 38.89949494 42.07106781 59.38477631 34.65685425 43.14213562 19.07106781 22.82842712 34.14213562 13.65685425 32.48528137 11.82842712 36.38477631 28.65685425 16.65685425 16.24264069 27.48528137 23.24264069 13.65685425 0.00000000 34.72792206 18.82842712 5.00000000 17.24264069 18.07106781 28.89949494
72.21320344 77.45584412 70.62741700 52.62741700 84.45584412 64.97056275 67.21320344 43.79898987 76.45584412 61.79898987 40.97056275 70.62741700 63.38477631 38.55634919 41.38477631 67.04163056 70.79898987 51.97056275 62.79898987 35.72792206 39.55634919 50.97056275 21.07106781 34.14213562 66.04163056 39.97056275 13.65685425 62.21320344 28.89949494 25.89949494 16.07106781 56.79898987 47.21320344 34.72792206 0.00000000 52.38477631 38.55634919 50.79898987 16.65685425 5.82842712
97.28427125 102.52691193 95.69848481 77.69848481 58.31370850 90.04163056 92.28427125 68.87005769 50.31370850 86.87005769 66.04163056 44.48528137 88.45584412 63.62741700 66.45584412 40.89949494 44.89949494 77.04163056 37.48528137 60.79898987 36.72792206 23.07106781 51.79898987 31.31370850 15.65685425 30.65685425 54.04163056 11.82842712 34.31370850 33.89949494 45.14213562 6.41421356 10.00000000 18.82842712 52.38477631 0.00000000 14.41421356 3.00000000 35.72792206 46.55634919
83.45584412 88.69848481 81.87005769 63.87005769 61.31370850 76.21320344 78.45584412 55.04163056 53.31370850 73.04163056 52.21320344 47.48528137 74.62741700 49.79898987 52.62741700 43.89949494 47.07106781 63.21320344 39.65685425 46.97056275 22.89949494 21.48528137 37.97056275 17.48528137 28.07106781 16.82842712 40.21320344 24.24264069 20.48528137 20.07106781 31.31370850 18.82842712 9.24264069 5.00000000 38.55634919 14.41421356 0.00000000 12.82842712 21.89949494 32.72792206
95.69848481 100.94112550 94.11269837 76.11269837 61.31370850 88.45584412 90.69848481 67.28427125 53.31370850 85.28427125 64.45584412 47.48528137 86.87005769 62.04163056 64.87005769 43.89949494 47.89949494 75.45584412 40.48528137 59.21320344 35.14213562 26.07106781 50.21320344 29.72792206 18.65685425 29.07106781 52.45584412 14.82842712 32.72792206 32.31370850 43.55634919 9.41421356 9.24264069 17.24264069 50.79898987 3.00000000 12.82842712 0.00000000 34.14213562 44.97056275
83.45584412 88.69848481 81.87005769 63.87005769 67.79898987 76.21320344 78.45584412 55.04163056 59.79898987 73.04163056 52.21320344 53.97056275 74.62741700 49.79898987 52.62741700 50.38477631 53.55634919 63.21320344 46.14213562 46.97056275 22.89949494 34.31370850 37.97056275 17.48528137 49.38477631 23.31370850 30.31370850 45.55634919 12.24264069 9.24264069 20.48528137 40.14213562 30.55634919 18.07106781 16.65685425 35.72792206 21.89949494 34.14213562 0.00000000 10.82842712
94.28427125 99.52691193 92.69848481 74.69848481 78.62741700 87.04163056 89.28427125 65.87005769 70.62741700 83.87005769 63.04163056 64.79898987 85.45584412 60.62741700 63.45584412 61.21320344 64.38477631 74.04163056 56.97056275 57.79898987 33.72792206 45.14213562 26.89949494 28.31370850 60.21320344 34.14213562 19.48528137 56.38477631 23.07106781 20.07106781 21.89949494 50.97056275 41.38477631 28.89949494 5.82842712 46.55634919 32.72792206 44.97056275 10.82842712 0.00000000
