0.00000000 8.05851334 6.51711724 1.82612698 38.78851334 2.17139610 12.49988419 3.72009668 22.73461508 9.83725397 4.67469083 26.62867099 5.05838095 4.95406638 24.18020995 21.60060533 20.01250396 9.28411255 18.35128030 8.13063492 16.84093975 33.16335137 20.02288889 17.60239682 47.69372762 21.46415872 30.84859703 46.61542423 24.37277308 24.74456024 41.07322510 25.50559054 23.22479364 20.67995562 41.33130914 24.53753967 21.33528571 24.03280879 21.36064105 23.80325035
8.05851334 0.00000000 1.54139610 9.88464033 30.73000000 6.48013239 13.70685425 11.77861002 28.11485461 9.18238636 12.73320418 29.45271824 4.65900541 13.01257972 23.52534234 37.32771824 18.96425540 10.51699098 18.96303174 9.36351334 18.07381818 33.77510281 21.25576731 18.83527525 48.30547907 22.69703715 32.08147545 47.22717567 25.60565151 25.97743866 42.30610353 51.40744479 24.45767207 21.91283405 42.56418757 25.77041810 22.56816413 25.26568722 22.59351947 25.03612878
6.51711724 1.54139610 0.00000000 8.34324423 32.27139610 4.93873629 12.16545815 10.23721392 20.14497041 7.64099026 11.19180808 24.03902633 3.11760931 11.47118362 21.98394624 31.91402633 17.42285930 8.97559487 17.42163564 7.82211724 16.53242207 32.23370670 19.71437121 17.29387914 46.76408296 21.15564105 30.54007935 45.68577957 24.06425540 24.43604256 40.76470742 49.86604869 22.91627596 20.37143794 41.02279146 24.22902200 21.02676803 23.72429112 21.05212337 23.49473268
1.82612698 9.88464033 8.34324423 0.00000000 40.61464033 3.99752309 14.32601118 1.89396970 24.56074206 11.66338095 2.84856385 28.45479797 6.88450793 3.12793939 28.73342459 23.42673232 21.83863094 11.11023953 20.17740728 22.56249963 31.53242820 34.98947835 34.71437734 32.29388527 49.51985461 36.15564717 45.54008548 48.44155121 39.06426153 39.43604869 55.76471355 40.19707899 37.91628209 35.37144407 56.02279759 39.22902812 36.02677416 38.72429724 36.05212950 38.49473880
38.78851334 30.73000000 32.27139610 40.61464033 0.00000000 37.21013239 49.71276262 42.50861002 18.83280267 39.91238636 43.46320418 14.83518290 35.48623412 43.74257972 54.25534234 22.71018290 41.68730014 41.24699098 25.27840187 40.09351334 57.21655988 38.07065584 51.98576731 56.00421969 52.60103210 52.36092496 62.81147545 51.34047473 63.35139790 60.58394624 73.03610353 55.52074385 68.61902379 54.80790981 60.97024566 56.99843938 55.87790981 57.74187084 57.20002705 59.64263635
2.17139610 6.48013239 4.93873629 3.99752309 37.21013239 0.00000000 10.92150324 5.89149278 21.15623412 7.87639610 6.84608694 25.05029004 3.48000000 7.12546248 22.21935208 20.02222438 18.43412301 7.70573160 16.77289935 6.55225397 15.26255880 31.58497041 18.44450793 16.02401587 46.11534667 19.88577777 29.27021607 45.03704328 22.79439213 23.16617928 39.49484415 23.92720959 21.64641269 19.10157467 39.75292819 22.95915872 19.75690476 22.45442784 19.78226009 22.22486940
12.49988419 13.70685425 12.16545815 14.32601118 49.71276262 10.92150324 0.00000000 16.21998087 25.28395057 13.62375721 17.17457503 29.17800649 8.25658946 17.45395057 27.96671319 37.05300649 22.56183946 14.95836183 22.65605735 13.80488419 22.51518903 37.46812842 25.69713816 23.27664610 51.99850468 27.13840800 36.52284630 50.92020128 30.04702236 30.41880951 46.74747438 55.10047040 28.89904292 26.35420490 47.00555842 30.21178895 27.00953498 29.70705807 27.03489032 29.47749963
3.72009668 11.77861002 10.23721392 1.89396970 42.50861002 5.89149278 16.21998087 0.00000000 26.45471175 13.55735065 1.15784271 30.34876767 8.77847763 1.23396970 26.83945489 25.32070201 23.73260064 13.00420923 22.07137698 20.66852993 29.63845851 36.88344805 32.82040764 30.39991557 47.20180554 34.26167748 43.64611578 42.48337841 37.17029183 37.54207899 53.87074385 38.30310929 36.02231240 33.47747438 54.12882789 37.33505843 34.13280446 36.83032755 34.15815980 36.60076911
22.73461508 28.11485461 20.14497041 24.56074206 18.83280267 21.15623412 25.28395057 26.45471175 0.00000000 23.85848809 27.40930591 4.91685858 17.67623412 27.68868145 38.20144407 12.79185858 23.87730014 25.19309271 15.36007755 24.03961508 32.74991991 28.15233152 35.93186904 33.51137698 42.68270778 42.44260064 46.75757718 41.42215042 40.28175324 50.66562192 56.98220526 45.60241954 58.70069947 44.88958549 51.05192134 47.08011506 45.95958549 47.82354652 47.28170273 49.72431204
9.83725397 9.18238636 7.64099026 11.66338095 39.91238636 7.87639610 13.62375721 13.55735065 23.85848809 0.00000000 14.51194480 27.75254401 6.18225397 14.79132034 14.34295598 22.54222438 21.13637698 12.17892965 19.29289935 8.81450793 17.52481277 34.10497041 20.70676190 18.28626984 48.63534667 22.14803174 31.53247004 47.55704328 25.05664610 25.42843325 41.75709812 26.18946356 23.90866666 21.36382864 42.01518216 25.22141269 22.01915872 24.71668181 22.04451406 24.48712337
4.67469083 12.73320418 11.19180808 2.84856385 43.46320418 6.84608694 17.17457503 1.15784271 27.40930591 14.51194480 0.00000000 31.30336183 9.73307179 1.25725397 26.86273916 26.27529617 24.68719480 13.95880338 23.02597113 20.69181420 29.70984415 37.83804220 32.70953932 30.47130122 47.27319118 34.33306312 43.71750142 42.55476406 37.24167748 37.61346463 53.94212950 38.37449494 36.09369804 33.54886002 54.20021354 37.40644407 34.20419010 36.90171319 34.22954544 36.67215475
26.62867099 29.45271824 24.03902633 28.45479797 14.83518290 25.05029004 29.17800649 30.34876767 4.91685858 27.75254401 31.30336183 0.00000000 21.57029004 31.58273737 42.09549999 7.87500000 27.77135606 29.08714862 10.44321897 27.93367099 42.38137698 23.23547294 39.82592496 41.16903679 37.76584920 37.52574206 50.65163310 36.50529183 48.51621500 45.74876334 60.87626117 40.68556095 53.78384089 39.97272691 46.13506276 42.16325648 41.04272691 42.90668794 42.36484415 44.80745345
5.05838095 4.65900541 3.11760931 6.88450793 35.48623412 3.48000000 8.25658946 8.77847763 17.67623412 6.18225397 9.73307179 21.57029004 0.00000000 10.01244733 20.52520995 17.64879292 14.95412301 7.51685858 14.39946789 6.36338095 15.07368578 29.21153896 18.25563492 15.83514285 43.74191522 19.69690476 29.08134306 42.66361182 22.60551911 22.97730627 39.30597113 46.84388094 21.45753967 18.91270165 39.56405517 22.77028571 19.56803174 22.26555483 19.59338708 22.03599639
4.95406638 13.01257972 11.47118362 3.12793939 43.74257972 7.12546248 17.45395057 1.23396970 27.68868145 14.79132034 1.25725397 31.58273737 10.01244733 0.00000000 25.08339321 26.55467171 24.96657034 26.23932683 23.30534667 18.91246825 27.88239682 38.11741774 31.06434596 28.64385389 45.44574385 32.50561579 41.89005410 40.72731673 35.41423015 35.78601731 52.11468217 36.54704761 34.26625071 31.72141269 52.37276621 35.57899674 32.37674278 35.07426586 32.40209812 34.84470742
24.18020995 23.52534234 21.98394624 28.73342459 54.25534234 22.21935208 27.96671319 26.83945489 38.20144407 14.34295598 26.86273916 42.09549999 20.52520995 25.08339321 0.00000000 36.88518036 35.47933296 25.63334703 33.63585533 15.62753534 23.76896716 48.44792639 26.95091629 24.53042423 41.33231419 28.39218613 37.77662443 36.61388707 31.30080049 31.67258764 48.00125251 32.43361795 30.15282105 27.60798303 48.25933655 31.46556708 28.26331311 30.96083620 28.28866845 30.73127776
21.60060533 37.32771824 31.91402633 23.42673232 22.71018290 20.02222438 37.05300649 25.32070201 12.79185858 22.54222438 26.27529617 7.87500000 17.64879292 26.55467171 36.88518036 0.00000000 23.70641702 23.87682900 3.23725397 22.72335137 35.04653896 15.90063492 34.61560533 33.83419877 30.43101118 30.19090404 53.84261290 29.17045381 41.18137698 38.41392532 65.66945669 33.35072293 46.44900287 32.63788889 38.80022474 34.82841846 33.70788889 35.57184992 35.03000613 37.47261543
20.01250396 18.96425540 17.42285930 21.83863094 41.68730014 18.43412301 22.56183946 23.73260064 23.87730014 21.13637698 24.68719480 27.77135606 14.95412301 24.96657034 35.47933296 23.70641702 0.00000000 22.47098159 20.46916306 21.31750396 30.02780879 35.45141702 33.20975793 30.78926586 49.98179328 49.74168614 44.03546607 48.90348989 37.55964212 57.96470742 54.26009414 53.08375901 65.99978498 52.18867099 54.51817818 54.56145453 53.25867099 55.30488599 54.58078823 57.02339754
9.28411255 10.51699098 8.97559487 11.11023953 41.24699098 7.70573160 14.95836183 13.00420923 25.19309271 12.17892965 13.95880338 29.08714862 7.51685858 26.23932683 25.63334703 23.87682900 22.47098159 0.00000000 20.62750396 7.32685858 16.03716341 35.43957503 19.21911255 16.79862048 49.96995129 20.66038239 30.04482069 48.89164789 23.56899674 23.94078390 40.26944876 24.70181420 22.42101731 19.87617928 40.52753280 23.73376334 20.53150937 23.22903246 20.55686471 22.99947402
18.35128030 18.96303174 17.42163564 20.17740728 25.27840187 16.77289935 22.65605735 22.07137698 15.36007755 19.29289935 23.02597113 10.44321897 14.39946789 23.30534667 33.63585533 3.23725397 20.46916306 20.62750396 0.00000000 19.47402633 34.12815801 14.98225397 31.36628030 32.91581782 29.51263023 29.27252309 42.19198844 28.43432683 40.26299603 37.49554437 52.41661651 32.61459595 45.53062192 31.71950793 37.88184379 34.09229148 32.78950793 34.83572293 34.11162518 36.55423448
8.13063492 9.36351334 7.82211724 22.56249963 40.09351334 6.55225397 13.80488419 20.66852993 24.03961508 8.81450793 20.69181420 27.93367099 6.36338095 18.91246825 15.62753534 22.72335137 21.31750396 7.32685858 19.47402633 0.00000000 8.79917785 34.28609740 11.98112698 9.56063492 26.36252488 13.42239682 22.80683512 21.64409776 16.33101118 16.70279833 33.03146320 17.46382864 15.18303174 12.63819372 33.28954724 16.49577777 13.29352380 15.99104689 13.31887914 15.76148845
16.84093975 18.07381818 16.53242207 31.53242820 57.21655988 15.26255880 22.51518903 29.63845851 32.74991991 17.52481277 29.70984415 42.38137698 15.07368578 27.88239682 23.76896716 35.04653896 30.02780879 16.03716341 34.12815801 8.79917785 0.00000000 37.69590404 12.94225397 1.20026912 18.13103210 5.19090404 19.46683512 13.41260497 8.84650324 8.47130555 29.69146320 9.23233585 6.95153896 4.40670094 8.85760497 8.26428499 5.06203102 7.75955411 5.08738636 7.52999567
33.16335137 33.77510281 32.23370670 34.98947835 38.07065584 31.58497041 37.46812842 36.88344805 28.15233152 34.10497041 37.83804220 23.23547294 29.21153896 38.11741774 48.44792639 15.90063492 35.45141702 35.43957503 14.98225397 34.28609740 37.69590404 0.00000000 49.96739682 36.48356385 18.10801082 32.84026912 56.49197798 22.97838708 43.83074206 41.06329040 68.31882177 27.00670706 34.12600251 35.28725397 41.44958982 28.48440259 36.16438346 29.22783405 37.67937121 40.12198052
20.02288889 21.25576731 19.71437121 34.71437734 51.98576731 18.44450793 25.69713816 32.82040764 35.93186904 20.70676190 32.70953932 39.82592496 18.25563492 31.06434596 26.95091629 34.61560533 33.20975793 19.21911255 31.36628030 11.98112698 12.94225397 49.96739682 0.00000000 13.60063492 30.40252488 17.46239682 20.79422402 25.68409776 20.37101118 20.74279833 33.67845851 21.50382864 19.22303174 16.67819372 31.27693614 20.53577777 17.33352380 20.03104689 17.35887914 32.60454544
17.60239682 18.83527525 17.29387914 32.29388527 56.00421969 16.02401587 23.27664610 30.39991557 33.51137698 18.28626984 30.47130122 41.16903679 15.83514285 28.64385389 24.53042423 33.83419877 30.78926586 16.79862048 32.91581782 9.56063492 1.20026912 36.48356385 13.60063492 0.00000000 16.91869191 3.97856385 20.12521607 12.20026479 7.95736111 7.25896536 34.23159126 8.01999567 5.73919877 3.19436075 7.64526479 7.05194480 3.84969083 6.54721392 3.87504617 6.31765548
47.69372762 48.30547907 46.76408296 49.51985461 52.60103210 46.11534667 51.99850468 47.20180554 42.68270778 48.63534667 47.27319118 37.76584920 43.74191522 45.44574385 41.33231419 30.43101118 49.98179328 49.96995129 29.51263023 26.36252488 18.13103210 18.10801082 30.40252488 16.91869191 0.00000000 34.09079869 36.92710604 4.87037626 24.26587012 21.31616449 48.57169586 8.89869624 20.72213562 14.21900108 21.70246391 10.37639177 13.21787409 11.11982323 17.93224530 20.37485461
21.46415872 22.69703715 21.15564105 36.15564717 52.36092496 19.88577777 27.13840800 34.26167748 42.44260064 22.14803174 34.33306312 37.52574206 19.69690476 32.50561579 28.39218613 30.19090404 49.74168614 20.66038239 29.27252309 13.42239682 5.19090404 32.84026912 17.46239682 3.97856385 34.09079869 0.00000000 23.98697798 12.20282792 11.32574206 8.55829040 35.81382177 8.02255880 5.74176190 2.78225397 8.94458982 7.05450793 3.85225397 6.54977705 5.17437121 7.61698052
30.84859703 32.08147545 30.54007935 45.54008548 62.81147545 29.27021607 36.52284630 43.64611578 46.75757718 31.53247004 43.71750142 50.65163310 29.08134306 41.89005410 37.77662443 53.84261290 44.03546607 30.04482069 42.19198844 22.80683512 19.46683512 56.49197798 20.79422402 20.12521607 36.92710604 23.98697798 0.00000000 32.20867891 26.89559233 20.14319551 20.97088491 28.02840979 25.74761290 23.20277488 10.48271211 27.06035893 23.85810496 26.55562805 14.25293073 11.81032142
46.61542423 47.22717567 45.68577957 48.44155121 51.34047473 45.03704328 50.92020128 42.48337841 41.42215042 47.55704328 42.55476406 36.50529183 42.66361182 40.72731673 36.61388707 29.17045381 48.90348989 48.89164789 28.43432683 21.64409776 13.41260497 22.97838708 25.68409776 12.20026479 4.87037626 12.20282792 32.20867891 0.00000000 19.54744299 16.59773737 43.85326873 4.18026912 7.51331998 9.50057395 16.98403679 5.65796465 8.49944697 6.40139610 13.21381818 15.65642748
24.37277308 25.60565151 24.06425540 39.06426153 63.35139790 22.79439213 30.04702236 37.17029183 40.28175324 25.05664610 37.24167748 48.51621500 22.60551911 35.41423015 31.30080049 41.18137698 37.55964212 23.56899674 40.26299603 16.33101118 8.84650324 43.83074206 20.37101118 7.95736111 24.26587012 11.32574206 26.89559233 19.54744299 0.00000000 13.74000000 26.27423015 15.36717388 13.08637698 10.54153896 19.80048340 14.39912301 11.19686904 13.89439213 16.03026479 18.47287409
24.74456024 25.97743866 24.43604256 39.43604869 60.58394624 23.16617928 30.41880951 37.54207899 50.66562192 25.42843325 37.61346463 45.74876334 22.97730627 35.78601731 31.67258764 38.41392532 57.96470742 23.94078390 37.49554437 16.70279833 8.47130555 41.06329040 20.74279833 7.25896536 21.31616449 8.55829040 20.14319551 16.59773737 13.74000000 0.00000000 27.25553137 12.41746825 10.13667135 7.59183333 9.66048340 11.44941738 8.24716341 10.94468650 5.89026479 8.33287409
41.07322510 42.30610353 40.76470742 55.76471355 73.03610353 39.49484415 46.74747438 53.87074385 56.98220526 41.75709812 53.94212950 60.87626117 39.30597113 52.11468217 48.00125251 65.66945669 54.26009414 40.26944876 52.41661651 33.03146320 29.69146320 68.31882177 33.67845851 34.23159126 48.57169586 35.81382177 20.97088491 43.85326873 26.27423015 27.25553137 0.00000000 39.67299962 37.39220272 34.84736470 20.15303787 38.70494875 35.50269478 38.20021787 33.14579615 21.48064717
25.50559054 51.40744479 49.86604869 40.19707899 55.52074385 23.92720959 55.10047040 38.30310929 45.60241954 26.18946356 38.37449494 40.68556095 46.84388094 36.54704761 32.43361795 33.35072293 53.08375901 24.70181420 32.61459595 17.46382864 9.23233585 27.00670706 21.50382864 8.01999567 8.89869624 8.02255880 28.02840979 4.18026912 15.36717388 12.41746825 39.67299962 0.00000000 3.33305087 5.32030483 12.80376767 1.47769553 4.31917785 2.22112698 9.03354906 11.47615836
23.22479364 24.45767207 22.91627596 37.91628209 68.61902379 21.64641269 28.89904292 36.02231240 58.70069947 23.90866666 36.09369804 53.78384089 21.45753967 34.26625071 30.15282105 46.44900287 65.99978498 22.42101731 45.53062192 15.18303174 6.95153896 34.12600251 19.22303174 5.73919877 20.72213562 5.74176190 25.74761290 7.51331998 13.08637698 10.13667135 37.39220272 3.33305087 0.00000000 3.03950793 10.52297077 2.36500000 2.03838095 2.04252309 6.75275216 9.19536147
20.67995562 21.91283405 20.37143794 35.37144407 54.80790981 19.10157467 26.35420490 33.47747438 44.88958549 21.36382864 33.54886002 39.97272691 18.91270165 31.72141269 27.60798303 32.63788889 52.18867099 19.87617928 31.71950793 12.63819372 4.40670094 35.28725397 16.67819372 3.19436075 14.21900108 2.78225397 23.20277488 9.50057395 10.54153896 7.59183333 34.84736470 5.32030483 3.03950793 0.00000000 7.97813275 4.35225397 1.15000000 3.84752309 4.20791414 6.65052345
41.33130914 42.56418757 41.02279146 56.02279759 60.97024566 39.75292819 47.00555842 54.12882789 51.05192134 42.01518216 54.20021354 46.13506276 39.56405517 52.37276621 48.25933655 38.80022474 54.51817818 40.52753280 37.88184379 33.28954724 8.85760497 41.44958982 31.27693614 7.64526479 21.70246391 8.94458982 10.48271211 16.98403679 19.80048340 9.66048340 20.15303787 12.80376767 10.52297077 7.97813275 0.00000000 11.83571681 8.63346284 11.33098592 3.77021861 1.32760931
24.53753967 25.77041810 24.22902200 39.22902812 56.99843938 22.95915872 30.21178895 37.33505843 47.08011506 25.22141269 37.40644407 42.16325648 22.77028571 35.57899674 31.46556708 34.82841846 54.56145453 23.73376334 34.09229148 16.49577777 8.26428499 28.48440259 20.53577777 7.05194480 10.37639177 7.05450793 27.06035893 5.65796465 14.39912301 11.44941738 38.70494875 1.47769553 2.36500000 4.35225397 11.83571681 0.00000000 3.35112698 0.84000000 8.06549819 10.50810750
21.33528571 22.56816413 21.02676803 36.02677416 55.87790981 19.75690476 27.00953498 34.13280446 45.95958549 22.01915872 34.20419010 41.04272691 19.56803174 32.37674278 28.26331311 33.70788889 53.25867099 20.53150937 32.78950793 13.29352380 5.06203102 36.16438346 17.33352380 3.84969083 13.21787409 3.85225397 23.85810496 8.49944697 11.19686904 8.24716341 35.50269478 4.31917785 2.03838095 1.15000000 8.63346284 3.35112698 0.00000000 2.84639610 4.86324423 7.30585353
24.03280879 25.26568722 23.72429112 38.72429724 57.74187084 22.45442784 29.70705807 36.83032755 47.82354652 24.71668181 36.90171319 42.90668794 22.26555483 35.07426586 30.96083620 35.57184992 55.30488599 23.22903246 34.83572293 15.99104689 7.75955411 29.22783405 20.03104689 6.54721392 11.11982323 6.54977705 26.55562805 6.40139610 13.89439213 10.94468650 38.20021787 2.22112698 2.04252309 3.84752309 11.33098592 0.84000000 2.84639610 0.00000000 7.56076731 10.00337662
21.36064105 22.59351947 21.05212337 36.05212950 57.20002705 19.78226009 27.03489032 34.15815980 47.28170273 22.04451406 34.22954544 42.36484415 19.59338708 32.40209812 28.28866845 35.03000613 54.58078823 20.55686471 34.11162518 13.31887914 5.08738636 37.67937121 17.35887914 3.87504617 17.93224530 5.17437121 14.25293073 13.21381818 16.03026479 5.89026479 33.14579615 9.03354906 6.75275216 4.20791414 3.77021861 8.06549819 4.86324423 7.56076731 0.00000000 2.44260931
23.80325035 25.03612878 23.49473268 38.49473880 59.64263635 22.22486940 29.47749963 36.60076911 49.72431204 24.48712337 36.67215475 44.80745345 22.03599639 34.84470742 30.73127776 37.47261543 57.02339754 22.99947402 36.55423448 15.76148845 7.52999567 40.12198052 32.60454544 6.31765548 20.37485461 7.61698052 11.81032142 15.65642748 18.47287409 8.33287409 21.48064717 11.47615836 9.19536147 6.65052345 1.32760931 10.50810750 7.30585353 10.00337662 2.44260931 0.00000000
