0.00000000 18.82341528 15.28419596 4.29030590 38.72260307 5.08265871 16.87715759 8.76462629 24.25716621 12.19632433 10.94428252 27.98398341 11.59846913 11.71319193 21.73372847 33.10269063 22.06121261 15.14211923 25.49463828 19.26859750 33.93446941 38.20036411 31.71624998 35.91744636 47.62836607 44.96163399 39.36864084 49.73683878 39.43847964 45.55744445 45.90184642 53.99634510 48.99468623 42.72536797 50.17453865 51.73418929 44.61841826 50.88471455 44.57975057 50.15117680
18.82341528 0.00000000 3.53921932 23.11372117 19.89918780 15.10409890 12.39435465 27.58804157 18.09956568 15.98201547 29.76769780 20.30208953 10.77787113 30.53660720 25.51941961 27.91055943 19.87176745 17.90168719 26.55948367 22.02816547 36.69403737 39.26520950 34.47581794 38.67701433 48.69321146 47.72120195 42.12820881 50.80168417 42.19804760 48.31701241 48.66141438 55.07228793 51.75425420 45.48493594 52.93410662 54.49375725 47.37798623 53.64428252 47.33931853 52.91074476
15.28419596 3.53921932 0.00000000 19.57450186 23.43840711 11.56487958 8.85513533 24.04882225 18.52850174 12.44279615 26.22847848 22.25531894 7.23865181 26.99738789 21.98020029 29.86378884 16.33254814 14.36246787 23.02026435 18.48894615 33.15481806 35.72599018 30.93659862 35.13779501 45.15399215 44.18198263 38.58898949 47.26246485 38.65882829 44.77779310 45.12219506 51.53306862 48.21503488 41.94571662 49.39488730 50.95453793 43.83876691 50.10506320 43.80009921 49.37152544
4.29030590 23.11372117 19.57450186 0.00000000 43.01290897 9.37296460 21.16746349 4.47432040 28.54747211 16.48663023 6.65397662 32.27428931 15.88877503 7.42288603 24.28077003 37.39299652 26.35151851 19.43242513 29.78494418 22.01495582 32.95197521 42.49067000 30.73375577 34.93495216 51.91867197 43.97913978 38.38614664 54.02714468 38.45598544 44.57495025 44.91935221 53.01385089 48.01219203 41.74287377 49.19204445 50.75169508 43.63592406 49.90222035 43.59725636 49.16868259
38.72260307 19.89918780 23.43840711 43.01290897 0.00000000 35.00328669 31.60345982 47.48722937 15.72187300 35.88120327 49.66688559 13.07706340 27.29073507 50.43579500 45.41860741 20.68553330 30.37889854 37.80087499 25.56202499 41.92735326 56.34998776 33.51172220 54.37500574 53.55437976 42.94129487 44.94874027 62.02739660 44.62289844 58.45465360 57.25425382 68.56060218 48.89507291 52.85391814 50.46042060 64.88666874 52.22575807 53.01948476 53.82659859 56.27655994 61.84798617
5.08265871 15.10409890 11.56487958 9.37296460 35.00328669 0.00000000 13.15784122 13.84728500 20.53784984 7.54372959 16.02694123 24.26466703 7.87915275 16.79585063 17.08113372 29.38337425 18.34189623 11.42280285 21.77532190 15.54928112 30.21515303 34.48104773 27.99693360 32.19812998 43.90904969 41.24231761 35.64932446 46.01752240 35.71916326 41.83812807 42.18253004 50.27702872 45.27536985 39.00605159 46.45522228 48.01487291 40.89910189 47.16539817 40.86043419 46.43186042
16.87715759 12.39435465 8.85513533 21.16746349 31.60345982 13.15784122 0.00000000 25.64178389 18.01018372 14.03575779 27.82144012 21.73700091 6.72033379 28.59034952 23.57316193 29.34547082 15.81423011 15.95542951 22.81355430 20.08190778 34.74777969 35.51928013 32.52956026 36.73075665 44.94728210 45.77494427 40.18195113 47.05575480 40.25178992 46.37075473 46.71515670 51.32635857 49.80799652 43.53867825 50.98784894 52.54749957 45.43172855 51.69802484 45.39306085 50.96448708
8.76340077 27.58681605 24.04759673 4.47309488 47.48600385 13.84605948 25.64055837 0.00000000 33.02056699 20.95972510 2.74484185 36.74738419 20.36186991 2.94856563 19.80644963 41.86609140 30.82461338 23.90552000 34.25803905 17.54063543 28.47765481 46.96376488 26.25943538 30.46063176 56.71310023 39.50481939 33.91182624 52.81170496 33.98166504 40.10062985 40.44503182 48.53953050 43.53787163 37.26855337 44.71772406 46.27737469 39.16160366 45.42789995 39.12293597 44.69436220
24.25716621 18.09956568 18.52850174 28.54747211 15.72187300 20.53784984 18.01018372 33.02179251 0.00000000 21.41576641 35.20144874 4.81665221 12.65869708 35.97035814 30.95317055 12.42512212 15.74686055 23.33543813 17.30161381 27.46191640 42.12778831 25.25131101 39.90956888 44.11076527 34.68088368 36.68832909 47.56195975 36.36248726 47.63179854 48.99384264 54.09516532 40.63466172 44.59350695 42.20000941 56.62625756 43.96534689 44.75907358 45.56618741 48.01614875 53.58757498
12.19632433 15.98201547 12.44279615 16.48663023 35.88034032 7.54372959 14.03489484 20.96095062 21.41490347 0.00000000 23.14060685 25.14172066 8.75620638 23.90951626 9.53740414 29.83233841 19.21894986 10.94411687 22.22428607 15.39328194 30.05915385 34.93001189 27.84093442 32.04213080 44.35801386 41.08631842 35.49332528 46.46648656 35.56316408 41.68212889 42.02653085 50.12189248 45.11937067 38.85005241 46.29922309 47.85973667 40.74310270 47.01026194 40.70443501 46.27586123
10.94428252 29.76769780 26.22847848 6.65275110 49.66688559 16.02694123 27.82144012 2.74484185 35.20144874 23.14060685 0.00000000 38.92826593 22.54275165 2.94731546 19.80519946 44.04697315 33.00549513 26.08640175 36.43892080 17.53938525 27.46377608 49.14464663 24.81420020 29.44675303 55.69922150 38.49094065 32.89794751 51.79782623 32.96778631 39.08675112 39.43115308 47.52565177 42.52399290 36.25467464 43.70384532 45.26349595 38.14772493 44.41402122 38.10905724 43.68048346
27.98398341 20.30208953 22.25531894 32.27428931 13.07706340 24.26466703 21.73700091 36.74860971 4.81665221 25.14258361 38.92826593 0.00000000 16.38551428 39.69717534 34.67998775 7.60846990 19.47367775 27.06225533 12.48496159 31.18873360 43.27292436 20.43465880 43.63638608 40.47731636 29.86423147 31.87167687 51.28877694 31.54583505 45.37759021 44.17719043 57.82198252 35.81800951 39.77685474 37.38335720 51.80960535 39.14869468 39.94242137 40.74953520 43.19949654 48.77092277
11.59846913 10.77787113 7.23865181 15.88877503 27.29073507 7.87915275 6.72033379 20.36309543 12.65869708 8.75706933 22.54275165 16.38551428 0.00000000 23.31166106 18.29447346 23.70127286 10.46274348 10.67674105 16.09322052 14.80321932 29.46909123 28.79894634 27.25087180 31.45206818 38.22694831 40.49625581 34.90326266 40.33542101 34.97310146 41.09206627 41.43646824 44.60602478 44.52930805 38.25998979 45.70916047 47.26881110 40.15304008 46.41933637 40.11437239 45.68579862
11.71319193 30.53660720 26.99738789 7.42166051 50.43579500 16.79585063 28.59034952 2.94856563 35.97035814 23.90951626 2.94731546 39.69717534 23.31166106 0.00000000 16.84304600 44.81588255 33.77440454 25.18090792 37.20783021 14.57344690 25.51046629 49.91355603 23.29224685 27.49344324 53.74591171 36.53763086 30.94463772 49.84451644 31.01447652 37.13344133 37.47784329 45.57234198 40.57068311 34.30136485 41.75053553 43.31018616 36.19441514 42.46071143 36.15574745 41.72717367
21.73372847 25.51941961 21.98020029 24.27954451 45.41774446 17.08113372 23.57229898 19.80644963 30.95230760 9.53740414 19.80519946 34.67912480 18.29361052 16.84304600 0.00000000 39.36974255 28.75635400 16.39109778 31.76169020 11.40191470 24.70543268 44.46741603 22.48721324 26.68840963 52.94087810 35.73259725 30.13960411 49.03948283 30.20944291 36.32840772 36.67280968 44.76730837 39.76564950 33.49633124 40.94550192 42.50515255 35.38938153 41.65567782 35.35071384 40.92214006
33.10269063 27.91055943 29.86378884 37.39299652 20.68553330 29.38337425 29.34547082 41.86574622 12.42512212 29.83233841 44.04540245 7.60846990 23.70127286 44.81431185 39.36817185 0.00000000 20.86520053 31.75130238 7.63616981 35.87778065 38.10688561 15.26862005 48.32543313 35.31127761 24.69819272 26.70563812 54.42474676 26.37979630 40.21155146 39.01115168 57.12774696 30.65197076 34.61081599 32.21731845 46.64356660 33.98265593 34.77638262 35.58349645 38.03345779 43.60488402
22.06121261 19.87176745 16.33254814 26.35151851 30.37889854 18.34189623 15.81423011 30.82583890 15.74686055 19.21981280 33.00549513 19.47367775 10.46274348 33.77440454 28.75721694 20.86520053 0.00000000 21.13948452 13.22903072 25.26596280 39.93183471 26.33898172 37.71361527 41.91481166 35.76855439 37.77599979 45.36600614 37.87545639 45.43584494 50.08151335 51.89921171 42.14763086 45.68117766 43.28768012 56.17190395 45.47831603 45.84674429 47.07915655 49.10381946 54.67524569
15.14211923 17.90168719 14.36246787 19.43242513 37.80087499 11.42280285 15.95542951 23.90674552 23.33543813 10.94411687 26.08640175 27.06225533 10.67674105 25.18090792 16.39109778 31.75287308 21.13948452 0.00000000 24.14482073 10.60746101 25.27333292 36.85054656 23.05511349 27.25630988 46.27854852 36.30049750 30.70750436 48.38702123 30.77734315 36.89630796 37.24070993 45.33520861 40.33354975 34.06423149 41.51340217 43.07305280 35.95728178 42.22357807 35.91861408 41.49004031
25.49463828 26.55948367 23.02026435 29.78494418 25.56202499 21.77532190 22.81355430 34.25769388 17.30161381 22.22428607 36.43735010 12.48496159 16.09322052 37.20625951 31.76011950 7.63616981 13.22903072 24.14325003 0.00000000 28.26972831 35.94821656 13.10995100 40.71738078 33.15260856 22.53952367 24.54696907 48.36977165 24.64642567 38.05288240 36.85248262 54.90297722 28.91860014 32.45214694 30.05864940 44.48489755 32.24928531 32.61771356 33.85012582 35.87478874 41.44621497
19.26859750 22.02816547 18.48894615 22.01373030 41.92735326 15.54928112 20.08190778 17.54063543 27.46191640 15.39328194 17.53938525 31.18873360 14.80321932 14.57344690 11.40191470 35.87935135 25.26596280 10.60746101 28.27129900 0.00000000 14.94989335 40.97702483 12.73167392 16.93287031 43.18533877 25.97705793 20.38406479 39.28394351 20.45390358 26.57286839 26.91727036 35.01176904 30.01011018 23.74079192 31.18996260 32.74961323 25.63384221 31.90013850 25.59517451 31.16660074
33.93446941 36.69403737 33.15481806 32.95074969 56.34998776 30.21515303 34.74777969 28.47765481 42.12778831 30.05915385 27.46377608 43.27292436 29.46909123 25.51046629 24.70543268 38.10688561 39.93183471 25.27333292 35.94821656 14.94989335 0.00000000 32.91867599 13.28056584 2.80206593 29.36018504 12.15190419 17.44249787 25.45878977 8.39597605 12.74771466 23.97570344 21.18661531 16.18495644 9.91563818 20.38012958 18.92445949 11.80868847 18.07498476 11.77002078 17.34144700
38.20036411 39.26520950 35.72599018 42.49067000 33.51172220 34.48104773 35.51928013 46.96341970 25.25131101 34.93001189 49.14307593 20.43465880 28.79894634 49.91198533 44.46584533 15.26862005 26.33898172 36.84897586 13.10995100 40.97545413 32.91867599 0.00000000 45.07460511 30.12306800 12.03894361 21.51742851 49.23653714 16.25463611 35.02334184 33.82294206 51.93953734 20.21251334 21.95156688 27.02910883 41.45535698 23.54319851 26.63883139 25.14403903 32.84524818 38.41667440
31.71624998 34.47581794 30.93659862 30.73253025 54.37500574 27.99693360 32.52956026 26.25943538 39.90956888 27.84093442 24.81420020 43.63638608 27.25087180 23.29224685 22.48721324 48.32700383 37.71361527 23.05511349 40.71895148 12.73167392 13.28056584 45.07460511 0.00000000 15.26364569 41.51611416 24.30783331 13.42444893 37.61471889 18.78467897 24.90364378 21.61598038 33.34254443 28.34088556 22.07156730 24.23034674 31.08038861 23.96461759 30.23091388 23.92594990 27.26902932
35.91744636 38.67701433 35.13779501 34.93372664 53.55437976 32.19812998 36.73075665 30.46063176 44.11076527 32.04213080 29.44675303 40.47731636 31.45206818 27.49344324 26.68840963 35.31127761 41.91481166 27.25630988 33.15260856 16.93287031 2.80206593 30.12306800 15.26364569 0.00000000 26.56457704 9.35629620 19.42557772 22.66318177 6.32863692 9.95210666 23.79975977 18.39100731 13.38934845 7.12003018 17.58452158 16.12885150 9.01308048 15.27937677 8.97441278 14.54583901
47.62993677 48.69478216 45.15556285 51.92024267 42.94129487 43.91062039 44.94885280 56.71310023 34.68088368 44.35958456 55.69922150 29.86423147 38.22851901 53.74591171 52.94087810 24.69819272 35.76855439 46.27854852 22.53952367 43.18533877 29.36018504 12.03894361 41.51611416 26.56457704 0.00000000 22.42992909 45.67804619 4.21569251 31.46485088 29.83807013 47.95466541 8.17356973 13.39399286 20.15423466 37.47048505 11.50425490 17.86249311 13.10509542 28.86037625 34.43180248
44.96163399 47.72120195 44.18198263 43.97791426 44.94874027 41.24231761 45.77494427 39.50481939 36.68832909 41.08631842 38.49094065 31.87167687 40.49625581 36.53763086 35.73259725 26.70563812 37.77599979 36.30049750 24.54696907 25.97705793 12.15190419 21.51742851 24.30783331 9.35629620 22.42992909 0.00000000 28.46976534 22.47150250 14.25657004 13.05617026 31.17276554 18.19932803 13.19766917 6.26233703 20.68858518 15.93717222 8.82140120 15.08769749 12.07847638 17.64990261
39.36864084 42.12820881 38.58898949 38.38492112 62.02739660 35.64932446 40.18195113 33.91182624 47.56195975 35.49332528 32.89794751 51.28877694 34.90326266 30.94463772 30.13960411 54.42474676 45.36600614 30.70750436 48.37134235 20.38406479 17.44249787 49.23653714 13.42444893 19.42557772 45.67804619 28.46976534 0.00000000 41.77665092 22.94661100 26.07852064 13.65439138 37.50447646 32.50281759 26.23349933 10.80589781 35.24232064 28.12654962 34.39284591 19.41619660 13.84458039
49.73683878 50.80168417 47.26246485 54.02714468 44.62289844 46.01752240 47.05575480 52.81170496 36.36248726 46.46648656 51.79782623 31.54583505 40.33542101 49.84451644 49.03948283 26.37979630 37.87545639 48.38545053 24.64642567 39.28394351 25.45878977 16.25463611 37.61471889 22.66318177 4.21569251 22.47150250 41.77665092 0.00000000 27.56345562 25.93667486 44.05327015 4.27217446 11.70480312 16.25283939 33.56908979 7.60285963 13.96109784 9.20370015 24.95898098 30.53040721
39.43847964 42.19804760 38.65882829 38.45475992 58.45465360 35.71916326 40.25178992 33.98166504 47.63179854 35.56316408 32.96778631 45.37759021 34.97310146 31.01447652 30.20944291 40.21155146 45.43584494 30.77734315 38.05288240 20.45390358 8.39597605 35.02334184 18.78467897 6.32863692 31.46485088 14.25657004 22.94661100 27.56345562 0.00000000 8.87215342 17.47112285 23.29128115 18.28962229 12.02030403 21.54176501 21.02912534 13.91335432 20.17965061 12.93146622 18.50308244
45.55744445 48.31701241 44.77779310 44.57372473 57.25425382 41.83812807 46.37075473 40.10062985 48.99384264 41.68212889 39.08675112 44.17719043 41.09206627 37.13344133 36.32840772 39.01115168 50.08151335 36.89630796 36.85248262 26.57286839 12.74771466 33.82313204 24.90383376 9.95210666 29.83826012 13.05617026 26.07852064 25.93686485 8.87215342 0.00000000 18.11659528 21.66469039 16.66303152 10.39736216 15.27262283 19.40253457 12.28676355 18.55305984 6.66232404 12.23394025
45.90184642 48.66141438 45.12219506 44.91812669 68.56060218 42.18253004 46.71515670 40.44503182 54.09516532 42.02653085 39.43115308 57.82198252 41.43646824 37.47784329 36.67280968 57.12774696 51.89921171 37.24070993 54.90454792 26.91727036 23.97570344 51.93972733 21.61598038 23.79975977 47.95485540 31.17276554 13.65439138 44.05346013 17.47112285 18.11659528 0.00000000 39.78128567 34.77962680 28.51395744 16.61803666 37.51912986 30.40335884 36.66965512 24.77891932 19.65671924
53.99634510 55.07385863 51.53463932 53.01262537 48.89507291 50.27702872 51.32792927 48.53953050 40.63466172 50.12102954 47.52565177 35.81800951 44.60759548 45.57234198 44.76730837 30.65197076 42.14763086 45.33520861 28.91860014 35.01176904 21.18661531 20.21251334 33.34254443 18.39100731 8.17356973 18.19932803 37.50447646 4.27217446 23.29128115 21.66450040 39.78109568 0.00000000 7.43262865 11.98066493 29.29691532 3.33068517 9.68892338 4.93152569 20.68680652 26.25823275
48.99468623 51.75425420 48.21503488 48.01096651 52.85391814 45.27536985 49.80799652 43.53787163 44.59350695 45.11937067 42.52399290 39.77685474 44.52930805 40.57068311 39.76564950 34.61081599 45.68117766 40.33354975 32.45214694 30.01011018 16.18495644 21.95156688 28.34088556 13.38934845 13.39399286 13.19766917 32.50281759 11.70480312 18.28962229 16.66284153 34.77943682 7.43262865 0.00000000 6.97900606 24.29525646 5.17047284 4.68726451 4.67138840 15.68514765 21.25657388
42.72536797 45.48493594 41.94571662 41.74164825 50.46042060 39.00605159 43.53867825 37.26855337 42.20000941 38.85005241 36.25467464 37.38335720 38.25998979 34.30136485 33.49633124 32.21731845 43.28768012 34.06423149 30.05864940 23.74079192 9.91563818 27.02910883 22.07156730 7.12003018 20.15423466 6.26233703 26.23349933 16.25283939 12.02030403 10.39717217 28.51376746 11.98066493 6.97900606 0.00000000 18.02958710 9.71850912 2.60273810 8.86903438 9.41947829 14.99090452
50.17453865 52.93410662 49.39488730 49.19081893 64.88666874 46.45522228 50.98784894 44.71772406 56.62625756 46.29922309 43.70384532 51.80960535 45.70916047 41.75053553 40.94550192 46.64356660 56.17190395 41.51340217 44.48489755 31.18996260 20.38012958 41.45554697 24.23034674 17.58452158 37.47067504 20.68858518 10.80589781 33.56927977 21.54176501 15.27262283 16.61803666 29.29710531 24.29544644 18.02977708 0.00000000 27.03494950 19.91917848 26.18547476 8.61029879 3.03868258
51.73418929 54.49375725 50.95453793 50.75046956 52.22575807 48.01487291 52.54749957 46.27737469 43.96534689 47.85887372 45.26349595 39.14869468 47.26881110 43.31018616 42.50515255 33.98265593 45.47831603 43.07305280 32.24928531 32.74961323 18.92445949 23.54319851 31.08038861 16.12885150 11.50425490 15.93717222 35.24232064 7.60285963 21.02912534 19.40234459 37.51893987 3.33068517 5.17047284 9.71850912 27.03475951 0.00000000 7.42676756 1.65589286 18.42465070 23.99607693
44.61841826 47.37798623 43.83876691 43.63469854 53.01948476 40.89910189 45.43172855 39.16160366 44.75907358 40.74310270 38.14772493 39.94242137 40.15304008 36.19441514 35.38938153 34.77638262 45.84674429 35.95728178 32.61771356 25.63384221 11.80868847 26.63883139 23.96461759 9.01308048 17.86249311 8.82140120 28.12654962 13.96109784 13.91335432 12.28657357 30.40316885 9.68892338 4.68726451 2.60273810 19.91898849 7.42676756 0.00000000 6.57729283 11.30887968 16.88030591
50.88471455 53.64428252 50.10506320 49.90099483 53.82659859 47.16539817 51.69802484 45.42789995 45.56618741 47.00939899 44.41402122 40.74953520 46.41933637 42.46071143 41.65567782 35.58349645 47.07915655 42.22357807 33.85012582 31.90013850 18.07498476 25.14403903 30.23091388 15.27937677 13.10509542 15.08769749 34.39284591 9.20370015 20.17965061 18.55286985 36.66946514 4.93152569 4.67138840 8.86903438 26.18528478 1.65589286 6.57729283 0.00000000 17.57517597 23.14660220
44.57956058 47.33912854 43.79990923 43.59584086 56.27636995 40.86024420 45.39287086 39.12274598 48.01595877 40.70424502 38.10886725 43.19930656 40.11418240 36.15555746 35.35052385 38.03326781 49.10362948 35.91842409 35.87459875 25.59498452 11.76983079 32.84524818 23.92594990 8.97422279 28.86037625 12.07828639 19.41619660 24.95898098 12.93146622 6.66232404 24.77891932 20.68680652 15.68514765 9.41947829 8.61029879 18.42465070 11.30887968 17.57517597 0.00000000 5.57161622
50.15117680 52.91074476 49.37152544 49.16745707 61.84798617 46.43186042 50.96448708 44.69436220 53.58757498 46.27586123 43.68048346 48.77092277 45.68579862 41.72717367 40.92214006 43.60488402 54.67524569 41.49004031 41.44621497 31.16660074 17.34144700 38.41686439 27.26902932 14.54583901 34.43199246 17.64990261 13.84458039 30.53059720 18.50308244 12.23394025 19.65671924 26.25842273 21.25676387 14.99109451 3.03868258 23.99626692 16.88049590 23.14679219 5.57161622 0.00000000
