1.00 1.00 1.00 1.00 1.00 1.00 1.00 1.00 1.00 1.00 1.00 1.00 1.00 1.00 1.00 1.00 1.00 1.00 1.00 1.00 1.00 1.00 1.00 1.00 1.00 1.00 1.00 1.00 1.00 1.00 1.00 1.00 1.00 1.00 1.00 1.00 1.00 1.00 1.00 1.00 1.00 1.00 1.00 1.00 1.00 1.00 1.00 1.00 1.00
1.00 0.22 0.22 0.22 0.22 0.00 3.21 3.37 3.78 17.23 3.77 3.37 3.22 0.22 0.22 0.22 0.22 0.22 0.22 0.00 0.22 0.22 0.22 0.22 0.00 0.22 0.22 0.22 0.22 0.22 0.22 0.22 0.21 0.22 0.22 0.22 0.00 0.22 0.22 0.22 0.22 0.22 0.22 0.22 0.35 1.20 1.20 1.20 1.00
1.00 0.00 0.22 0.22 0.22 0.22 3.21 0.00 17.23 18.93 0.00 3.42 0.24 3.19 0.00 0.00 0.22 0.22 0.27 0.35 0.00 0.22 0.22 0.22 0.00 0.22 0.22 0.00 0.22 0.22 0.00 0.22 0.22 0.00 0.22 0.22 0.22 0.22 0.22 0.22 0.18 0.00 0.22 0.22 0.00 1.20 1.20 0.35 1.00
1.00 0.22 0.00 0.22 0.18 0.22 3.21 3.36 3.78 17.23 0.00 0.00 3.24 3.21 0.00 0.00 0.22 0.00 0.22 0.22 0.22 0.22 0.00 0.22 0.00 0.22 0.22 0.22 0.22 0.22 0.22 3.17 0.22 0.22 0.22 0.22 0.22 0.00 0.22 0.00 0.22 0.22 0.22 0.22 0.35 0.35 0.35 0.00 1.00
1.00 0.22 0.22 0.22 0.22 0.00 0.00 0.00 3.36 3.42 3.40 3.29 3.24 3.22 3.24 3.21 3.21 3.17 0.22 0.00 0.22 0.22 0.22 0.22 0.00 0.22 0.22 0.22 0.00 3.17 3.22 3.22 0.00 3.21 3.19 3.17 3.17 3.19 3.19 3.17 0.22 0.22 0.22 0.22 0.22 0.22 0.22 0.22 1.00
1.00 0.22 0.22 0.22 0.22 0.00 0.00 0.00 3.22 3.26 0.00 3.24 3.24 0.00 3.40 3.44 3.37 3.24 3.17 0.22 0.22 0.22 0.00 0.22 0.00 0.22 0.22 0.22 0.22 3.22 3.37 3.44 3.39 3.26 3.22 3.22 3.22 0.00 3.24 3.22 3.19 0.00 0.22 0.22 0.00 0.22 0.22 0.22 1.00
1.00 0.22 0.22 0.22 0.22 0.00 0.00 0.00 3.21 3.21 3.21 3.24 3.26 3.42 3.82 0.00 3.82 3.36 3.21 0.22 0.00 0.22 0.22 0.22 0.00 0.22 0.22 0.22 0.24 0.35 3.75 17.23 3.78 3.39 3.27 3.26 3.29 3.40 3.44 0.00 3.24 3.19 0.22 0.22 0.22 0.22 0.22 0.00 1.00
1.00 0.22 0.00 3.22 3.17 3.17 0.22 0.22 3.17 3.19 3.21 0.00 0.00 3.47 17.23 19.01 4.00 3.40 0.00 0.22 0.22 0.00 0.22 0.00 0.00 0.22 0.00 0.22 3.21 3.42 17.23 19.01 0.00 3.45 3.31 0.00 3.40 3.87 17.23 3.78 3.37 3.21 0.22 0.00 0.22 0.22 0.22 0.22 1.00
1.00 3.22 3.34 0.00 3.34 0.00 3.19 0.00 3.19 0.00 3.21 3.21 3.24 3.39 3.82 17.23 0.24 3.37 3.21 0.22 0.22 0.22 0.22 0.22 0.00 0.22 0.22 3.17 3.21 0.00 0.00 0.00 3.83 3.44 3.34 3.36 3.49 0.00 19.01 17.23 0.00 3.22 0.22 0.22 0.22 0.22 0.22 0.22 1.00
1.00 3.36 3.75 17.15 3.82 3.37 3.22 3.19 0.22 3.17 3.19 3.19 3.21 3.27 0.00 0.00 0.00 3.24 3.21 0.22 0.00 0.22 0.22 0.22 0.00 0.22 0.00 0.22 3.17 0.00 0.00 0.00 3.40 3.37 3.34 3.39 3.49 3.87 17.23 3.85 3.42 3.24 3.17 0.18 0.35 0.22 0.22 0.22 1.00
1.00 3.42 0.00 18.93 0.00 3.42 0.00 0.22 0.22 0.00 0.22 0.30 0.00 3.22 0.00 0.00 0.00 3.21 0.22 0.22 0.22 0.22 0.00 0.22 0.00 0.22 0.22 0.22 0.22 0.00 0.00 0.00 3.26 3.34 3.34 3.39 3.42 3.45 3.49 3.40 3.29 3.21 3.19 0.22 0.22 0.00 0.22 0.22 1.00
1.00 0.00 3.77 17.23 3.77 3.37 3.21 0.22 0.22 0.22 3.19 0.22 3.19 3.21 3.21 3.21 3.19 3.17 0.22 0.00 0.22 0.22 0.22 0.22 0.22 0.22 0.22 0.00 0.22 0.22 3.21 0.18 3.26 3.37 3.44 0.00 3.47 3.40 3.34 3.24 3.24 3.21 3.17 0.00 0.22 0.22 0.22 0.21 1.00
1.00 3.24 3.36 3.42 3.36 3.26 0.21 2.14 3.19 3.21 3.21 3.19 0.00 3.19 3.19 3.17 3.19 0.22 0.22 0.30 0.35 0.00 0.22 0.22 0.22 0.22 0.22 0.22 0.22 3.19 0.00 2.17 3.26 3.44 3.87 17.23 3.85 3.44 3.29 0.00 3.17 3.19 3.17 0.22 0.22 0.22 0.22 0.35 1.00
1.00 3.17 0.00 3.21 3.21 0.00 3.19 0.00 0.00 3.24 0.00 3.26 3.21 3.21 3.21 0.00 3.19 0.00 3.17 3.17 0.22 0.22 0.00 0.22 0.00 0.22 0.00 0.22 0.00 3.21 3.21 3.24 3.29 0.00 17.23 19.01 17.23 3.47 3.31 3.21 0.22 3.17 3.17 0.22 0.22 0.22 0.00 0.22 1.00
1.00 0.22 0.00 0.22 0.22 0.22 3.17 0.00 0.00 3.39 3.44 3.39 0.00 3.27 0.00 3.22 3.22 3.24 3.22 3.21 0.00 0.22 0.22 0.22 0.00 0.22 0.22 0.22 3.21 3.24 3.29 3.31 3.34 3.44 3.85 17.23 3.80 0.00 3.24 3.17 0.22 0.22 3.17 0.18 0.00 0.35 0.22 0.22 1.00
1.00 0.22 0.22 0.22 0.00 0.22 3.17 3.21 3.36 3.82 17.23 3.78 3.42 3.29 3.26 3.27 3.40 3.42 0.00 3.26 3.19 0.22 0.00 0.22 0.00 0.22 0.22 0.00 3.26 3.39 0.00 3.42 0.00 3.36 0.24 2.42 0.00 3.29 3.24 3.21 0.00 0.22 3.17 3.21 3.21 3.21 3.17 0.22 1.00
1.00 0.18 0.00 0.35 0.22 0.22 3.17 3.24 0.00 17.23 0.00 0.00 3.47 3.31 3.29 0.30 0.00 17.23 3.82 3.37 3.21 0.22 0.22 0.00 0.00 0.22 3.17 3.22 3.39 3.78 17.23 3.85 3.44 3.34 0.00 3.29 3.27 3.21 3.21 3.19 3.19 3.19 3.21 0.00 3.42 3.34 3.22 3.17 1.00
1.00 0.22 0.22 0.22 0.22 0.00 0.22 3.21 3.40 3.83 17.23 3.82 3.42 3.27 0.00 3.44 17.23 19.01 17.23 0.00 3.24 3.17 0.22 0.22 0.00 0.22 0.00 3.22 0.27 13.38 0.35 17.23 3.47 3.29 3.24 3.22 3.21 3.19 0.00 3.17 3.17 3.21 3.34 3.77 17.23 3.77 3.34 0.00 1.00
1.00 0.22 0.22 0.22 0.22 0.22 0.00 3.21 3.27 0.00 3.44 3.39 3.27 3.24 3.27 3.40 3.83 17.23 3.82 3.36 3.21 0.00 0.00 0.22 0.00 0.22 0.22 3.21 3.37 0.00 17.23 0.00 3.40 3.26 0.00 0.00 3.17 3.17 3.17 0.00 3.19 3.22 3.42 17.23 19.01 0.00 3.37 3.21 1.00
1.00 0.22 0.00 0.22 0.00 0.22 0.22 3.17 3.21 3.21 3.24 3.22 0.00 3.21 0.00 3.26 0.00 3.44 3.37 3.24 3.17 0.22 0.22 0.00 0.00 0.22 0.22 0.00 3.26 3.34 3.44 3.37 3.26 3.21 0.00 0.00 0.00 0.22 0.22 3.17 3.17 3.21 3.37 3.80 17.23 3.78 3.36 3.19 1.00
1.00 0.22 0.22 0.22 0.22 0.22 0.22 0.22 0.22 0.22 0.00 3.17 3.17 3.19 3.19 3.21 3.21 3.22 3.21 3.19 0.00 0.22 0.22 0.22 0.00 0.22 0.22 0.22 3.17 3.21 3.24 3.21 3.21 0.22 0.00 0.00 0.22 0.22 0.22 0.22 0.22 3.17 0.00 3.37 3.42 3.36 3.24 3.17 1.00
1.00 0.22 0.22 0.22 0.22 0.22 0.22 0.22 0.00 0.22 0.22 0.22 0.21 0.35 0.00 0.00 0.22 0.22 0.00 0.22 0.22 0.22 0.22 0.22 0.00 0.22 0.22 0.22 0.00 0.22 0.00 0.22 0.00 0.22 0.22 0.22 0.18 0.00 0.35 0.22 0.00 0.22 3.17 3.22 0.00 3.21 3.17 0.00 1.00
1.00 0.22 0.22 0.22 0.22 0.22 0.22 0.22 0.22 0.22 0.22 0.22 0.22 0.22 0.22 0.22 0.22 0.22 0.22 0.22 0.22 0.22 0.22 0.22 0.00 0.00 0.22 0.22 0.22 0.22 0.22 0.22 0.22 0.22 0.00 0.22 0.22 0.22 0.22 0.22 0.22 0.22 0.22 3.19 3.19 0.22 0.22 0.22 1.00
1.00 0.00 0.00 0.00 0.00 0.00 0.22 0.22 0.00 0.00 0.00 0.00 0.00 0.00 0.00 0.00 0.00 0.00 0.00 0.00 0.00 0.00 0.00 0.00 0.00 0.00 0.00 0.00 0.00 0.00 0.00 0.00 0.00 0.00 0.00 0.00 0.00 0.00 0.00 0.00 0.00 0.00 0.00 0.22 0.22 0.00 0.00 0.00 1.00
1.00 0.22 0.22 0.22 0.00 3.17 3.19 3.17 0.22 0.22 0.22 0.22 0.22 0.00 0.22 0.22 3.19 3.24 3.34 3.40 3.34 3.22 3.17 0.22 0.00 0.22 0.22 0.22 0.22 0.22 0.22 0.22 0.22 0.22 0.22 0.22 0.22 0.22 0.22 0.22 0.22 0.22 0.22 0.22 0.22 0.22 0.22 0.22 1.00
1.00 0.22 0.00 0.22 3.21 3.24 3.22 0.00 3.17 0.22 0.00 0.22 0.22 0.22 0.22 0.00 3.22 3.37 3.78 0.00 3.72 0.00 3.21 0.22 0.00 0.22 0.22 0.22 0.00 0.22 0.22 0.22 0.00 0.22 0.22 0.22 0.22 0.00 0.22 0.22 0.00 0.22 0.22 0.22 0.00 0.22 0.00 0.22 1.00
1.00 0.22 3.17 3.22 3.36 0.00 3.37 3.26 3.21 3.19 3.21 3.19 3.19 0.00 3.19 3.19 3.24 0.00 17.23 19.01 17.23 3.42 3.21 0.22 0.00 0.22 0.00 0.22 0.24 0.35 0.35 0.22 0.22 0.22 0.22 0.22 0.22 0.22 0.22 0.22 0.22 0.22 0.22 3.21 3.17 0.22 0.22 0.22 1.00
1.00 0.22 3.21 0.00 3.80 17.23 3.77 3.40 3.27 0.00 3.26 3.26 3.24 3.21 3.21 3.19 3.22 3.37 3.77 0.00 3.77 3.36 3.21 0.00 0.00 0.22 0.22 0.22 0.22 0.00 0.22 0.22 0.22 0.22 0.00 0.22 0.22 0.00 0.22 0.22 0.22 0.00 3.17 0.00 2.71 0.00 3.21 3.17 1.00
1.00 0.00 3.22 3.42 0.00 19.01 17.23 0.00 3.31 3.31 0.21 0.00 3.39 0.00 3.21 0.00 0.00 0.00 3.34 3.42 3.39 0.00 3.17 0.22 0.00 0.22 0.22 0.22 0.22 0.22 0.22 0.22 0.22 0.22 0.22 0.22 3.19 3.17 3.17 3.17 0.22 3.17 3.21 3.27 0.18 0.35 0.00 3.22 1.00
1.00 3.17 3.21 3.37 3.83 17.23 3.83 3.44 3.37 3.45 3.85 17.23 3.87 3.40 3.24 0.00 0.00 0.00 3.21 3.22 3.21 3.21 0.22 0.22 0.00 0.22 0.00 0.22 0.22 0.00 0.22 0.22 0.22 0.22 3.19 3.21 3.22 3.22 0.00 3.19 3.19 3.21 3.22 0.00 3.82 17.23 0.00 3.34 1.00
1.00 0.22 0.00 3.26 3.40 0.00 3.39 3.36 3.36 0.00 17.23 19.01 17.23 0.00 3.24 0.00 0.00 0.00 0.22 0.00 0.22 0.22 0.22 0.22 0.00 0.22 0.22 0.22 0.22 0.22 0.22 0.00 3.17 0.00 3.24 3.37 0.00 3.39 3.29 3.21 0.00 3.21 3.26 3.44 0.00 19.01 17.15 0.00 1.00
1.00 0.22 3.17 3.21 3.26 0.00 3.26 0.00 3.31 3.42 3.80 17.23 3.82 3.39 3.24 3.19 0.22 0.22 0.22 0.22 0.22 0.22 0.22 0.00 0.00 0.22 0.22 0.21 0.00 0.35 0.22 3.19 3.21 3.26 3.40 3.83 17.23 3.83 3.37 3.22 3.21 3.21 0.00 3.39 3.27 17.23 3.80 3.34 1.00
1.00 0.22 0.00 0.00 3.21 3.22 0.21 2.45 1.20 0.00 3.37 3.50 0.00 3.31 3.21 3.19 3.17 0.24 0.00 0.35 0.22 0.00 0.22 0.22 0.00 0.22 0.22 0.22 0.22 0.22 3.17 3.21 3.22 3.29 3.49 17.23 0.00 17.23 3.47 0.00 3.22 3.22 3.24 3.31 0.30 0.35 0.00 3.24 1.00
1.00 0.22 0.27 0.35 0.35 3.22 3.21 3.22 3.22 3.22 3.24 3.29 3.27 3.27 0.00 3.21 3.19 3.17 0.22 0.22 0.22 0.22 0.00 0.22 0.00 0.22 0.22 0.22 0.22 3.19 0.00 3.26 3.31 0.00 3.47 3.88 17.23 3.85 3.44 3.31 3.24 3.24 3.24 0.00 3.26 3.24 3.22 3.19 1.00
1.00 0.00 0.22 3.17 3.21 3.24 0.00 3.24 3.22 3.21 3.22 3.22 3.26 3.29 3.27 3.24 3.21 0.00 0.22 0.00 0.22 0.22 0.22 0.22 0.00 0.22 0.22 0.00 0.22 3.19 3.29 0.27 1.20 0.35 3.44 3.50 0.00 3.42 3.34 3.27 0.00 3.24 0.00 3.22 0.00 3.21 3.19 0.22 1.00
1.00 0.22 0.22 3.19 0.00 3.39 3.45 3.37 3.27 0.00 3.21 3.22 0.00 3.40 3.45 3.39 3.29 0.00 0.00 0.22 0.22 0.00 0.22 0.22 0.00 0.22 0.22 0.22 3.17 0.00 3.37 0.00 17.23 3.87 3.49 3.42 3.36 3.34 3.31 3.27 3.29 3.34 3.29 3.26 3.21 3.17 0.22 0.22 1.00
1.00 0.00 3.17 3.22 3.39 3.80 17.23 3.80 3.40 3.27 3.26 3.29 3.42 3.82 0.00 0.00 3.40 0.00 0.00 0.22 0.22 0.22 0.22 0.22 0.22 0.22 0.22 0.00 3.17 3.26 3.45 16.26 19.01 0.00 3.57 3.39 3.29 3.29 0.00 3.37 2.35 2.47 2.38 0.00 3.21 3.17 0.22 0.00 1.00
1.00 0.22 0.22 3.21 3.42 17.23 19.01 0.00 3.44 3.26 2.70 0.00 0.00 17.23 19.01 17.23 3.44 0.00 0.00 0.22 0.22 0.22 0.22 0.22 0.22 0.22 0.00 0.22 0.22 3.21 3.39 0.21 0.35 0.35 3.49 3.39 3.31 3.36 3.36 0.00 0.18 0.35 0.00 0.00 0.00 3.17 0.22 0.22 1.00
1.00 0.24 0.35 3.21 3.36 3.78 17.23 3.78 3.39 3.26 0.21 0.00 0.00 3.42 17.15 0.00 3.39 3.22 0.30 0.35 0.35 0.00 0.22 0.22 0.00 0.22 0.22 0.22 0.00 0.22 3.22 0.00 0.00 3.42 0.00 3.39 0.00 3.37 3.37 3.52 17.23 19.01 0.00 0.00 0.00 3.17 0.22 0.22 1.00
1.00 0.22 0.00 0.22 0.00 3.37 3.44 3.39 3.24 3.17 0.22 0.22 0.22 0.00 3.40 3.36 3.22 3.17 0.22 0.00 0.22 0.22 0.22 0.22 0.00 0.22 0.22 0.22 0.22 0.22 3.19 0.00 0.00 3.31 3.40 3.47 3.55 3.47 3.42 3.44 3.80 17.15 3.85 3.39 3.22 3.17 0.00 0.22 1.00
1.00 0.22 0.22 0.22 3.17 3.21 0.00 3.21 3.17 0.00 0.22 0.22 0.22 0.22 3.21 3.21 3.17 0.00 0.22 0.22 0.22 0.22 0.00 0.22 0.00 0.22 0.00 0.22 0.22 0.22 0.22 0.00 0.00 3.29 3.44 3.88 17.23 3.87 3.17 0.22 0.00 3.42 3.36 1.20 3.17 0.22 0.22 0.22 1.00
1.00 0.22 0.00 0.22 0.35 0.22 0.22 0.22 0.22 0.22 0.22 0.22 0.22 0.22 0.00 0.22 0.22 0.22 0.22 0.22 0.22 0.22 0.22 0.22 0.00 0.22 0.22 0.00 0.22 0.22 0.22 0.22 3.21 3.26 3.45 17.23 19.01 0.00 3.19 0.22 3.19 3.21 0.00 0.24 0.35 0.35 0.22 0.00 1.00
1.00 0.22 0.22 0.22 0.30 0.00 0.35 0.22 0.22 0.22 0.22 0.00 0.22 0.22 0.22 0.22 0.22 0.24 0.00 0.00 0.22 0.22 0.22 0.22 0.00 0.22 0.00 0.22 0.22 0.00 0.22 0.22 3.19 3.24 3.37 0.00 17.15 3.77 3.34 0.00 3.19 3.17 0.22 0.22 0.00 0.22 0.22 0.22 1.00
1.00 0.22 0.00 0.22 0.22 0.35 0.22 0.22 0.22 0.22 0.22 0.22 0.22 0.22 0.22 0.00 0.22 0.22 0.00 0.00 0.22 0.22 0.22 0.22 0.00 0.22 0.22 0.22 0.22 0.22 0.22 0.35 0.00 3.19 3.26 3.39 3.40 3.34 3.22 3.21 0.00 0.22 0.22 0.22 0.22 0.22 0.00 0.22 1.00
1.00 0.22 0.00 0.22 0.00 0.24 0.45 0.45 0.00 0.22 0.22 0.22 0.22 0.22 0.22 0.22 0.22 0.22 0.22 0.22 0.22 0.22 0.00 0.22 0.00 0.22 0.22 0.22 0.22 0.00 0.22 0.27 0.22 0.35 3.19 3.21 3.21 0.00 3.17 3.17 0.35 0.22 0.00 0.22 0.22 0.22 0.22 0.00 1.00
1.00 0.00 0.22 0.22 0.22 0.22 0.22 0.22 0.22 0.22 0.22 0.22 0.22 0.00 0.22 0.22 0.22 0.22 0.22 0.22 0.00 0.22 0.22 0.22 0.00 0.22 0.22 0.22 0.22 0.22 0.22 0.22 0.22 0.00 0.22 0.22 0.22 0.22 0.22 0.22 0.27 0.35 0.35 0.22 0.00 0.22 0.22 0.22 1.00
1.00 0.22 0.22 0.22 0.00 0.22 0.22 0.22 0.22 0.22 0.22 0.22 0.22 0.22 0.22 0.22 0.00 0.22 0.22 0.22 0.22 0.00 0.22 0.22 0.00 0.22 0.22 0.00 0.22 0.22 0.22 0.00 0.22 0.22 0.22 0.22 0.22 0.22 0.00 0.22 0.22 0.22 0.22 0.22 0.22 0.00 0.22 0.22 1.00
1.00 0.22 0.22 0.22 0.22 0.22 0.22 0.22 0.22 0.22 0.00 0.22 0.22 0.22 0.22 0.22 0.22 0.22 0.22 0.22 0.22 0.22 0.22 0.22 0.00 0.22 0.00 0.22 0.22 0.22 0.22 0.22 0.22 0.00 0.22 0.22 0.00 0.35 0.35 0.35 0.35 0.00 0.35 0.35 0.35 0.35 0.35 0.00 1.00
1.00 1.00 1.00 1.00 1.00 1.00 1.00 1.00 1.00 1.00 1.00 1.00 1.00 1.00 1.00 1.00 1.00 1.00 1.00 1.00 1.00 1.00 1.00 1.00 1.00 1.00 1.00 1.00 1.00 1.00 1.00 1.00 1.00 1.00 1.00 1.00 1.00 1.00 1.00 1.00 1.00 1.00 1.00 1.00 1.00 1.00 1.00 1.00 1.00
